"p_val","avg_log2FC","pct.1","pct.2","p_val_adj","gene","dataset","lineage","sensitivity"
6.36705545915671e-164,-3.47859909059669,0.094,0.665,1.68013859456227e-159,"HLA-DQA2","GSE214411","Myeloid",TRUE
3.20893190339979e-83,-1.87981827954786,0.337,0.718,8.46772950669136e-79,"C1QB","GSE214411","Myeloid",TRUE
1.26831601731026e-81,-2.14682519106205,0.323,0.695,3.34683230647832e-77,"CCL3L3","GSE214411","Myeloid",TRUE
7.06338865069786e-77,-1.66052380381811,0.362,0.731,1.86388699714615e-72,"C1QA","GSE214411","Myeloid",TRUE
1.18801562757745e-71,-1.09195539382261,0.726,0.899,3.13493563805137e-67,"CST3","GSE214411","Myeloid",TRUE
7.05044781808523e-65,-1.40810618684638,0.4,0.718,1.86047217023633e-60,"CCL3","GSE214411","Myeloid",TRUE
1.395021478641e-61,-1.16456565384364,0.536,0.786,3.68118267783787e-57,"MS4A6A","GSE214411","Myeloid",TRUE
2.49321207496987e-58,-0.963629552992149,0.685,0.851,6.5790880234305e-54,"NPC2","GSE214411","Myeloid",TRUE
1.59552070229941e-57,-1.45012487971857,0.533,0.768,4.21026002922768e-53,"JUN","GSE214411","Myeloid",TRUE
2.57369205960192e-54,1.98158151524895,0.739,0.444,6.79145860687753e-50,"G0S2","GSE214411","Myeloid",TRUE
3.64852896836434e-49,1.43991410155996,0.831,0.677,9.62773824171982e-45,"PLAUR","GSE214411","Myeloid",TRUE
5.74460305887544e-49,-1.42912373188397,0.342,0.613,1.51588585517605e-44,"FAM26F","GSE214411","Myeloid",TRUE
8.2542956116455e-49,-1.10789195666747,0.293,0.637,2.17814352600101e-44,"C1QC","GSE214411","Myeloid",TRUE
3.67236280618213e-48,1.00256973631761,0.948,0.93,9.69063097295342e-44,"SRGN","GSE214411","Myeloid",TRUE
4.52141470253734e-47,1.62307112678732,0.507,0.207,1.19311091170555e-42,"S100A8","GSE214411","Myeloid",TRUE
1.11450798424653e-46,-1.68977343348149,0.257,0.535,2.94096366882973e-42,"MS4A4A","GSE214411","Myeloid",TRUE
1.55256492130089e-46,1.44520102249755,0.748,0.565,4.09690831432879e-42,"S100A6","GSE214411","Myeloid",TRUE
1.65393231994407e-44,-1.24673138897247,0.332,0.621,4.36439660586841e-40,"CCL4L2","GSE214411","Myeloid",TRUE
2.13597467103128e-42,-0.712869276394435,0.679,0.861,5.63640996191734e-38,"GPX1","GSE214411","Myeloid",TRUE
1.99599171630266e-40,-0.754100519110877,0.41,0.672,5.26702294097945e-36,"TXNIP","GSE214411","Myeloid",TRUE
3.16921040735961e-40,-1.47570392811537,0.266,0.513,8.36291242294053e-36,"RASSF4","GSE214411","Myeloid",TRUE
7.63480826973977e-39,-0.873867621634453,0.556,0.763,2.01467320621893e-34,"CD81","GSE214411","Myeloid",TRUE
1.15007145523755e-38,-0.397778509323627,0.969,0.989,3.03480855608083e-34,"MT-ATP6","GSE214411","Myeloid",TRUE
3.11009120390421e-37,-1.00019399992824,0.605,0.78,8.20690866886244e-33,"FCGRT","GSE214411","Myeloid",TRUE
9.87714060746103e-37,-0.783235708323744,0.569,0.768,2.60637986349682e-32,"VAMP8","GSE214411","Myeloid",TRUE
1.05859555624911e-36,0.956161789267005,0.998,0.998,2.79342195383015e-32,"FTH1","GSE214411","Myeloid",TRUE
1.74348148957914e-36,-1.80317052433555,0.258,0.514,4.60069895470143e-32,"APOE","GSE214411","Myeloid",TRUE
2.22906228565875e-35,0.878489223588076,0.847,0.881,5.88204955939632e-31,"VIM","GSE214411","Myeloid",TRUE
2.94179620356446e-35,-0.546797270565844,0.825,0.908,7.7628118219659e-31,"TYROBP","GSE214411","Myeloid",TRUE
6.79504229826566e-35,-0.978853369393438,0.473,0.697,1.79307576166634e-30,"HLA-DMB","GSE214411","Myeloid",TRUE
7.76479213489167e-35,-0.792095379533934,0.612,0.809,2.04897334855521e-30,"CTSZ","GSE214411","Myeloid",TRUE
8.54274572586921e-35,-0.609641541884014,0.718,0.896,2.25425974214237e-30,"CD74","GSE214411","Myeloid",TRUE
9.51778673000283e-35,-1.50725018476263,0.181,0.417,2.51155356231315e-30,"FOLR2","GSE214411","Myeloid",TRUE
8.51279159201691e-34,1.01359327626486,0.876,0.784,2.24635544530142e-29,"NAMPT","GSE214411","Myeloid",TRUE
1.20782802897224e-32,-1.81152183404093,0.28,0.492,3.18721660285194e-28,"VAMP5","GSE214411","Myeloid",TRUE
1.70870601804469e-31,-0.861158048779129,0.706,0.834,4.50893344041633e-27,"IER2","GSE214411","Myeloid",TRUE
3.11027146920487e-31,-1.25339410601477,0.355,0.557,8.20738435293782e-27,"AKR1A1","GSE214411","Myeloid",TRUE
7.98670658293054e-31,-0.681940412775384,0.991,0.996,2.10753213310371e-26,"FTL","GSE214411","Myeloid",TRUE
1.01671672626317e-30,-0.937468822604138,0.449,0.65,2.68291209726324e-26,"CCL4","GSE214411","Myeloid",TRUE
2.88888591609225e-30,-0.710280976146092,0.574,0.763,7.62319215538423e-26,"HLA-DMA","GSE214411","Myeloid",TRUE
4.06644721056837e-30,-1.33682209298934,0.382,0.566,1.07305408992478e-25,"TMEM176B","GSE214411","Myeloid",TRUE
5.75465441539812e-30,-0.877328831082389,0.581,0.743,1.51853820713526e-25,"GADD45B","GSE214411","Myeloid",TRUE
1.4150629929414e-29,-2.09404985724393,0.069,0.242,3.73406822577377e-25,"GIMAP7","GSE214411","Myeloid",TRUE
1.83559886639923e-29,0.868443720072913,0.949,0.931,4.84377828865429e-25,"H3F3B","GSE214411","Myeloid",TRUE
2.69325069380365e-29,-1.03424138390932,0.462,0.659,7.10694993080906e-25,"CTSH","GSE214411","Myeloid",TRUE
4.75878385129788e-29,-0.95808014101451,0.447,0.654,1.25574788268048e-24,"MS4A7","GSE214411","Myeloid",TRUE
5.96585660837612e-29,0.604918295150747,0.953,0.952,1.57427024181829e-24,"H3F3A","GSE214411","Myeloid",TRUE
2.89777971194942e-28,-1.05772883033971,0.186,0.404,7.64666110389212e-24,"EGR2","GSE214411","Myeloid",TRUE
1.12094946200657e-27,1.30208727639275,0.615,0.418,2.95796144034293e-23,"CD55","GSE214411","Myeloid",TRUE
1.37107232687271e-27,-0.945965229604578,0.412,0.608,3.61798565615171e-23,"PLEKHO1","GSE214411","Myeloid",TRUE
1.51888844581356e-27,-1.33766244527685,0.343,0.532,4.00804283081283e-23,"ADAP2","GSE214411","Myeloid",TRUE
3.90888877121486e-27,-1.05218022780504,0.306,0.516,1.03147756894818e-22,"IL18","GSE214411","Myeloid",TRUE
4.09468027346845e-27,-1.68412061668143,0.124,0.314,1.08050423056285e-22,"TREM2","GSE214411","Myeloid",TRUE
9.06521192998838e-27,-1.60473033494541,0.235,0.445,2.39212812408533e-22,"APOC1","GSE214411","Myeloid",TRUE
9.96474146818236e-27,-1.19595361571459,0.282,0.489,2.62949597862396e-22,"PLD3","GSE214411","Myeloid",TRUE
1.09099603430097e-26,-1.1317800068329,0.258,0.47,2.87892033531341e-22,"FCGR3A","GSE214411","Myeloid",TRUE
1.12674923366172e-26,-0.68769832300389,0.608,0.756,2.97326587778654e-22,"GRN","GSE214411","Myeloid",TRUE
1.4853410984927e-26,-0.470732486310733,0.643,0.854,3.91951809070254e-22,"HLA-DPB1","GSE214411","Myeloid",TRUE
2.80034872337251e-26,-1.04642010689411,0.362,0.548,7.38956021123538e-22,"RAB32","GSE214411","Myeloid",TRUE
3.19327915124844e-26,-0.881278938296125,0.552,0.703,8.42642502431437e-22,"CTSC","GSE214411","Myeloid",TRUE
6.14877317597983e-26,-1.59837479697322,0.231,0.422,1.62253826567756e-21,"VSIG4","GSE214411","Myeloid",TRUE
6.36362379211687e-26,0.950541416387794,0.625,0.471,1.6792330462638e-21,"S100A9","GSE214411","Myeloid",TRUE
1.23962455297027e-25,-0.582397030711337,0.682,0.838,3.27112127037794e-21,"PPIA","GSE214411","Myeloid",TRUE
1.68300678113169e-25,-1.05458276756173,0.271,0.468,4.44111829405031e-21,"GIMAP4","GSE214411","Myeloid",TRUE
4.80455377831597e-25,-0.471546047878575,0.794,0.933,1.26782565102202e-20,"RPL12","GSE214411","Myeloid",TRUE
4.86408790392897e-25,-0.469582542964946,0.71,0.897,1.28353551608878e-20,"HLA-DRA","GSE214411","Myeloid",TRUE
5.94078763616344e-25,1.92400409453657,0.321,0.133,1.56765504143081e-20,"SLC7A5","GSE214411","Myeloid",TRUE
8.25333976514918e-25,-1.00665877894955,0.415,0.593,2.17789129722756e-20,"CSF1R","GSE214411","Myeloid",TRUE
1.25950633347398e-24,1.1299414210391,0.857,0.775,3.32358531277114e-20,"SOD2","GSE214411","Myeloid",TRUE
2.81768985910588e-24,2.06297591555929,0.234,0.072,7.4353200002086e-20,"LILRA5","GSE214411","Myeloid",TRUE
3.20553423321791e-24,-1.13017702469557,0.235,0.419,8.45876373461541e-20,"RARRES3","GSE214411","Myeloid",TRUE
4.03335693850996e-24,1.61567469427631,0.292,0.109,1.06432222893401e-19,"AQP9","GSE214411","Myeloid",TRUE
4.19799719631336e-24,-1.39111421876474,0.199,0.387,1.10776750016317e-19,"GPR34","GSE214411","Myeloid",TRUE
4.53319326485587e-24,2.46723159349287,0.167,0.03,1.19621903873017e-19,"APOBEC3A","GSE214411","Myeloid",TRUE
5.52525082680461e-24,-0.224617408893661,0.848,0.924,1.4580031881772e-19,"FOS","GSE214411","Myeloid",TRUE
9.33937893874669e-24,1.4909324110065,0.228,0.066,2.46447531435648e-19,"S100A12","GSE214411","Myeloid",TRUE
1.06382788053319e-23,-1.32097049254277,0.241,0.441,2.80722901115099e-19,"DAB2","GSE214411","Myeloid",TRUE
1.35593480933017e-23,0.413933249488249,0.988,0.984,3.57804077486045e-19,"ACTB","GSE214411","Myeloid",TRUE
1.75144815819296e-23,-0.670813024581947,0.535,0.706,4.62172139983959e-19,"AP2S1","GSE214411","Myeloid",TRUE
3.40077417819505e-23,-0.979729592161371,0.158,0.345,8.97396290142111e-19,"SLCO2B1","GSE214411","Myeloid",TRUE
5.88478260561976e-23,-0.695606911217756,0.693,0.828,1.55287643397094e-18,"CD63","GSE214411","Myeloid",TRUE
1.17788093271492e-22,-0.619465053069508,0.718,0.846,3.10819220524814e-18,"FCER1G","GSE214411","Myeloid",TRUE
1.32442920336587e-22,-0.863927782340633,0.394,0.566,3.49490378184185e-18,"SNX6","GSE214411","Myeloid",TRUE
2.79211824635542e-22,-1.07720637324655,0.422,0.579,7.36784162848267e-18,"BLVRB","GSE214411","Myeloid",TRUE
3.80788216737974e-22,-1.18501492247868,0.197,0.375,1.00482394632817e-17,"MSR1","GSE214411","Myeloid",TRUE
4.88788133077975e-22,-0.807777911418722,0.365,0.572,1.28981412556616e-17,"RGS1","GSE214411","Myeloid",TRUE
5.14150746959283e-22,-1.74357931207059,0.07,0.21,1.35674099107616e-17,"SERPING1","GSE214411","Myeloid",TRUE
7.6837333722407e-22,0.341797795855329,0.92,0.947,2.02758356226688e-17,"EIF1","GSE214411","Myeloid",TRUE
1.32731860316964e-21,-0.689566069198705,0.518,0.686,3.50252833004405e-17,"CYBB","GSE214411","Myeloid",TRUE
1.70335553449504e-21,-0.760137169136936,0.527,0.686,4.4948145844255e-17,"CD68","GSE214411","Myeloid",TRUE
3.1046213657945e-21,-0.795088751561705,0.606,0.742,8.19247486005852e-17,"DNAJB1","GSE214411","Myeloid",TRUE
3.63493317728468e-21,-0.633729396244188,0.603,0.757,9.59186166821882e-17,"GPX4","GSE214411","Myeloid",TRUE
4.13077569318403e-21,-0.506435129959877,0.684,0.839,1.0900290899174e-16,"COX4I1","GSE214411","Myeloid",TRUE
6.08805076034396e-21,-0.888238832962025,0.512,0.681,1.60651483463956e-16,"CTSD","GSE214411","Myeloid",TRUE
6.18871660624802e-21,0.793640002669251,0.798,0.762,1.63307853805673e-16,"BTG1","GSE214411","Myeloid",TRUE
7.15967122437866e-21,1.23989349888306,0.604,0.436,1.88929404268904e-16,"MXD1","GSE214411","Myeloid",TRUE
7.62666846907474e-21,-0.330961668261668,0.993,0.997,2.01252527561944e-16,"B2M","GSE214411","Myeloid",TRUE
9.68879440979965e-21,-0.300716045208316,0.943,0.989,2.55667906885793e-16,"MT-CYB","GSE214411","Myeloid",TRUE
1.21528998195464e-20,-0.467581306739429,0.811,0.947,3.20690720438191e-16,"RPS8","GSE214411","Myeloid",TRUE
1.52748720616189e-20,0.257221078338116,0.986,0.992,4.03073323962001e-16,"TPT1","GSE214411","Myeloid",TRUE
1.66912996107887e-20,-0.683205138391652,0.518,0.689,4.40450014129493e-16,"CD14","GSE214411","Myeloid",TRUE
2.38683035686229e-20,1.61973696692243,0.43,0.249,6.29836794568821e-16,"EHD1","GSE214411","Myeloid",TRUE
2.53119786115228e-20,-0.545981588201987,0.441,0.624,6.67932491600863e-16,"ZFP36L2","GSE214411","Myeloid",TRUE
3.65954316860698e-20,-0.693929486381494,0.512,0.663,9.65680251332009e-16,"BST2","GSE214411","Myeloid",TRUE
6.08644658878705e-20,-0.844242149150343,0.201,0.381,1.60609152584913e-15,"MAF","GSE214411","Myeloid",TRUE
9.00602390480556e-20,-1.72951113901324,0.161,0.312,2.37650958800009e-15,"TCOF1","GSE214411","Myeloid",TRUE
9.5828096525276e-20,1.15128258427345,0.42,0.242,2.52871181110898e-15,"SLC25A37","GSE214411","Myeloid",TRUE
1.57723156526592e-19,-1.11355953020278,0.274,0.434,4.1619986544237e-15,"ITPR2","GSE214411","Myeloid",TRUE
1.62161808797983e-19,-0.668764480719376,0.52,0.667,4.27912581056117e-15,"ATP5D","GSE214411","Myeloid",TRUE
1.67095870828101e-19,-0.575407863840402,0.641,0.79,4.40932583941193e-15,"ATP5G2","GSE214411","Myeloid",TRUE
2.08598623387787e-19,-0.642615708903772,0.509,0.682,5.50450047395692e-15,"RGS10","GSE214411","Myeloid",TRUE
2.19019825652506e-19,-0.654085643150414,0.5,0.65,5.77949515931832e-15,"ERP29","GSE214411","Myeloid",TRUE
2.75807392015632e-19,-1.4910623787373,0.1,0.242,7.27800546050849e-15,"GIMAP1","GSE214411","Myeloid",TRUE
4.09116965030108e-19,-0.86776387963719,0.206,0.373,1.07957784732145e-14,"LGALS3BP","GSE214411","Myeloid",TRUE
4.69796910569878e-19,-1.12606738249015,0.252,0.417,1.23970008761179e-14,"NAIP","GSE214411","Myeloid",TRUE
5.49353384446834e-19,1.3305296433122,0.457,0.296,1.44963371087831e-14,"VEGFA","GSE214411","Myeloid",TRUE
7.14145034610001e-19,-0.36336145935131,0.846,0.957,1.88448591732887e-14,"RPS2","GSE214411","Myeloid",TRUE
7.69322026140499e-19,-0.720625254533825,0.244,0.433,2.03008696257955e-14,"A2M","GSE214411","Myeloid",TRUE
8.95941189037052e-19,1.02304705415887,0.792,0.724,2.36420960963097e-14,"LITAF","GSE214411","Myeloid",TRUE
1.13184207114858e-18,-1.05675507052378,0.297,0.459,2.98670485734688e-14,"MARCH1","GSE214411","Myeloid",TRUE
2.27460666055557e-18,-0.860475297193974,0.356,0.506,6.00223205587405e-14,"ALKBH7","GSE214411","Myeloid",TRUE
5.47638810481782e-18,-1.25410654471025,0.276,0.429,1.44510929309933e-13,"STAB1","GSE214411","Myeloid",TRUE
6.68871906945877e-18,-0.835945933931878,0.324,0.482,1.76501918804878e-13,"HEXA","GSE214411","Myeloid",TRUE
7.46916955269825e-18,-0.524595625755484,0.456,0.632,1.97096446156601e-13,"SGK1","GSE214411","Myeloid",TRUE
7.55331976425001e-18,1.23932365496673,0.431,0.271,1.99317001939029e-13,"FLNA","GSE214411","Myeloid",TRUE
7.97848217145951e-18,1.12345500505864,0.661,0.611,2.10536187540474e-13,"S100A4","GSE214411","Myeloid",TRUE
8.94853457743551e-18,-1.53058626277751,0.106,0.244,2.36133930429368e-13,"SIGLEC1","GSE214411","Myeloid",TRUE
1.05274146465778e-17,-1.37907521355614,0.19,0.339,2.77797417693896e-13,"TSPAN4","GSE214411","Myeloid",TRUE
1.21770879099861e-17,-0.350344422820993,0.465,0.624,3.21328995768714e-13,"IFI16","GSE214411","Myeloid",TRUE
1.3503099966306e-17,-1.74361689359327,0.095,0.228,3.56319801910882e-13,"C2","GSE214411","Myeloid",TRUE
1.53848262673208e-17,1.21686637212478,0.464,0.302,4.05974795542061e-13,"DDIT4","GSE214411","Myeloid",TRUE
1.93972332363212e-17,1.55898862043536,0.56,0.431,5.11854190640044e-13,"PPIF","GSE214411","Myeloid",TRUE
2.33910561412814e-17,-0.678047798633547,0.413,0.553,6.17243189456134e-13,"CHCHD10","GSE214411","Myeloid",TRUE
2.58171618293948e-17,-0.752260586687827,0.374,0.538,6.81263266354071e-13,"YWHAH","GSE214411","Myeloid",TRUE
3.45161690275542e-17,1.14171382091537,0.397,0.233,9.10812668299101e-13,"MARCKSL1","GSE214411","Myeloid",TRUE
3.47564653499939e-17,-0.928876257472309,0.316,0.465,9.17153607655639e-13,"LAIR1","GSE214411","Myeloid",TRUE
3.52686321726938e-17,-0.994231797096073,0.285,0.433,9.30668665773045e-13,"PTGER4","GSE214411","Myeloid",TRUE
3.93537735959774e-17,-1.24325550792926,0.173,0.318,1.03846737765065e-12,"ARL2","GSE214411","Myeloid",TRUE
3.9813633978763e-17,-0.482151823511224,0.628,0.792,1.0506021734316e-12,"SLC25A6","GSE214411","Myeloid",TRUE
4.41858941405836e-17,-0.651869407955699,0.414,0.569,1.16597737458172e-12,"KCTD12","GSE214411","Myeloid",TRUE
5.2113027744648e-17,-1.83670967041904,0.069,0.188,1.37515857612577e-12,"PLA2G15","GSE214411","Myeloid",TRUE
6.47134901648499e-17,-0.809814589500624,0.616,0.751,1.70765957847006e-12,"RPS26","GSE214411","Myeloid",TRUE
8.37175230272942e-17,-1.48041445453876,0.191,0.329,2.20913799764424e-12,"CXorf21","GSE214411","Myeloid",TRUE
8.37675200959792e-17,-0.927962587832409,0.352,0.495,2.2104573202927e-12,"CTSA","GSE214411","Myeloid",TRUE
8.43063403493249e-17,1.81840383862433,0.168,0.052,2.22467570913799e-12,"RETN","GSE214411","Myeloid",TRUE
8.66380987910371e-17,-0.736106348009144,0.563,0.683,2.28620615089789e-12,"PRDX1","GSE214411","Myeloid",TRUE
9.55033792126149e-17,-0.935463909957396,0.379,0.529,2.52014317066248e-12,"RASGEF1B","GSE214411","Myeloid",TRUE
1.03020967316761e-16,1.6237796284391,0.199,0.073,2.71851728555468e-12,"FCGR3B","GSE214411","Myeloid",TRUE
1.11692184433112e-16,1.42166350117867,0.306,0.156,2.94733336282096e-12,"FGR","GSE214411","Myeloid",TRUE
1.22254474349815e-16,-0.908796902290011,0.357,0.506,3.22605106914291e-12,"MAFB","GSE214411","Myeloid",TRUE
1.29806518487148e-16,1.17502867709157,0.514,0.365,3.42533440983887e-12,"MYADM","GSE214411","Myeloid",TRUE
1.31006959034602e-16,1.56437005699719,0.239,0.1,3.45701163500508e-12,"ADAM8","GSE214411","Myeloid",TRUE
1.92889642768724e-16,-0.739444238243173,0.412,0.569,5.08997189338109e-12,"OTUD1","GSE214411","Myeloid",TRUE
1.9767562407066e-16,-0.494458356520047,0.489,0.639,5.21626436797658e-12,"NDUFB11","GSE214411","Myeloid",TRUE
2.04440955553888e-16,-0.535495570534373,0.868,0.936,5.39478793515599e-12,"HSP90AA1","GSE214411","Myeloid",TRUE
2.16847631848616e-16,-0.753575915917266,0.369,0.508,5.72217530922127e-12,"C19orf60","GSE214411","Myeloid",TRUE
2.24317503440851e-16,0.883643148519679,0.747,0.699,5.91929028079718e-12,"CEBPB","GSE214411","Myeloid",TRUE
2.346636603163e-16,-0.966190493995935,0.21,0.373,6.19230466842654e-12,"SLC40A1","GSE214411","Myeloid",TRUE
2.43865122751385e-16,-0.964980878083089,0.232,0.383,6.43511285916354e-12,"AKR1B1","GSE214411","Myeloid",TRUE
2.47720221671806e-16,-0.855023617132365,0.332,0.484,6.53684120947563e-12,"LY6E","GSE214411","Myeloid",TRUE
2.56413236770841e-16,1.79079224670531,0.197,0.073,6.76623249190895e-12,"CD300E","GSE214411","Myeloid",TRUE
3.09735745026063e-16,-0.595763024635373,0.584,0.715,8.17330683974775e-12,"HMGN2","GSE214411","Myeloid",TRUE
3.32907551474845e-16,-0.583488139713873,0.499,0.631,8.7847644683182e-12,"ARL6IP5","GSE214411","Myeloid",TRUE
3.33101613871283e-16,-0.465923405792079,0.607,0.749,8.78988538683542e-12,"EIF3K","GSE214411","Myeloid",TRUE
3.3814037555221e-16,-0.528538892831758,0.682,0.814,8.92284823007172e-12,"PSAP","GSE214411","Myeloid",TRUE
3.44164343618095e-16,-0.525268650902912,0.54,0.698,9.08180869939429e-12,"PYCARD","GSE214411","Myeloid",TRUE
3.56334391368908e-16,-0.631263643659297,0.357,0.5,9.40295191944273e-12,"C9orf16","GSE214411","Myeloid",TRUE
3.85449876063346e-16,-0.649536227460878,0.254,0.424,1.01712513295596e-11,"MRC1","GSE214411","Myeloid",TRUE
3.92871220967839e-16,-0.650979583529283,0.475,0.61,1.03670857788993e-11,"WDR83OS","GSE214411","Myeloid",TRUE
4.03838118360728e-16,-0.795636978130857,0.182,0.339,1.06564802673029e-11,"NRP1","GSE214411","Myeloid",TRUE
4.91932532247504e-16,-0.86383328194982,0.237,0.396,1.29811156609471e-11,"C3AR1","GSE214411","Myeloid",TRUE
4.94453702786994e-16,1.42694233260875,0.441,0.281,1.30476443091432e-11,"MAP2K3","GSE214411","Myeloid",TRUE
5.17687395404629e-16,0.653832672222981,0.722,0.731,1.36607349899374e-11,"COTL1","GSE214411","Myeloid",TRUE
5.34983363096626e-16,-2.24152958321659,0.024,0.112,1.41171409853938e-11,"AC004556.1","GSE214411","Myeloid",TRUE
7.8109890471917e-16,-1.63476147800063,0.064,0.176,2.06116378977295e-11,"BLNK","GSE214411","Myeloid",TRUE
8.04345066916721e-16,-0.242535441508158,0.954,0.986,2.12250576257984e-11,"MT-CO2","GSE214411","Myeloid",TRUE
8.33342855210492e-16,-1.17558321910198,0.16,0.3,2.19902512632945e-11,"GNPDA1","GSE214411","Myeloid",TRUE
8.51824220103837e-16,-0.68341466140643,0.397,0.531,2.24779375201001e-11,"RNASE6","GSE214411","Myeloid",TRUE
9.32075202243969e-16,-0.776132370763921,0.398,0.526,2.45956004368138e-11,"DPP7","GSE214411","Myeloid",TRUE
1.15459429124526e-15,-1.16747953995563,0.098,0.226,3.046743415738e-11,"PLTP","GSE214411","Myeloid",TRUE
1.16872568769264e-15,1.22338705303634,0.181,0.062,3.08403334468333e-11,"SNAI1","GSE214411","Myeloid",TRUE
1.31688977263711e-15,-0.812063480749461,0.456,0.589,3.47500873203481e-11,"TRA2B","GSE214411","Myeloid",TRUE
1.43348982124666e-15,-0.511634295434546,0.169,0.311,3.78269294030569e-11,"SAMD9L","GSE214411","Myeloid",TRUE
2.34814099306689e-15,-1.1455674545358,0.157,0.287,6.1962744525049e-11,"GALM","GSE214411","Myeloid",TRUE
2.44697588151012e-15,-0.425546178142001,0.599,0.757,6.45707995612891e-11,"ITGB2","GSE214411","Myeloid",TRUE
2.71016855803132e-15,-0.980473398851257,0.322,0.467,7.15159279093304e-11,"NDUFS8","GSE214411","Myeloid",TRUE
2.88048564037402e-15,-1.00898106707465,0.217,0.36,7.60102550781897e-11,"HNRNPU-AS1","GSE214411","Myeloid",TRUE
2.97939304460627e-15,-0.93228564130013,0.238,0.39,7.86202236610702e-11,"STMN1","GSE214411","Myeloid",TRUE
3.02628735213792e-15,-0.84343052200472,0.089,0.209,7.98576706482154e-11,"GPR155","GSE214411","Myeloid",TRUE
3.04149511366574e-15,-0.926507495918451,0.253,0.393,8.02589730594115e-11,"NENF","GSE214411","Myeloid",TRUE
3.59489540351642e-15,-1.12106822615478,0.263,0.398,9.48620999079913e-11,"TMEM176A","GSE214411","Myeloid",TRUE
3.61715953020575e-15,-0.386680873237825,0.449,0.586,9.54496056830692e-11,"VPS28","GSE214411","Myeloid",TRUE
4.64579453658788e-15,-0.663681345857621,0.447,0.586,1.22593226231481e-10,"NUCKS1","GSE214411","Myeloid",TRUE
4.99937057754267e-15,-0.671118418287293,0.406,0.549,1.31923390800196e-10,"GSTK1","GSE214411","Myeloid",TRUE
5.01863459625161e-15,-1.10687507621925,0.205,0.345,1.32431729725887e-10,"LPAR6","GSE214411","Myeloid",TRUE
5.77415380705183e-15,-0.819971686274603,0.314,0.456,1.52368370660484e-10,"DRAM2","GSE214411","Myeloid",TRUE
6.07308539940715e-15,-1.03532179607231,0.254,0.401,1.60256577519556e-10,"PRDM1","GSE214411","Myeloid",TRUE
6.50180982365386e-15,-0.223610447779617,0.667,0.86,1.71569757626578e-10,"HLA-DPA1","GSE214411","Myeloid",TRUE
7.28721848762495e-15,-1.53423569981678,0.087,0.199,1.92295121451447e-10,"SLAMF8","GSE214411","Myeloid",TRUE
7.87805616068816e-15,-0.422507037889957,0.595,0.736,2.07886145968239e-10,"CTSB","GSE214411","Myeloid",TRUE
9.45954141185211e-15,-1.65289644054296,0.066,0.174,2.49618378775953e-10,"IL2RA","GSE214411","Myeloid",TRUE
1.00226643724025e-14,-1.36522824682215,0.084,0.197,2.64478067458958e-10,"GLMP","GSE214411","Myeloid",TRUE
1.02323341331617e-14,-0.830208140619156,0.414,0.553,2.70010833105872e-10,"MEF2C","GSE214411","Myeloid",TRUE
1.02885357318585e-14,-0.583929187822102,0.355,0.486,2.71493880892282e-10,"FIS1","GSE214411","Myeloid",TRUE
1.10092784842198e-14,0.809913721618112,0.717,0.658,2.90512840641591e-10,"LCP1","GSE214411","Myeloid",TRUE
1.23317373047214e-14,1.50815517137484,0.333,0.184,3.25409883996987e-10,"ZC3H12A","GSE214411","Myeloid",TRUE
1.27818747598107e-14,-0.679875157498609,0.35,0.492,3.37288111161885e-10,"ARHGAP18","GSE214411","Myeloid",TRUE
1.43056493941254e-14,-0.434133483250141,0.453,0.59,3.77497476212182e-10,"TIMP2","GSE214411","Myeloid",TRUE
1.43785815088276e-14,-0.886724799753829,0.185,0.334,3.79422008854942e-10,"SEPP1","GSE214411","Myeloid",TRUE
1.46216328374481e-14,-1.08398488677781,0.199,0.334,3.85835647314582e-10,"FUOM","GSE214411","Myeloid",TRUE
2.19208853875701e-14,-1.55747748533948,0.058,0.161,5.78448323607199e-10,"OLFML3","GSE214411","Myeloid",TRUE
2.19251266244236e-14,-0.950651655199941,0.056,0.158,5.7856024136529e-10,"CCDC170","GSE214411","Myeloid",TRUE
2.31218805672903e-14,1.02078362269137,0.581,0.468,6.10140184409656e-10,"VASP","GSE214411","Myeloid",TRUE
2.59189309648568e-14,-0.470916271532061,0.488,0.62,6.83948750300642e-10,"ARL6IP4","GSE214411","Myeloid",TRUE
3.14957760421164e-14,0.935529511268028,0.299,0.16,8.31110538199367e-10,"CFP","GSE214411","Myeloid",TRUE
3.35444301554798e-14,1.89364051130615,0.275,0.151,8.85170422942802e-10,"VCAN","GSE214411","Myeloid",TRUE
4.14773772862793e-14,-0.421255408045084,0.602,0.739,1.09450503183034e-09,"SSR4","GSE214411","Myeloid",TRUE
4.2048349716248e-14,-0.855301264437263,0.362,0.498,1.10957185231235e-09,"CREG1","GSE214411","Myeloid",TRUE
4.36316977533953e-14,1.26395007443554,0.699,0.605,1.15135324031659e-09,"IFITM2","GSE214411","Myeloid",TRUE
4.83449489553188e-14,-0.482873197638038,0.625,0.782,1.27572651303295e-09,"TUBA1B","GSE214411","Myeloid",TRUE
5.76102332976644e-14,1.08108549640396,0.615,0.567,1.52021883625877e-09,"S100A10","GSE214411","Myeloid",TRUE
5.9032057715842e-14,-0.814395481153482,0.334,0.457,1.55773793900564e-09,"ARL5A","GSE214411","Myeloid",TRUE
5.97176452172984e-14,-0.47823250689416,0.51,0.633,1.57582922199407e-09,"MTDH","GSE214411","Myeloid",TRUE
6.34747117299783e-14,-0.399743039652074,0.72,0.862,1.67497069313067e-09,"RPSA","GSE214411","Myeloid",TRUE
8.42718870037772e-14,-0.391525153446014,0.758,0.904,2.22376655425567e-09,"RPL7","GSE214411","Myeloid",TRUE
9.45329484653834e-14,-1.32186275039284,0.173,0.299,2.49453544410454e-09,"ADAM28","GSE214411","Myeloid",TRUE
1.02565038073226e-13,1.91888063937863,0.162,0.058,2.7064862246763e-09,"CMTM2","GSE214411","Myeloid",TRUE
1.25630894539587e-13,-0.732054046016936,0.115,0.236,3.31514804511062e-09,"ZNF217","GSE214411","Myeloid",TRUE
1.29050276394517e-13,-0.921476787188181,0.29,0.422,3.40537869349851e-09,"CHD9","GSE214411","Myeloid",TRUE
1.33336930965704e-13,-0.689170911282494,0.213,0.355,3.51849493432299e-09,"TCF4","GSE214411","Myeloid",TRUE
1.51287626164888e-13,-1.30317989267136,0.051,0.146,3.99217787923905e-09,"TMEM37","GSE214411","Myeloid",TRUE
1.61800235938418e-13,-0.658489177028817,0.403,0.55,4.26958462594296e-09,"HSPB1","GSE214411","Myeloid",TRUE
1.66447274584976e-13,1.01340241007766,0.585,0.513,4.39221068174835e-09,"C5AR1","GSE214411","Myeloid",TRUE
1.76804888435352e-13,-0.713827914332042,0.374,0.493,4.66552739603207e-09,"NDUFB7","GSE214411","Myeloid",TRUE
1.77204392704881e-13,-0.381535002350764,0.475,0.597,4.67606951469639e-09,"CIRBP","GSE214411","Myeloid",TRUE
1.8631536421591e-13,0.878186961121027,0.251,0.122,4.91648983092943e-09,"LRG1","GSE214411","Myeloid",TRUE
1.87247646310334e-13,-1.63370491499187,0.096,0.204,4.94109089083708e-09,"ACP2","GSE214411","Myeloid",TRUE
2.25951903741037e-13,-0.973605745060501,0.198,0.323,5.96241883591848e-09,"DNPH1","GSE214411","Myeloid",TRUE
2.29578360482626e-13,-0.844378443006668,0.296,0.422,6.05811377641554e-09,"MGST2","GSE214411","Myeloid",TRUE
2.71270469943756e-13,-1.14131347168815,0.18,0.303,7.15828516087583e-09,"FUCA1","GSE214411","Myeloid",TRUE
2.91404282144797e-13,1.44201061606667,0.148,0.05,7.68957619723692e-09,"MCEMP1","GSE214411","Myeloid",TRUE
3.09444590673354e-13,-0.553177760129826,0.421,0.555,8.16562385868845e-09,"TUBB","GSE214411","Myeloid",TRUE
3.13029074595782e-13,0.779863272130249,0.682,0.62,8.2602112204335e-09,"KDM6B","GSE214411","Myeloid",TRUE
3.18337520013386e-13,-0.608570286130716,0.45,0.566,8.40029047811324e-09,"TPP1","GSE214411","Myeloid",TRUE
3.26165953017841e-13,1.23628882920494,0.453,0.306,8.60686716823478e-09,"JOSD1","GSE214411","Myeloid",TRUE
3.77642184687958e-13,-1.25171579145012,0.109,0.221,9.96522196954585e-09,"NHLRC3","GSE214411","Myeloid",TRUE
3.88864248720629e-13,1.187582543453,0.301,0.169,1.026134979524e-08,"EREG","GSE214411","Myeloid",TRUE
4.10343712743074e-13,-0.452257324808592,0.42,0.557,1.08281498918642e-08,"PEBP1","GSE214411","Myeloid",TRUE
4.71681783719867e-13,1.9626760585501,0.214,0.1,1.24467389087999e-08,"THBS1","GSE214411","Myeloid",TRUE
4.77923873858226e-13,-0.617438963856265,0.314,0.436,1.26114551833709e-08,"LRPAP1","GSE214411","Myeloid",TRUE
5.78287564669236e-13,0.380452262586604,0.786,0.88,1.52598522564918e-08,"RPL23A","GSE214411","Myeloid",TRUE
5.91958684766518e-13,-0.842765405843628,0.224,0.35,1.56206057736189e-08,"MIS18BP1","GSE214411","Myeloid",TRUE
6.06837107681329e-13,-0.755403834794269,0.303,0.427,1.60132175974949e-08,"UNC93B1","GSE214411","Myeloid",TRUE
6.64589086061557e-13,-0.356953740474971,0.735,0.881,1.75371768029924e-08,"RPS5","GSE214411","Myeloid",TRUE
6.76800637600734e-13,-0.363127600344556,0.493,0.621,1.78594152250082e-08,"PGLS","GSE214411","Myeloid",TRUE
7.83269035722981e-13,-1.73382202532933,0.04,0.123,2.0668903314658e-08,"SLC46A1","GSE214411","Myeloid",TRUE
7.86036256689497e-13,1.52575944995026,0.296,0.168,2.07419247415225e-08,"THBD","GSE214411","Myeloid",TRUE
7.98590378530872e-13,-0.530036777458195,0.39,0.51,2.10732029086727e-08,"LAMTOR2","GSE214411","Myeloid",TRUE
8.0913214663082e-13,-1.62272366358599,0.071,0.168,2.13513790852941e-08,"CMKLR1","GSE214411","Myeloid",TRUE
8.25874741148131e-13,1.98798421065878,0.133,0.042,2.17931826694169e-08,"PROK2","GSE214411","Myeloid",TRUE
8.71134110510561e-13,-0.579778008228808,0.455,0.588,2.29874869081527e-08,"LAMTOR1","GSE214411","Myeloid",TRUE
1.21904099776952e-12,-1.11322129538375,0.209,0.337,3.21680538491421e-08,"GYPC","GSE214411","Myeloid",TRUE
1.44297604487172e-12,-0.296823388650951,0.77,0.896,3.8077251872075e-08,"AIF1","GSE214411","Myeloid",TRUE
1.59205818652619e-12,-0.727874993418925,0.127,0.24,4.20112314260531e-08,"NUDT16","GSE214411","Myeloid",TRUE
1.76906287912878e-12,-0.905806657038555,0.376,0.476,4.66820312544501e-08,"NDUFS7","GSE214411","Myeloid",TRUE
1.80573592851191e-12,0.970533227610206,0.368,0.23,4.76497596815724e-08,"ETV3","GSE214411","Myeloid",TRUE
1.99064353029574e-12,-0.774109554348514,0.285,0.401,5.25291014774441e-08,"TMEM147","GSE214411","Myeloid",TRUE
2.04581998970202e-12,-0.443569596555715,0.412,0.539,5.39850978882569e-08,"CD4","GSE214411","Myeloid",TRUE
2.08895345686375e-12,-1.05854933602915,0.122,0.234,5.51233038197207e-08,"PRKACB","GSE214411","Myeloid",TRUE
2.14507995887208e-12,1.99787149369567,0.172,0.07,5.66043699547163e-08,"HK2","GSE214411","Myeloid",TRUE
2.16090204927988e-12,-1.47574982557101,0.101,0.204,5.70218832763975e-08,"DNASE2","GSE214411","Myeloid",TRUE
2.20386659043935e-12,-1.18952471844068,0.156,0.267,5.81556315885136e-08,"SDSL","GSE214411","Myeloid",TRUE
2.20811096717422e-12,-0.645545789089554,0.235,0.358,5.82676322017933e-08,"DUSP23","GSE214411","Myeloid",TRUE
2.30761648842138e-12,3.27337876017022,0.091,0.019,6.08933838964634e-08,"S100P","GSE214411","Myeloid",TRUE
2.46034695213628e-12,0.56732813650773,0.788,0.781,6.49236353729722e-08,"MCL1","GSE214411","Myeloid",TRUE
2.73112736882342e-12,-1.56178125445432,0.09,0.191,7.20689890085123e-08,"QPRT","GSE214411","Myeloid",TRUE
2.89063169567014e-12,-0.588044641564159,0.246,0.375,7.62779891853436e-08,"STAT1","GSE214411","Myeloid",TRUE
3.14382066957633e-12,0.644744728343361,0.359,0.222,8.29591398287801e-08,"RGCC","GSE214411","Myeloid",TRUE
3.18759670349568e-12,-0.908443260110482,0.277,0.39,8.41143018118439e-08,"TMEM160","GSE214411","Myeloid",TRUE
3.22153662077596e-12,-0.475200814559172,0.479,0.581,8.5009908349036e-08,"BLOC1S1","GSE214411","Myeloid",TRUE
3.30555339000944e-12,-2.56416946921785,0.006,0.059,8.72269428555691e-08,"ZKSCAN4","GSE214411","Myeloid",TRUE
3.36579198797349e-12,-0.916368790882221,0.321,0.43,8.88165189786445e-08,"KDELR1","GSE214411","Myeloid",TRUE
3.59364321434059e-12,-0.834659924279739,0.235,0.352,9.48290571400195e-08,"PRMT2","GSE214411","Myeloid",TRUE
3.93631345382774e-12,0.284336425561042,0.908,0.946,1.03871439419607e-07,"MT-ND1","GSE214411","Myeloid",TRUE
4.30592353667979e-12,1.55964841531598,0.232,0.118,1.13624710285906e-07,"CTB-61M7.2","GSE214411","Myeloid",TRUE
4.45664862099122e-12,-0.560081984804409,0.554,0.662,1.17602043810716e-07,"ATF3","GSE214411","Myeloid",TRUE
4.62867404669496e-12,0.814811487167871,0.623,0.565,1.22141450744186e-07,"LDHA","GSE214411","Myeloid",TRUE
4.82322553352345e-12,-1.22144553065891,0.179,0.289,1.27275275378617e-07,"NDUFV3","GSE214411","Myeloid",TRUE
5.34497466606785e-12,1.83251711120995,0.328,0.198,1.41043191488198e-07,"CYSTM1","GSE214411","Myeloid",TRUE
5.76924951907007e-12,-0.717449438940782,0.147,0.261,1.52238956309221e-07,"SUSD3","GSE214411","Myeloid",TRUE
5.82866323529484e-12,-0.912850086274267,0.211,0.328,1.5380676545296e-07,"FAM96A","GSE214411","Myeloid",TRUE
5.96375142188608e-12,-1.37971372754121,0.146,0.258,1.5737147252073e-07,"LINC00998","GSE214411","Myeloid",TRUE
6.40648811837913e-12,1.03173629151522,0.261,0.137,1.69054408467789e-07,"PDE4A","GSE214411","Myeloid",TRUE
6.45851607763428e-12,-0.487205113235088,0.456,0.569,1.70427322256613e-07,"CNPY3","GSE214411","Myeloid",TRUE
6.88299572127278e-12,-0.409487344848391,0.518,0.645,1.81628491092946e-07,"COPE","GSE214411","Myeloid",TRUE
6.95410984463035e-12,-0.579859574134467,0.281,0.414,1.83505050580106e-07,"CD84","GSE214411","Myeloid",TRUE
6.96738943903483e-12,-0.755369500012047,0.247,0.372,1.83855472517251e-07,"PCM1","GSE214411","Myeloid",TRUE
7.57493398476175e-12,-0.309993885729392,0.831,0.951,1.99887357989893e-07,"RPS14","GSE214411","Myeloid",TRUE
7.75626916706574e-12,-0.270454453723649,0.885,0.961,2.04672430780531e-07,"RPL28","GSE214411","Myeloid",TRUE
7.93265129425627e-12,0.6874357610064,0.665,0.594,2.09326802352834e-07,"TAGLN2","GSE214411","Myeloid",TRUE
8.15675383544286e-12,-0.365994430977685,0.765,0.878,2.15240420209666e-07,"CFL1","GSE214411","Myeloid",TRUE
8.4879501956826e-12,0.831997516627588,0.585,0.483,2.23980029763672e-07,"FOSL2","GSE214411","Myeloid",TRUE
8.91524613593558e-12,-0.426142226104501,0.55,0.702,2.35255515035068e-07,"DBI","GSE214411","Myeloid",TRUE
9.10546392510701e-12,-1.42490478543299,0.162,0.272,2.40274982055724e-07,"CD69","GSE214411","Myeloid",TRUE
9.16089762931532e-12,1.28557806835823,0.253,0.137,2.41737766642373e-07,"CCL20","GSE214411","Myeloid",TRUE
1.07559861543144e-11,-0.748268342529819,0.313,0.433,2.83828962640048e-07,"CORO1B","GSE214411","Myeloid",TRUE
1.12632315193502e-11,-1.72871541508046,0.044,0.124,2.97214153332612e-07,"GIMAP8","GSE214411","Myeloid",TRUE
1.20985331543695e-11,-1.00783995897247,0.272,0.392,3.19256092877504e-07,"LILRB4","GSE214411","Myeloid",TRUE
1.22785013447597e-11,-0.719303951682185,0.275,0.397,3.24005093485518e-07,"CCDC85B","GSE214411","Myeloid",TRUE
1.30200398256621e-11,-0.399887320756794,0.484,0.63,3.43572810919571e-07,"ZEB2","GSE214411","Myeloid",TRUE
1.30745393412314e-11,-0.945503119988281,0.173,0.29,3.45010944136413e-07,"GBP4","GSE214411","Myeloid",TRUE
1.32086141047864e-11,0.499521769404006,0.218,0.103,3.48548908997103e-07,"AVPI1","GSE214411","Myeloid",TRUE
1.32394596481826e-11,-0.29161221453069,0.9,0.957,3.49362861196241e-07,"RPS9","GSE214411","Myeloid",TRUE
1.3393226077867e-11,-0.860486808484333,0.235,0.345,3.53420449742754e-07,"RTCB","GSE214411","Myeloid",TRUE
1.35476898464435e-11,-0.667892043467299,0.078,0.176,3.57496439667951e-07,"KCNE3","GSE214411","Myeloid",TRUE
1.36973233800237e-11,-0.584967000164849,0.517,0.666,3.61444969352066e-07,"PSME2","GSE214411","Myeloid",TRUE
1.41857849636573e-11,1.47633836099835,0.222,0.111,3.74334493620989e-07,"LINC01272","GSE214411","Myeloid",TRUE
1.42738784107274e-11,-1.20711497726676,0.118,0.218,3.76659103502274e-07,"P2RY6","GSE214411","Myeloid",TRUE
1.53365785903462e-11,-0.207365117076961,0.617,0.729,4.04701635842055e-07,"ATP6V0B","GSE214411","Myeloid",TRUE
1.60821173206916e-11,0.797372746468132,0.276,0.156,4.24374911858409e-07,"SLC11A1","GSE214411","Myeloid",TRUE
1.66251971251929e-11,-0.644826075096219,0.354,0.464,4.3870570173959e-07,"SCAND1","GSE214411","Myeloid",TRUE
1.67831760070593e-11,-0.645000012242309,0.194,0.319,4.42874448474282e-07,"ENPP2","GSE214411","Myeloid",TRUE
1.83948573489819e-11,-0.479339474765445,0.544,0.655,4.85403495724935e-07,"CLTA","GSE214411","Myeloid",TRUE
1.92532989623081e-11,-0.610740861919362,0.201,0.321,5.08056053017386e-07,"PHF3","GSE214411","Myeloid",TRUE
2.02361050052636e-11,-0.446625088211549,0.298,0.418,5.33990338878896e-07,"LMO4","GSE214411","Myeloid",TRUE
2.02519279611948e-11,-0.652208104947995,0.237,0.354,5.34407875040009e-07,"LARP7","GSE214411","Myeloid",TRUE
2.12233121370141e-11,-0.844478140883953,0.264,0.381,5.60040760671528e-07,"MXD4","GSE214411","Myeloid",TRUE
2.2461604606392e-11,-0.634716584625983,0.371,0.487,5.92716822353473e-07,"MFSD1","GSE214411","Myeloid",TRUE
2.3070104662315e-11,-0.648398849804663,0.216,0.345,6.08773921829169e-07,"F13A1","GSE214411","Myeloid",TRUE
2.32943766999007e-11,-0.389902406290118,0.591,0.702,6.14692012356979e-07,"HSPA1B","GSE214411","Myeloid",TRUE
2.36307555720465e-11,-1.03180414511893,0.181,0.289,6.23568378035163e-07,"CREBL2","GSE214411","Myeloid",TRUE
2.56873727959867e-11,1.63812826403989,0.177,0.077,6.77838393340496e-07,"LILRA2","GSE214411","Myeloid",TRUE
2.8152623840591e-11,-0.649402710809587,0.249,0.374,7.42891437905516e-07,"FCGR1A","GSE214411","Myeloid",TRUE
2.83683282244305e-11,-0.517281684223643,0.386,0.523,7.48583445186273e-07,"PTMS","GSE214411","Myeloid",TRUE
2.91835968323984e-11,-1.17959824849232,0.099,0.198,7.70096753213329e-07,"OSBPL1A","GSE214411","Myeloid",TRUE
3.01086963098803e-11,-0.674703602021877,0.374,0.498,7.94508278225122e-07,"NDUFB5","GSE214411","Myeloid",TRUE
3.0812055315172e-11,-0.578715736872247,0.399,0.517,8.1306851565676e-07,"SOD1","GSE214411","Myeloid",TRUE
3.10497348886258e-11,-2.59582841684294,0.022,0.086,8.19340404241059e-07,"CXCL9","GSE214411","Myeloid",TRUE
3.43405993257289e-11,-0.738192932555571,0.227,0.342,9.06179735007335e-07,"MGAT4A","GSE214411","Myeloid",TRUE
3.63737002723612e-11,-0.859953243369978,0.221,0.328,9.59829202787068e-07,"NDUFS3","GSE214411","Myeloid",TRUE
3.72196909377655e-11,-1.13544444184373,0.082,0.175,9.82153204465755e-07,"MGME1","GSE214411","Myeloid",TRUE
3.74756880050562e-11,-1.06971754584814,0.046,0.125,9.88908455077422e-07,"ZFPM1","GSE214411","Myeloid",TRUE
3.91335936763393e-11,-0.417794313048303,0.127,0.235,1.03265726993124e-06,"SAMD9","GSE214411","Myeloid",TRUE
3.97071580796824e-11,-0.522766199299089,0.343,0.458,1.04779248740666e-06,"SEPW1","GSE214411","Myeloid",TRUE
4.35121723199623e-11,0.740553005431315,0.59,0.521,1.14819920317917e-06,"PPP1CB","GSE214411","Myeloid",TRUE
4.44238448610273e-11,-0.303124936629962,0.26,0.401,1.17225641819279e-06,"DUSP6","GSE214411","Myeloid",TRUE
4.47616810877416e-11,-5.97007754537283,0.002,0.043,1.18117124054333e-06,"IGHG4","GSE214411","Myeloid",TRUE
4.83736748991322e-11,-0.288378542254144,0.801,0.912,1.2764845332383e-06,"RPS19","GSE214411","Myeloid",TRUE
5.10095776531855e-11,-0.935581617272812,0.216,0.328,1.34604073511226e-06,"C7orf50","GSE214411","Myeloid",TRUE
5.28816646482161e-11,-0.618208736130769,0.214,0.342,1.39544136673713e-06,"IGF1","GSE214411","Myeloid",TRUE
6.38548633364546e-11,-0.631487070171266,0.282,0.395,1.68500213372236e-06,"POLR2G","GSE214411","Myeloid",TRUE
6.42165371354781e-11,-1.34820749811543,0.076,0.165,1.694545981931e-06,"SNX24","GSE214411","Myeloid",TRUE
6.79615432800821e-11,-0.291225578122202,0.82,0.943,1.79336920407481e-06,"RPL13A","GSE214411","Myeloid",TRUE
9.18738224937344e-11,-0.430449269943093,0.297,0.418,2.42436642796466e-06,"EPSTI1","GSE214411","Myeloid",TRUE
9.48423802516681e-11,-0.863644989976606,0.289,0.406,2.50270073008102e-06,"CD163","GSE214411","Myeloid",TRUE
9.4878876175207e-11,-0.312694386082975,0.494,0.626,2.50366378451136e-06,"EGR1","GSE214411","Myeloid",TRUE
9.68306245993115e-11,-1.00027008958169,0.197,0.303,2.55516652192663e-06,"IFI35","GSE214411","Myeloid",TRUE
1.10788366428171e-10,-0.634576505855423,0.241,0.359,2.92348341330658e-06,"XAF1","GSE214411","Myeloid",TRUE
1.1213684264137e-10,-1.41174209737503,0.088,0.181,2.95906700362046e-06,"C3","GSE214411","Myeloid",TRUE
1.16283182710837e-10,-0.647945546911727,0.339,0.456,3.06848062537358e-06,"MGST3","GSE214411","Myeloid",TRUE
1.26788358481672e-10,0.265054194164627,0.879,0.939,3.34569120361435e-06,"RPL41","GSE214411","Myeloid",TRUE
1.39293521484697e-10,-0.456232598111266,0.503,0.621,3.67567744493818e-06,"FXYD5","GSE214411","Myeloid",TRUE
1.4659139178845e-10,-0.261136243445861,0.491,0.614,3.86825364651362e-06,"EIF4A2","GSE214411","Myeloid",TRUE
1.49205930286312e-10,-0.520975898200054,0.4,0.505,3.9372460883952e-06,"ANAPC11","GSE214411","Myeloid",TRUE
1.49985615156328e-10,-0.276159710816211,0.597,0.726,3.95782041274517e-06,"FGL2","GSE214411","Myeloid",TRUE
1.50209065313649e-10,0.0715574944757251,0.412,0.559,3.96371681549657e-06,"TNFSF13B","GSE214411","Myeloid",TRUE
1.50376293358245e-10,-1.30779432427602,0.102,0.196,3.96812962913736e-06,"LTC4S","GSE214411","Myeloid",TRUE
1.50660313175884e-10,1.38423421755527,0.266,0.146,3.97562434408522e-06,"RARA","GSE214411","Myeloid",TRUE
1.52844944987566e-10,-1.26602676233945,0.084,0.174,4.0332724083319e-06,"HAMP","GSE214411","Myeloid",TRUE
1.75090697828748e-10,1.11963835008399,0.379,0.262,4.62029333430499e-06,"TREM1","GSE214411","Myeloid",TRUE
1.75757645441552e-10,1.16715106288627,0.447,0.341,4.63789274791167e-06,"C15orf48","GSE214411","Myeloid",TRUE
1.81193774673429e-10,-0.365434031166321,0.727,0.825,4.78134132608244e-06,"HMGB1","GSE214411","Myeloid",TRUE
1.86522444869174e-10,0.71971807777621,0.388,0.264,4.92195427520776e-06,"MALT1","GSE214411","Myeloid",TRUE
1.9655476134993e-10,0.758589090756906,0.237,0.126,5.18668704250195e-06,"ANPEP","GSE214411","Myeloid",TRUE
2.04071685922247e-10,-0.315473826028898,0.408,0.526,5.38504364811625e-06,"NAGK","GSE214411","Myeloid",TRUE
2.09696635375101e-10,0.984073861177523,0.34,0.218,5.53347481427816e-06,"ARFGAP3","GSE214411","Myeloid",TRUE
2.14699837167639e-10,1.32874692348044,0.361,0.236,5.66549930317966e-06,"CPPED1","GSE214411","Myeloid",TRUE
2.20512629997357e-10,-3.11519694571948,0.007,0.054,5.81888728037027e-06,"PDIK1L","GSE214411","Myeloid",TRUE
2.26160313752805e-10,0.738868579424269,0.956,0.941,5.96791835930902e-06,"SAT1","GSE214411","Myeloid",TRUE
2.43675846806035e-10,-1.05138641153935,0.184,0.287,6.43011824551765e-06,"MIF4GD","GSE214411","Myeloid",TRUE
2.5501221125192e-10,-0.316023568262404,0.485,0.607,6.72926223051568e-06,"MZT2B","GSE214411","Myeloid",TRUE
2.90700978698922e-10,-0.672902802066928,0.211,0.32,7.67101742590715e-06,"GSDMD","GSE214411","Myeloid",TRUE
2.9176118221662e-10,-1.84499956758684,0.027,0.091,7.69899407633216e-06,"IGKC","GSE214411","Myeloid",TRUE
3.03399531950703e-10,-0.261254951600871,0.256,0.376,8.00610684911514e-06,"FRMD4B","GSE214411","Myeloid",TRUE
3.07639027094343e-10,-0.724141085227926,0.128,0.229,8.11797864696552e-06,"IFI44","GSE214411","Myeloid",TRUE
3.34383430346999e-10,0.136481535635928,0.842,0.886,8.8237099599966e-06,"DUSP1","GSE214411","Myeloid",TRUE
3.51944095069242e-10,-2.20836555148674,0.032,0.099,9.28710078068715e-06,"TMEM86A","GSE214411","Myeloid",TRUE
3.87878332897867e-10,0.218454719330174,0.298,0.433,1.02353334485089e-05,"COL1A1","GSE214411","Myeloid",TRUE
4.12274969063875e-10,-0.900095821862221,0.088,0.179,1.08791118836575e-05,"SDC3","GSE214411","Myeloid",TRUE
4.19328495850859e-10,1.86907797297962,0.099,0.03,1.10652403485125e-05,"LYPD3","GSE214411","Myeloid",TRUE
4.34494307463765e-10,1.49290662516984,0.388,0.278,1.14654357853538e-05,"ELL2","GSE214411","Myeloid",TRUE
4.38652586017992e-10,-1.54836143790039,0.07,0.153,1.15751644398428e-05,"CKAP2","GSE214411","Myeloid",TRUE
4.48530602524208e-10,0.842635412427439,0.503,0.394,1.18358255394088e-05,"SEC61G","GSE214411","Myeloid",TRUE
4.52700408943359e-10,1.37172461210376,0.3,0.183,1.19458583911974e-05,"RASSF3","GSE214411","Myeloid",TRUE
4.81199265011429e-10,-0.0240345833090969,0.613,0.758,1.26978862051216e-05,"IFITM3","GSE214411","Myeloid",TRUE
4.97517741390866e-10,-1.10080850409651,0.101,0.192,1.31284981598222e-05,"CYB5R1","GSE214411","Myeloid",TRUE
5.64912456935755e-10,-0.60598565862448,0.304,0.409,1.49069099136207e-05,"ATRAID","GSE214411","Myeloid",TRUE
5.82537617582669e-10,-1.01581759121113,0.18,0.28,1.53720026527715e-05,"FAM46A","GSE214411","Myeloid",TRUE
5.90478637882425e-10,1.61685744091505,0.252,0.144,1.55815502964414e-05,"B4GALT5","GSE214411","Myeloid",TRUE
6.10016260218856e-10,0.946143482305267,0.191,0.094,1.60971090746552e-05,"PHLDA2","GSE214411","Myeloid",TRUE
6.34136824644251e-10,-0.572517554141961,0.438,0.543,1.67336025287125e-05,"AP2M1","GSE214411","Myeloid",TRUE
6.48074540239391e-10,-0.577162387300878,0.384,0.494,1.7101390967837e-05,"PLXDC2","GSE214411","Myeloid",TRUE
6.50050535589045e-10,-1.25286269543613,0.183,0.29,1.71535335331237e-05,"TNF","GSE214411","Myeloid",TRUE
6.64729149392045e-10,-0.417639163973731,0.239,0.355,1.75408727941573e-05,"C1orf54","GSE214411","Myeloid",TRUE
6.70851321263792e-10,0.734060846910812,0.612,0.57,1.7702424665509e-05,"SAMSN1","GSE214411","Myeloid",TRUE
6.94617287244834e-10,1.08634284343533,0.322,0.2,1.83295609758167e-05,"OXSR1","GSE214411","Myeloid",TRUE
6.98821839852349e-10,-0.436087371204873,0.118,0.219,1.84405107100238e-05,"IFI44L","GSE214411","Myeloid",TRUE
7.14309629880054e-10,-0.388336624797742,0.533,0.65,1.88492025132749e-05,"ASAH1","GSE214411","Myeloid",TRUE
7.34257161639651e-10,-0.729867042022137,0.271,0.377,1.93755779813471e-05,"VKORC1","GSE214411","Myeloid",TRUE
7.4029326049068e-10,-0.742820088514119,0.394,0.501,1.95348585578281e-05,"CXCL2","GSE214411","Myeloid",TRUE
7.76034894116202e-10,-0.803814930524774,0.337,0.441,2.04780087859383e-05,"CUTA","GSE214411","Myeloid",TRUE
8.08763209398371e-10,0.963632211319512,0.313,0.197,2.13416435696042e-05,"PHLDA1","GSE214411","Myeloid",TRUE
8.20376650970097e-10,-0.202930739505384,0.343,0.464,2.16480990657989e-05,"PARP14","GSE214411","Myeloid",TRUE
9.00665476411529e-10,-1.11875465948075,0.179,0.274,2.37667605915474e-05,"PMVK","GSE214411","Myeloid",TRUE
9.33128727397935e-10,-0.542025997462089,0.131,0.234,2.46234008585767e-05,"HPGDS","GSE214411","Myeloid",TRUE
9.77145508161945e-10,1.45898072422943,0.133,0.053,2.57849156693774e-05,"FLT1","GSE214411","Myeloid",TRUE
9.84204035599423e-10,1.47775176871545,0.098,0.03,2.59711760913976e-05,"GPR157","GSE214411","Myeloid",TRUE
1.07580306870126e-09,1.08602170114275,0.385,0.278,2.83882913768889e-05,"LMNA","GSE214411","Myeloid",TRUE
1.12017057136981e-09,-1.40073801466475,0.115,0.209,2.95590610373065e-05,"SLC9A9","GSE214411","Myeloid",TRUE
1.12965234205623e-09,-0.864084168628694,0.245,0.345,2.98092660021799e-05,"MRPS34","GSE214411","Myeloid",TRUE
1.1550413030621e-09,-0.715850173119829,0.147,0.252,3.04792299052026e-05,"CCND1","GSE214411","Myeloid",TRUE
1.21579228899065e-09,1.27675715649055,0.213,0.112,3.20823269218852e-05,"ESYT2","GSE214411","Myeloid",TRUE
1.2310448573434e-09,-1.11364690068228,0.216,0.312,3.24848116955776e-05,"CDKN1B","GSE214411","Myeloid",TRUE
1.23295687315578e-09,-0.976579358327589,0.177,0.28,3.25352659688346e-05,"CNTRL","GSE214411","Myeloid",TRUE
1.314765083492e-09,-0.342222693471859,0.856,0.91,3.4694021023187e-05,"HLA-A","GSE214411","Myeloid",TRUE
1.33505845554606e-09,-0.588718260142565,0.314,0.418,3.52295225249493e-05,"TIMM13","GSE214411","Myeloid",TRUE
1.38383272127732e-09,1.00854922774147,0.321,0.202,3.6516577849066e-05,"PNP","GSE214411","Myeloid",TRUE
1.40640158782373e-09,-0.5348612978938,0.17,0.266,3.71121250994927e-05,"FAM173A","GSE214411","Myeloid",TRUE
1.42685207313632e-09,-0.556060369418313,0.25,0.349,3.76517725059213e-05,"TECR","GSE214411","Myeloid",TRUE
1.51910629734606e-09,2.26808693872252,0.133,0.055,4.00861769743678e-05,"TNFAIP6","GSE214411","Myeloid",TRUE
1.57486929317651e-09,0.87637585357423,0.232,0.129,4.15576509083417e-05,"MYO1G","GSE214411","Myeloid",TRUE
1.60246833822526e-09,-1.87809815458221,0.035,0.1,4.22859345090882e-05,"ADORA3","GSE214411","Myeloid",TRUE
1.72784183805991e-09,-0.518173295315857,0.158,0.254,4.5594290422725e-05,"ATF7IP","GSE214411","Myeloid",TRUE
1.78783342400652e-09,1.1801458373172,0.611,0.531,4.7177348392684e-05,"BASP1","GSE214411","Myeloid",TRUE
1.83581107433944e-09,-0.698002368746113,0.281,0.379,4.84433826296692e-05,"NUCB1","GSE214411","Myeloid",TRUE
1.8461690122328e-09,-1.49656264208655,0.136,0.225,4.87167078947991e-05,"PURA","GSE214411","Myeloid",TRUE
1.88710157115586e-09,-1.04741257909259,0.153,0.248,4.97968362596608e-05,"GATAD1","GSE214411","Myeloid",TRUE
1.91626777034852e-09,0.864282052975639,0.317,0.197,5.05664739239568e-05,"NDEL1","GSE214411","Myeloid",TRUE
1.91802587596844e-09,-1.63873715145722,0.049,0.12,5.06128668150552e-05,"OXLD1","GSE214411","Myeloid",TRUE
2.00231251505077e-09,3.34733076347557,0.221,0.123,5.28370226471597e-05,"GNLY","GSE214411","Myeloid",TRUE
2.05739105857777e-09,1.26460359452003,0.311,0.197,5.42904352537501e-05,"LYST","GSE214411","Myeloid",TRUE
2.12958515429426e-09,-1.39192972166157,0.055,0.128,5.61954930515169e-05,"SLC38A6","GSE214411","Myeloid",TRUE
2.16720813121442e-09,-0.576781155872023,0.324,0.427,5.71882881664862e-05,"IL10RA","GSE214411","Myeloid",TRUE
2.2019222499884e-09,-0.254059744582082,0.801,0.891,5.81043243326939e-05,"CYBA","GSE214411","Myeloid",TRUE
2.20416304282326e-09,-0.094482361944498,0.209,0.325,5.81634543740203e-05,"TNFSF10","GSE214411","Myeloid",TRUE
2.38951061442343e-09,-0.358244769369312,0.739,0.868,6.30544060934054e-05,"HSP90AB1","GSE214411","Myeloid",TRUE
2.39841624360263e-09,-0.449700014187194,0.438,0.544,6.32894078361863e-05,"TAF10","GSE214411","Myeloid",TRUE
2.44405431876186e-09,-0.619344983302524,0.049,0.122,6.4493705363488e-05,"SFRP1","GSE214411","Myeloid",TRUE
2.53482810189403e-09,-1.02038013917815,0.082,0.164,6.68890439527797e-05,"SRGAP3","GSE214411","Myeloid",TRUE
2.57124931024321e-09,-0.978720951511824,0.113,0.202,6.78501267986979e-05,"ILF3-AS1","GSE214411","Myeloid",TRUE
2.57335506782393e-09,1.21194175791337,0.426,0.326,6.79056935297379e-05,"ADGRE5","GSE214411","Myeloid",TRUE
2.665049717379e-09,-0.3832152459408,0.5,0.606,7.03253319421972e-05,"NDUFB2","GSE214411","Myeloid",TRUE
2.72389466588264e-09,-3.04418391495234,0.01,0.055,7.18781324433111e-05,"MMS22L","GSE214411","Myeloid",TRUE
2.7614379599973e-09,-0.556106152709271,0.402,0.496,7.28688248884088e-05,"HADHA","GSE214411","Myeloid",TRUE
2.87423134120048e-09,0.749472104918751,0.261,0.154,7.58452166315981e-05,"PLP2","GSE214411","Myeloid",TRUE
2.94599183008589e-09,-0.714964333612859,0.202,0.306,7.77388324123064e-05,"GM2A","GSE214411","Myeloid",TRUE
3.02150445699513e-09,-0.914622362339511,0.108,0.195,7.97314596111875e-05,"CTTNBP2NL","GSE214411","Myeloid",TRUE
3.03769804828841e-09,-0.774728367360645,0.243,0.356,8.01587760982346e-05,"PLD4","GSE214411","Myeloid",TRUE
3.10414853124523e-09,1.64218997750143,0.171,0.084,8.19122714424991e-05,"ITPRIP","GSE214411","Myeloid",TRUE
3.12313504906919e-09,1.8115612719562,0.144,0.065,8.24132876748377e-05,"CKAP4","GSE214411","Myeloid",TRUE
3.17875975319801e-09,-0.86775462087692,0.066,0.143,8.38811123673891e-05,"FUNDC1","GSE214411","Myeloid",TRUE
3.21074080931846e-09,-0.43139999152741,0.441,0.532,8.47250284762956e-05,"SCAF11","GSE214411","Myeloid",TRUE
3.23178076464925e-09,-0.22990557732231,0.303,0.409,8.52802308175645e-05,"NCF4","GSE214411","Myeloid",TRUE
3.2428446567877e-09,0.718536944433354,0.605,0.55,8.55721848033137e-05,"SLC2A3","GSE214411","Myeloid",TRUE
3.25843714066157e-09,0.695023838378154,0.585,0.533,8.59836392677776e-05,"CREM","GSE214411","Myeloid",TRUE
3.4502880631081e-09,-0.523416016109643,0.42,0.516,9.10462014092965e-05,"LY86","GSE214411","Myeloid",TRUE
3.56326944921194e-09,-0.518804703800605,0.266,0.37,9.40275542258047e-05,"C19orf24","GSE214411","Myeloid",TRUE
3.56564980573173e-09,-0.729131452638603,0.262,0.367,9.40903670736489e-05,"EPB41L2","GSE214411","Myeloid",TRUE
3.72346786957135e-09,-1.59286360762162,0.109,0.194,9.82548701422487e-05,"STAC3","GSE214411","Myeloid",TRUE
3.72425452165145e-09,1.35348932998145,0.117,0.044,9.82756283173383e-05,"FAM129B","GSE214411","Myeloid",TRUE
3.76196793484463e-09,-0.929312231907188,0.034,0.096,9.92708098646802e-05,"NR1H3","GSE214411","Myeloid",TRUE
3.76764104878833e-09,0.775760992303566,0.518,0.43,9.94205119954265e-05,"EZR","GSE214411","Myeloid",TRUE
3.77561454524971e-09,-2.4024029815905,0.011,0.056,9.96309166200493e-05,"GIMAP5","GSE214411","Myeloid",TRUE
3.79129889047513e-09,-0.894765725368892,0.111,0.202,0.000100044795121858,"FMNL2","GSE214411","Myeloid",TRUE
3.89650042535737e-09,-0.913248897697125,0.216,0.311,0.00010282085322433,"AIP","GSE214411","Myeloid",TRUE
4.19066255140498e-09,-0.980773556765108,0.202,0.297,0.000110583203406475,"CITED2","GSE214411","Myeloid",TRUE
4.26235263522375e-09,-1.58901216857325,0.065,0.14,0.000112474961338284,"LENG1","GSE214411","Myeloid",TRUE
4.26685778992744e-09,-1.46313303076226,0.104,0.19,0.000112593843360605,"GIMAP2","GSE214411","Myeloid",TRUE
4.39751589363195e-09,2.40351525219871,0.128,0.054,0.00011604164940116,"FPR2","GSE214411","Myeloid",TRUE
4.40121866454596e-09,-1.27584115274203,0.116,0.203,0.000116139358120039,"SLAMF7","GSE214411","Myeloid",TRUE
4.42425829597465e-09,0.438642440343785,0.227,0.124,0.000116747327914179,"LUCAT1","GSE214411","Myeloid",TRUE
4.55052649127334e-09,0.848427745860987,0.169,0.079,0.000120079293051721,"VDR","GSE214411","Myeloid",TRUE
4.58646895960942e-09,-0.869216973641345,0.332,0.418,0.000121027742906173,"TMED9","GSE214411","Myeloid",TRUE
4.60272703174874e-09,0.986897249538025,0.417,0.303,0.000121456760913786,"DNTTIP2","GSE214411","Myeloid",TRUE
4.65776631880808e-09,-0.0865016237290196,0.191,0.298,0.000122909137620708,"MSRB2","GSE214411","Myeloid",TRUE
4.6748356094557e-09,-0.479439549859728,0.35,0.453,0.000123359562062317,"MRPL20","GSE214411","Myeloid",TRUE
4.77562272149348e-09,-0.542170651651543,0.404,0.498,0.00012601913237477,"AURKAIP1","GSE214411","Myeloid",TRUE
4.88455565023212e-09,-0.781233826775597,0.214,0.315,0.000128893654498325,"DICER1","GSE214411","Myeloid",TRUE
5.08007331807958e-09,-0.794287857397525,0.159,0.251,0.000134052974717484,"MBD4","GSE214411","Myeloid",TRUE
5.10087592782706e-09,0.920977503469453,0.547,0.458,0.0001346019139835,"RNF149","GSE214411","Myeloid",TRUE
5.2267865189269e-09,-1.65082629731092,0.044,0.111,0.000137924442661443,"KCNMA1","GSE214411","Myeloid",TRUE
5.62775041556833e-09,0.876306863109183,0.493,0.396,0.000148505077966017,"NFKB1","GSE214411","Myeloid",TRUE
5.65551848142786e-09,-0.164308915728311,0.458,0.599,0.000149237821687918,"TGFBI","GSE214411","Myeloid",TRUE
5.69281135054193e-09,-0.342868037427143,0.293,0.399,0.0001502219059181,"ETFB","GSE214411","Myeloid",TRUE
5.81836479656908e-09,-0.858892413119465,0.29,0.382,0.000153535010251865,"SCAMP2","GSE214411","Myeloid",TRUE
5.8412174016835e-09,-0.835302665717886,0.192,0.288,0.000154138044795624,"PGP","GSE214411","Myeloid",TRUE
6.04648103996856e-09,-0.860954287916457,0.084,0.169,0.00015955454168269,"RBP1","GSE214411","Myeloid",TRUE
6.07386450271665e-09,-0.824280378578321,0.152,0.246,0.000160277136497687,"TEX264","GSE214411","Myeloid",TRUE
6.07821636328594e-09,0.842844771916541,0.462,0.367,0.000160391973394389,"CTNNB1","GSE214411","Myeloid",TRUE
6.18302693370638e-09,0.89196249063569,0.637,0.614,0.000163157714726644,"YWHAZ","GSE214411","Myeloid",TRUE
6.21233592199443e-09,-0.566309683787799,0.122,0.212,0.000163931120309589,"RNASEK","GSE214411","Myeloid",TRUE
6.51640146626274e-09,-0.863321320821443,0.199,0.292,0.000171954801891741,"DDRGK1","GSE214411","Myeloid",TRUE
6.65479308630993e-09,-0.939429818846162,0.083,0.165,0.000175606679961546,"ABCC5","GSE214411","Myeloid",TRUE
6.71505275270333e-09,-1.33672779136761,0.065,0.139,0.000177196812038335,"BRCA2","GSE214411","Myeloid",TRUE
7.21847825000828e-09,-0.736732453234235,0.285,0.398,0.000190481204061218,"MT2A","GSE214411","Myeloid",TRUE
7.23247310349256e-09,-1.11570195768883,0.136,0.225,0.000190850500254962,"RNF135","GSE214411","Myeloid",TRUE
7.33164011294226e-09,-1.27408202968373,0.071,0.149,0.00019346731930032,"KIAA0101","GSE214411","Myeloid",TRUE
7.38529793693825e-09,-0.356334255454859,0.355,0.451,0.000194883241959926,"PTTG1IP","GSE214411","Myeloid",TRUE
7.53367262465906e-09,-1.76958712992793,0.075,0.15,0.000198798553219503,"RPPH1","GSE214411","Myeloid",TRUE
7.54071607847927e-09,1.14885228870307,0.472,0.376,0.000198984415878911,"FPR1","GSE214411","Myeloid",TRUE
7.86316105781566e-09,-0.76333595808907,0.239,0.339,0.00020749309399364,"FAM105A","GSE214411","Myeloid",TRUE
7.89684339516178e-09,-0.615202209054421,0.156,0.247,0.000208381903511529,"MPST","GSE214411","Myeloid",TRUE
8.01843468992528e-09,0.312295926969457,0.843,0.849,0.000211590454597748,"JUND","GSE214411","Myeloid",TRUE
8.10279816089314e-09,-1.23866411653868,0.082,0.16,0.000213816637869648,"SRD5A3","GSE214411","Myeloid",TRUE
8.20773060762055e-09,-0.459927749281863,0.276,0.374,0.000216585595273891,"MRPL41","GSE214411","Myeloid",TRUE
8.22617283322162e-09,-0.665756446168208,0.217,0.319,0.000217072248723052,"PALLD","GSE214411","Myeloid",TRUE
8.65935108514352e-09,-1.04380937781008,0.015,0.064,0.000228502956434767,"SPSB2","GSE214411","Myeloid",TRUE
8.66432662831301e-09,1.53322041543016,0.254,0.156,0.000228634251067924,"MAP4K4","GSE214411","Myeloid",TRUE
8.67501129697746e-09,-0.374453037074058,0.461,0.56,0.000228916198104641,"NDUFA11","GSE214411","Myeloid",TRUE
9.02109536610709e-09,1.34459120116332,0.229,0.129,0.000238048664520834,"DENND5A","GSE214411","Myeloid",TRUE
9.34106069607909e-09,-1.01441490708283,0.085,0.166,0.000246491909648135,"HHEX","GSE214411","Myeloid",TRUE
9.41865240398696e-09,-0.322964523995015,0.385,0.481,0.000248539399636408,"TMEM219","GSE214411","Myeloid",TRUE
9.65220256778189e-09,-0.402363742456561,0.42,0.523,0.000254702321358628,"SNX2","GSE214411","Myeloid",TRUE
9.68122818651335e-09,0.75953739200462,0.376,0.261,0.000255468249385714,"BCL3","GSE214411","Myeloid",TRUE
9.73497359049151e-09,-0.959212213076941,0.153,0.244,0.00025688648310589,"ZDHHC12","GSE214411","Myeloid",TRUE
1.02887400244206e-08,-1.23672583679447,0.061,0.133,0.000271499271764411,"GAL3ST4","GSE214411","Myeloid",TRUE
1.04790815046614e-08,-0.365702101801012,0.438,0.539,0.000276522002745004,"CALM3","GSE214411","Myeloid",TRUE
1.05563220989662e-08,1.64814004337578,0.167,0.085,0.000278560227547521,"FAM101B","GSE214411","Myeloid",TRUE
1.08224343722245e-08,-1.97477059155988,0.04,0.104,0.00028558239821426,"CH17-373J23.1","GSE214411","Myeloid",TRUE
1.10419727465864e-08,0.895209979280029,0.285,0.175,0.000291375576836923,"ICAM3","GSE214411","Myeloid",TRUE
1.11309567216985e-08,0.865491968510953,0.493,0.397,0.000293723685972179,"MAP3K8","GSE214411","Myeloid",TRUE
1.11453564741814e-08,-0.933974121431752,0.124,0.211,0.0002941036666407,"TNFAIP8L2","GSE214411","Myeloid",TRUE
1.12913927029857e-08,-0.636552868845922,0.237,0.334,0.000297957270646387,"AP1B1","GSE214411","Myeloid",TRUE
1.13586327654601e-08,-0.699882319951936,0.243,0.342,0.000299731601414961,"VEGFB","GSE214411","Myeloid",TRUE
1.14011085676946e-08,-0.508860497317691,0.491,0.588,0.000300852452884324,"HIGD2A","GSE214411","Myeloid",TRUE
1.14251541507123e-08,-0.971992448386166,0.156,0.248,0.000301486967728996,"CYB561A3","GSE214411","Myeloid",TRUE
1.16914253832378e-08,-0.439585085195132,0.445,0.535,0.000308513333012878,"LGALS9","GSE214411","Myeloid",TRUE
1.23804675635712e-08,-0.527233379096716,0.353,0.45,0.000326695778067516,"ECHS1","GSE214411","Myeloid",TRUE
1.24248427556541e-08,-0.574857980985541,0.428,0.525,0.0003278667506362,"C14orf166","GSE214411","Myeloid",TRUE
1.25115034090374e-08,-1.2457090829339,0.093,0.171,0.000330153551957678,"DOK1","GSE214411","Myeloid",TRUE
1.26116054729172e-08,1.21062403271974,0.119,0.049,0.00033279504521934,"RRAD","GSE214411","Myeloid",TRUE
1.31794724799538e-08,-0.314765423916846,0.719,0.834,0.000347779919801021,"UBB","GSE214411","Myeloid",TRUE
1.32272852932189e-08,-0.701529629231061,0.149,0.24,0.00034904160431746,"FAM111A","GSE214411","Myeloid",TRUE
1.32426746664487e-08,1.04083164457896,0.137,0.06,0.000349447699098248,"ADAM19","GSE214411","Myeloid",TRUE
1.33119247530141e-08,-0.766280048871404,0.362,0.463,0.000351275070382535,"DOK2","GSE214411","Myeloid",TRUE
1.38414336332425e-08,-0.189125793643602,0.41,0.525,0.000365247750714004,"KLF2","GSE214411","Myeloid",TRUE
1.40034572728239e-08,-0.220408916396905,0.153,0.249,0.000369523230515277,"LPIN2","GSE214411","Myeloid",TRUE
1.50217643253689e-08,-1.06653127972415,0.092,0.173,0.000396394317017834,"NCEH1","GSE214411","Myeloid",TRUE
1.50658335481069e-08,-0.906404948591858,0.204,0.293,0.000397557215667445,"TNFSF12","GSE214411","Myeloid",TRUE
1.57887190051828e-08,1.24271667798011,0.203,0.109,0.000416632717108763,"CERS2","GSE214411","Myeloid",TRUE
1.64433735353186e-08,-0.406502115858024,0.147,0.238,0.000433907740849986,"CYSLTR1","GSE214411","Myeloid",TRUE
1.64599605836766e-08,-1.05336852777147,0.069,0.143,0.000434345439882057,"SCN1B","GSE214411","Myeloid",TRUE
1.68333013678763e-08,0.761715705232456,0.496,0.393,0.000444197156495519,"PIM3","GSE214411","Myeloid",TRUE
1.70689158733296e-08,0.392674098293438,0.724,0.794,0.000450414552065421,"PABPC1","GSE214411","Myeloid",TRUE
1.76956566891415e-08,-0.343768013472159,0.5,0.593,0.000466952988713065,"SSR3","GSE214411","Myeloid",TRUE
1.78382887939301e-08,-0.65796296416764,0.049,0.119,0.000470716764694227,"IGFBP5","GSE214411","Myeloid",TRUE
1.86888651586872e-08,-0.321754175266071,0.699,0.769,0.000493161773807438,"KLF6","GSE214411","Myeloid",TRUE
1.94829409579045e-08,-0.562658957522574,0.315,0.411,0.000514115845997183,"H2AFJ","GSE214411","Myeloid",TRUE
1.95707759432479e-08,-0.246220804955668,0.889,0.974,0.000516433635590427,"RPL10","GSE214411","Myeloid",TRUE
1.97078805162348e-08,-0.181150295340587,0.666,0.773,0.000520051551062403,"GNAI2","GSE214411","Myeloid",TRUE
2.02108785758982e-08,0.928657757861124,0.546,0.461,0.000533324663860802,"MIDN","GSE214411","Myeloid",TRUE
2.07519886679024e-08,2.69006900113631,0.097,0.035,0.000547603476968609,"TNFSF14","GSE214411","Myeloid",TRUE
2.13711683296552e-08,-0.505273114205468,0.593,0.656,0.000563942389882942,"DUSP2","GSE214411","Myeloid",TRUE
2.15718714947678e-08,0.962081118783905,0.491,0.426,0.000569238545003933,"SERPINB9","GSE214411","Myeloid",TRUE
2.16286634592071e-08,-0.425579385299508,0.187,0.285,0.000570737171361558,"CPM","GSE214411","Myeloid",TRUE
2.25264975041355e-08,-0.231349303406216,0.783,0.914,0.000594429216139127,"RPL29","GSE214411","Myeloid",TRUE
2.3774188443848e-08,-0.44004341105699,0.543,0.667,0.00062735328465626,"XIST","GSE214411","Myeloid",TRUE
2.47602387960075e-08,-2.14940676449802,0.015,0.061,0.000653373181349045,"BBS4","GSE214411","Myeloid",TRUE
2.54544232832752e-08,-0.664975479132279,0.13,0.218,0.000671691321599067,"ARHGAP25","GSE214411","Myeloid",TRUE
2.5542291243862e-08,0.583923622936199,0.683,0.635,0.000674009981343031,"TMA7","GSE214411","Myeloid",TRUE
2.57957440487666e-08,-0.311407440139579,0.471,0.581,0.000680698093958854,"RNF130","GSE214411","Myeloid",TRUE
2.63145295833252e-08,-0.343899908418944,0.614,0.724,0.000694387806644785,"NDUFA4","GSE214411","Myeloid",TRUE
2.65266216316504e-08,2.13403588221792,0.138,0.064,0.00069998449161599,"TUBA4A","GSE214411","Myeloid",TRUE
2.6586857696829e-08,-0.271936289268198,0.592,0.711,0.000701574000903923,"CD83","GSE214411","Myeloid",TRUE
2.70577740902567e-08,-0.5733333329191,0.023,0.075,0.000714000542693693,"DHRS4-AS1","GSE214411","Myeloid",TRUE
2.84873502452211e-08,-0.246974867667076,0.566,0.681,0.000751724198270894,"SEC11A","GSE214411","Myeloid",TRUE
2.9226853147017e-08,-3.64897193085401,0.004,0.037,0.000771238200843484,"CCL18","GSE214411","Myeloid",TRUE
2.92588794068358e-08,0.29992647107433,0.887,0.927,0.000772083309787583,"ACTG1","GSE214411","Myeloid",TRUE
2.98032479714315e-08,-0.523169809392326,0.244,0.339,0.000786448107470134,"COX20","GSE214411","Myeloid",TRUE
2.98500906986749e-08,-0.685294575910223,0.198,0.292,0.000787684193356632,"RDX","GSE214411","Myeloid",TRUE
3.00102436719538e-08,-0.255399857459092,0.51,0.657,0.000791910310015518,"HERPUD1","GSE214411","Myeloid",TRUE
3.10996138176194e-08,-0.642932853876556,0.274,0.369,0.00082065660941934,"MZT2A","GSE214411","Myeloid",TRUE
3.1252014881301e-08,-0.571271221271682,0.116,0.199,0.000824678168687771,"TLR1","GSE214411","Myeloid",TRUE
3.14867687140035e-08,-0.61311901784642,0.285,0.375,0.000830872852825125,"ERGIC3","GSE214411","Myeloid",TRUE
3.4186443950167e-08,-0.413989752336411,0.494,0.602,0.000902111882957008,"COX5A","GSE214411","Myeloid",TRUE
3.42215834125012e-08,0.175789681967871,0.308,0.429,0.000903039143089081,"SFRP4","GSE214411","Myeloid",TRUE
3.48548626111405e-08,-0.317649319664401,0.433,0.529,0.000919750114582775,"PSMB8","GSE214411","Myeloid",TRUE
3.54370297016288e-08,-0.816976990063405,0.243,0.337,0.000935112339766579,"FAAP20","GSE214411","Myeloid",TRUE
3.66816497993906e-08,-0.029854384843068,0.245,0.347,0.00096795537490632,"CIR1","GSE214411","Myeloid",TRUE
3.79676356643647e-08,-0.318897253117626,0.674,0.801,0.00100188996991125,"CALM2","GSE214411","Myeloid",TRUE
3.81976457634907e-08,-0.726133151094612,0.318,0.408,0.00100795947640699,"SCO2","GSE214411","Myeloid",TRUE
3.83523427994354e-08,-0.706772082436399,0.113,0.198,0.0010120416217915,"RGL1","GSE214411","Myeloid",TRUE
3.90601780903124e-08,1.12298530048563,0.496,0.401,0.00103071997944716,"ETS2","GSE214411","Myeloid",TRUE
3.91074535554963e-08,-0.547807479726934,0.325,0.407,0.00103196748442244,"C19orf70","GSE214411","Myeloid",TRUE
3.97476005835733e-08,-0.651550949047686,0.227,0.321,0.00104885968419933,"SFT2D2","GSE214411","Myeloid",TRUE
4.07919732397265e-08,-0.773668405054665,0.173,0.265,0.0010764185898499,"ATP6V0A1","GSE214411","Myeloid",TRUE
4.08956394036838e-08,-0.181077810204503,0.502,0.601,0.00107915413258441,"CD37","GSE214411","Myeloid",TRUE
4.1336428385523e-08,-0.208024432379551,0.203,0.303,0.00109078567223718,"P2RY13","GSE214411","Myeloid",TRUE
4.1399634160371e-08,-0.506622028544227,0.498,0.585,0.00109245354622387,"ATP5O","GSE214411","Myeloid",TRUE
4.19275548440977e-08,-0.534035667973578,0.319,0.413,0.00110638431722605,"ZNF106","GSE214411","Myeloid",TRUE
4.36694994000725e-08,-0.8940311331904,0.148,0.233,0.00115235075016911,"SRGAP2C","GSE214411","Myeloid",TRUE
4.4450121567384e-08,0.814269508871862,0.42,0.318,0.00117294980792013,"CYTIP","GSE214411","Myeloid",TRUE
4.49574984330185e-08,-0.659590073396519,0.264,0.362,0.00118633846865049,"CD59","GSE214411","Myeloid",TRUE
4.5195602302269e-08,-0.510702352674751,0.42,0.516,0.00119262155355227,"ZNF706","GSE214411","Myeloid",TRUE
4.53620525893521e-08,-0.683109587493472,0.199,0.291,0.00119701384372782,"COMMD4","GSE214411","Myeloid",TRUE
4.5544924968351e-08,-0.824804222528718,0.172,0.258,0.00120183948006485,"LYL1","GSE214411","Myeloid",TRUE
4.58255072691126e-08,-0.9143746834515,0.087,0.163,0.00120924348581734,"AMDHD2","GSE214411","Myeloid",TRUE
4.65599810483191e-08,2.96307503419998,0.07,0.019,0.00122862477990304,"SLC2A1","GSE214411","Myeloid",TRUE
4.92335888889461e-08,0.819326425481977,0.655,0.625,0.00129917594360151,"TUBA1A","GSE214411","Myeloid",TRUE
4.93959252402541e-08,-0.520447731272732,0.222,0.315,0.00130345967523982,"EVA1B","GSE214411","Myeloid",TRUE
4.94778013130334e-08,-1.01836423397955,0.169,0.253,0.00130562022104833,"MRPL34","GSE214411","Myeloid",TRUE
4.97636982164084e-08,-0.875890886853778,0.112,0.197,0.00131316446853459,"FRMD4A","GSE214411","Myeloid",TRUE
5.03270642405939e-08,-0.885983462349728,0.184,0.265,0.00132803057118079,"CD38","GSE214411","Myeloid",TRUE
5.03805188463793e-08,-1.84604357909727,0.043,0.104,0.00132944113131826,"SIGLEC11","GSE214411","Myeloid",TRUE
5.03993582938218e-08,1.78354105906044,0.164,0.085,0.00132993826665737,"TGM2","GSE214411","Myeloid",TRUE
5.22996966200032e-08,-0.467240983198495,0.468,0.558,0.00138008439440864,"CDV3","GSE214411","Myeloid",TRUE
5.23619677198837e-08,1.18928856730301,0.171,0.089,0.00138172760419229,"CD300LB","GSE214411","Myeloid",TRUE
5.38708213362091e-08,-0.914886657536979,0.088,0.164,0.00142154323341989,"DBP","GSE214411","Myeloid",TRUE
5.50644328179593e-08,-0.869527774708419,0.192,0.278,0.00145304025320031,"GNPTAB","GSE214411","Myeloid",TRUE
5.686850933004e-08,0.843301212887003,0.595,0.569,0.0015006462242011,"CD44","GSE214411","Myeloid",TRUE
5.75369769411833e-08,-0.0671978107465714,0.916,0.925,0.00151828574752395,"HLA-C","GSE214411","Myeloid",TRUE
5.89021105737129e-08,-1.02774275125203,0.096,0.173,0.00155430889381914,"TLR7","GSE214411","Myeloid",TRUE
5.93638669887139e-08,-0.60668687834488,0.23,0.324,0.00156649372209818,"STOM","GSE214411","Myeloid",TRUE
6.02382408323852e-08,-1.05439709023363,0.157,0.246,0.00158956669908498,"IMP3","GSE214411","Myeloid",TRUE
6.05776612830642e-08,-1.35637502438748,0.078,0.148,0.0015985233259375,"HMGCL","GSE214411","Myeloid",TRUE
6.08572810293818e-08,1.19626734888374,0.128,0.057,0.00160590193180333,"SDC4","GSE214411","Myeloid",TRUE
6.1795253883282e-08,-0.646496736189109,0.14,0.227,0.00163065315947205,"TRIP11","GSE214411","Myeloid",TRUE
6.35167280227934e-08,-0.577099981463371,0.249,0.352,0.00167607941906547,"AXL","GSE214411","Myeloid",TRUE
6.4539755559316e-08,-0.769803106272648,0.243,0.328,0.00170307506969923,"PARL","GSE214411","Myeloid",TRUE
6.60358778883426e-08,-0.68811675919513,0.203,0.291,0.00174255474571758,"TRAPPC2L","GSE214411","Myeloid",TRUE
6.79890694950332e-08,-0.210889304706902,0.689,0.792,0.00179409556583494,"BRI3","GSE214411","Myeloid",TRUE
6.87765785285424e-08,-1.10780271150605,0.143,0.225,0.00181487635421118,"TPCN1","GSE214411","Myeloid",TRUE
7.04229274616012e-08,-0.516960638261345,0.173,0.262,0.00185832020985673,"RSBN1L","GSE214411","Myeloid",TRUE
7.09907493972166e-08,-0.353974043968139,0.33,0.418,0.00187330389509375,"BPTF","GSE214411","Myeloid",TRUE
7.58930608874469e-08,-0.535084563323796,0.26,0.354,0.00200266609069795,"ABI3","GSE214411","Myeloid",TRUE
7.65254061398075e-08,1.04977218516872,0.223,0.128,0.00201935241721724,"SIK3","GSE214411","Myeloid",TRUE
7.80115087674716e-08,-0.290743188378219,0.342,0.448,0.00205856769335604,"IFI6","GSE214411","Myeloid",TRUE
7.83207985081604e-08,-0.473184474746075,0.547,0.646,0.00206672923103334,"IER5","GSE214411","Myeloid",TRUE
7.85969097334987e-08,-1.2940688490427,0.076,0.147,0.00207401525404756,"MAP1S","GSE214411","Myeloid",TRUE
7.88700890477561e-08,-0.247002808671751,0.447,0.542,0.00208122390979219,"PRDX5","GSE214411","Myeloid",TRUE
8.00942593664341e-08,-1.2995132331041,0.007,0.043,0.00211352731616146,"FAM111B","GSE214411","Myeloid",TRUE
8.31192379140754e-08,-0.297488446915712,0.608,0.732,0.00219335045007662,"SLC25A5","GSE214411","Myeloid",TRUE
8.38143853890197e-08,1.25284647776271,0.166,0.087,0.00221169400164545,"EIF2AK3","GSE214411","Myeloid",TRUE
8.90216756952733e-08,-0.729679865997102,0.114,0.194,0.00234910397824687,"HVCN1","GSE214411","Myeloid",TRUE
8.90934486222366e-08,-0.365384888949251,0.441,0.548,0.00235099792224358,"UBXN1","GSE214411","Myeloid",TRUE
8.94746985517501e-08,-1.99682752410564,0.037,0.093,0.00236105834538358,"PRIM1","GSE214411","Myeloid",TRUE
8.96894835619008e-08,0.759498519069222,0.482,0.382,0.00236672609223144,"STK17B","GSE214411","Myeloid",TRUE
9.08452110671872e-08,1.20026407639028,0.241,0.147,0.00239722342964094,"ERO1A","GSE214411","Myeloid",TRUE
9.16635080778412e-08,-0.741578914100871,0.085,0.159,0.00241881665115807,"CLN5","GSE214411","Myeloid",TRUE
9.17158838775605e-08,-0.319520909073242,0.613,0.727,0.00242019874376107,"PPIB","GSE214411","Myeloid",TRUE
9.2120490478831e-08,-0.300088870963814,0.518,0.609,0.00243087550275539,"UQCR10","GSE214411","Myeloid",TRUE
9.40115250405411e-08,-0.522974636493963,0.393,0.472,0.0024807761227698,"NDUFB10","GSE214411","Myeloid",TRUE
9.68769481687535e-08,-1.22622598123125,0.066,0.133,0.00255638890827707,"CCSAP","GSE214411","Myeloid",TRUE
1.02989069364994e-07,-0.253753255720724,0.798,0.916,0.00271767556240347,"RPS15","GSE214411","Myeloid",TRUE
1.044343713062e-07,0.195221009805513,0.852,0.946,0.00275581419002801,"RPS27","GSE214411","Myeloid",TRUE
1.05989549071959e-07,-0.661647925736659,0.136,0.217,0.00279685222091085,"MRPS10","GSE214411","Myeloid",TRUE
1.07186294588137e-07,0.306440972786223,0.89,0.916,0.00282843194159177,"MYL6","GSE214411","Myeloid",TRUE
1.07978283995967e-07,-0.142097579029785,0.671,0.789,0.00284933095808559,"RNASET2","GSE214411","Myeloid",TRUE
1.08498210136099e-07,-0.324147734103733,0.456,0.562,0.00286305076907138,"LDHB","GSE214411","Myeloid",TRUE
1.13408430674328e-07,-0.426707672197322,0.161,0.245,0.00299262166863418,"CBR1","GSE214411","Myeloid",TRUE
1.14534390753577e-07,-2.02325073754242,0.025,0.074,0.0030223335032054,"NNT-AS1","GSE214411","Myeloid",TRUE
1.15338086688956e-07,-0.461756083421769,0.199,0.288,0.00304354143154817,"MGMT","GSE214411","Myeloid",TRUE
1.16071171567546e-07,-0.503630956975851,0.17,0.265,0.0030628860753244,"MDK","GSE214411","Myeloid",TRUE
1.18770413518129e-07,-0.346165530703448,0.189,0.284,0.00313411367191639,"SPRED1","GSE214411","Myeloid",TRUE
1.19521809164134e-07,-1.39396494477284,0.119,0.196,0.00315394150022317,"ROGDI","GSE214411","Myeloid",TRUE
1.25127210580049e-07,-0.299367454413744,0.341,0.436,0.00330185683278632,"RER1","GSE214411","Myeloid",TRUE
1.29156314146961e-07,-1.07508443386389,0.144,0.224,0.00340817681771002,"POLR3GL","GSE214411","Myeloid",TRUE
1.29440578925591e-07,-0.130062295848433,0.499,0.606,0.0034156779966885,"RHOG","GSE214411","Myeloid",TRUE
1.30549968375261e-07,1.07895259531465,0.409,0.315,0.0034449525654864,"GABARAPL1","GSE214411","Myeloid",TRUE
1.32503527205196e-07,1.76561582979627,0.117,0.051,0.00349650307589072,"SMAD3","GSE214411","Myeloid",TRUE
1.32814217723844e-07,1.33274127084824,0.192,0.111,0.0035047015772968,"CPD","GSE214411","Myeloid",TRUE
1.34628483590557e-07,-0.0790738782497087,0.894,0.925,0.00355257642498762,"ITM2B","GSE214411","Myeloid",TRUE
1.35318716623448e-07,1.59296729876552,0.344,0.242,0.00357079029425955,"OSM","GSE214411","Myeloid",TRUE
1.35911329265187e-07,0.470762753655773,0.238,0.346,0.00358642815664974,"KIAA1551","GSE214411","Myeloid",TRUE
1.37746783986137e-07,-0.474762247526033,0.324,0.415,0.00363486213582619,"AMD1","GSE214411","Myeloid",TRUE
1.41251046967904e-07,-0.689292976965685,0.348,0.431,0.00372733262738904,"MLEC","GSE214411","Myeloid",TRUE
1.42263615757892e-07,-0.227331470661679,0.801,0.913,0.00375405229261925,"RPL18","GSE214411","Myeloid",TRUE
1.44617842224526e-07,-0.786298755935254,0.077,0.147,0.0038161756206208,"SLC46A3","GSE214411","Myeloid",TRUE
1.49181182143404e-07,-0.437122057381596,0.418,0.506,0.00393659303440014,"PSMB6","GSE214411","Myeloid",TRUE
1.50750821766746e-07,-0.500607564088907,0.312,0.406,0.00397801268478089,"RB1","GSE214411","Myeloid",TRUE
1.54173062158029e-07,-0.362931147096665,0.217,0.311,0.00406831876422608,"MCOLN1","GSE214411","Myeloid",TRUE
1.54510781061713e-07,-0.206064993371913,0.508,0.628,0.00407723049065648,"HMGN1","GSE214411","Myeloid",TRUE
1.55465893732712e-07,-0.644938855748211,0.066,0.132,0.0041024340038188,"RP11-758H9.2","GSE214411","Myeloid",TRUE
1.61341067518855e-07,-0.568565854552955,0.275,0.364,0.00425746808968754,"CEP350","GSE214411","Myeloid",TRUE
1.63409815141277e-07,-0.574993841693049,0.281,0.373,0.00431205820194803,"H1FX","GSE214411","Myeloid",TRUE
1.68384999610975e-07,-0.868090393733463,0.075,0.144,0.0044433433697344,"CYP27A1","GSE214411","Myeloid",TRUE
1.70767749513106e-07,-0.524963338608117,0.305,0.396,0.00450621937415185,"TXN2","GSE214411","Myeloid",TRUE
1.75300545814972e-07,0.8725179329502,0.209,0.125,0.00462583080296548,"CAPN2","GSE214411","Myeloid",TRUE
1.78401373034589e-07,0.795278674078803,0.477,0.375,0.00470765543163672,"PNPLA8","GSE214411","Myeloid",TRUE
1.81109393487584e-07,2.71111742077969,0.075,0.024,0.00477911467535038,"RAB3D","GSE214411","Myeloid",TRUE
1.83970339465681e-07,-0.320444341883998,0.535,0.632,0.00485460931782038,"SH3BGRL","GSE214411","Myeloid",TRUE
1.84647571912933e-07,-0.682512536810204,0.181,0.268,0.00487248012763848,"DST","GSE214411","Myeloid",TRUE
1.93154365135374e-07,-1.16736922037792,0.044,0.103,0.00509695738719224,"PRR5","GSE214411","Myeloid",TRUE
1.94492405452356e-07,-0.519925725022232,0.312,0.394,0.00513226559507677,"SIVA1","GSE214411","Myeloid",TRUE
1.95524265306188e-07,-0.652198082253734,0.186,0.27,0.0051594943128997,"EMB","GSE214411","Myeloid",TRUE
1.95550468329182e-07,-0.457269160367395,0.352,0.44,0.00516018575827046,"RABAC1","GSE214411","Myeloid",TRUE
1.96418981549604e-07,-1.02656050302953,0.063,0.128,0.00518310408513095,"FAM20A","GSE214411","Myeloid",TRUE
2.07180692197828e-07,-0.749276576213882,0.029,0.079,0.00546708410571627,"RHNO1","GSE214411","Myeloid",TRUE
2.11565889965982e-07,0.479448522871154,0.16,0.083,0.00558280070442233,"CASP9","GSE214411","Myeloid",TRUE
2.13664425635037e-07,1.85397761235523,0.09,0.034,0.00563817686365736,"C8orf4","GSE214411","Myeloid",TRUE
2.17058251340128e-07,-0.270396354107804,0.432,0.535,0.00572773313636331,"WASF2","GSE214411","Myeloid",TRUE
2.20145302401778e-07,-0.734320715938912,0.176,0.26,0.00580919423977813,"NDUFA8","GSE214411","Myeloid",TRUE
2.2355542134618e-07,-0.696398965382498,0.209,0.291,0.00589918045848299,"NUDT1","GSE214411","Myeloid",TRUE
2.23711847426474e-07,-0.935557192613042,0.249,0.328,0.0059033082298898,"C17orf62","GSE214411","Myeloid",TRUE
2.24087913067086e-07,-0.502452103049691,0.321,0.415,0.00591323185001427,"IRF8","GSE214411","Myeloid",TRUE
2.29619384556075e-07,-1.39228273295186,0.104,0.175,0.00605919631966572,"CPED1","GSE214411","Myeloid",TRUE
2.30353403958523e-07,-1.659121023806,0.041,0.097,0.00607856562365752,"ADAMDEC1","GSE214411","Myeloid",TRUE
2.3260194088822e-07,0.607581493624687,0.545,0.484,0.00613790001615835,"DDX21","GSE214411","Myeloid",TRUE
2.35275118261338e-07,-0.314776955484028,0.491,0.591,0.00620843982068018,"APRT","GSE214411","Myeloid",TRUE
2.35744524579546e-07,-0.678206041463526,0.148,0.227,0.00622082651460505,"ALDH9A1","GSE214411","Myeloid",TRUE
2.38031504539036e-07,0.665463474491266,0.346,0.236,0.00628117534177608,"VPS37B","GSE214411","Myeloid",TRUE
2.40555212901099e-07,-0.626957309131926,0.243,0.335,0.0063477709580342,"C20orf27","GSE214411","Myeloid",TRUE
2.54995033067115e-07,-0.740748546217614,0.185,0.27,0.00672880893257503,"ECI1","GSE214411","Myeloid",TRUE
2.58848368648876e-07,0.958806648513144,0.166,0.089,0.00683049075190655,"IL1RAP","GSE214411","Myeloid",TRUE
2.60500799836953e-07,-0.582008018460317,0.38,0.469,0.00687409510609751,"VPS35","GSE214411","Myeloid",TRUE
2.61905003070046e-07,-0.37709933149003,0.473,0.59,0.00691114922101237,"CD86","GSE214411","Myeloid",TRUE
2.61950382418894e-07,-0.420730679625957,0.311,0.392,0.00691234669126978,"SNX5","GSE214411","Myeloid",TRUE
2.63787812331108e-07,-0.639121226342671,0.223,0.308,0.00696083279179327,"RTF1","GSE214411","Myeloid",TRUE
2.64326733649116e-07,-0.446534343533902,0.448,0.533,0.00697505384753287,"ATP5A1","GSE214411","Myeloid",TRUE
2.67907790473123e-07,-0.976817914940904,0.104,0.178,0.00706955077500477,"SETDB2","GSE214411","Myeloid",TRUE
2.73715827984785e-07,-0.336601835575239,0.324,0.41,0.00722281326886251,"MEF2A","GSE214411","Myeloid",TRUE
2.84616610213774e-07,-0.366680937111879,0.456,0.548,0.00751046311032108,"ATP5F1","GSE214411","Myeloid",TRUE
2.85556575522879e-07,2.24588320040094,0.055,0.013,0.00753526691489774,"MTMR11","GSE214411","Myeloid",TRUE
2.88787001156419e-07,-1.2865642308086,0.06,0.123,0.00762051138651559,"HDDC3","GSE214411","Myeloid",TRUE
2.90556180203802e-07,1.77750273659027,0.081,0.029,0.00766719648321793,"CCR7","GSE214411","Myeloid",TRUE
2.975281145465e-07,-0.529478048378807,0.335,0.424,0.00785117188665304,"MRPS21","GSE214411","Myeloid",TRUE
2.9992077957294e-07,0.917091355745423,0.465,0.368,0.00791430953137074,"RAC2","GSE214411","Myeloid",TRUE
3.01462473197107e-07,1.42935310077098,0.126,0.059,0.00795499174272527,"IL1R2","GSE214411","Myeloid",TRUE
3.05697457000496e-07,1.5839091595943,0.086,0.032,0.00806674449532909,"FOSL1","GSE214411","Myeloid",TRUE
3.07779346344668e-07,1.08400437239313,0.412,0.324,0.00812168139134311,"RASSF5","GSE214411","Myeloid",TRUE
3.09261398275561e-07,-1.51801006712156,0.044,0.101,0.0081607897776955,"RHOBTB1","GSE214411","Myeloid",TRUE
3.09507201744243e-07,-2.41831837673937,0.012,0.05,0.00816727603962707,"SOWAHD","GSE214411","Myeloid",TRUE
3.16163584615303e-07,-0.535624229075838,0.323,0.408,0.00834292467082861,"ESD","GSE214411","Myeloid",TRUE
3.19372178320431e-07,-0.708388484359028,0.109,0.182,0.00842759304151952,"UBE2Q1","GSE214411","Myeloid",TRUE
3.21055663249783e-07,-0.754282730790118,0.224,0.307,0.00847201684183526,"PARP1","GSE214411","Myeloid",TRUE
3.25131395611137e-07,-0.249013300364909,0.609,0.708,0.00857956726738667,"PSMA7","GSE214411","Myeloid",TRUE
3.32594436869816e-07,-0.9873596660566,0.119,0.194,0.0087765020001207,"ZDHHC24","GSE214411","Myeloid",TRUE
3.35950150941698e-07,-0.420871282912648,0.321,0.417,0.00886505258304953,"RHOB","GSE214411","Myeloid",TRUE
3.39689639347343e-07,-0.967199068860392,0.058,0.12,0.00896373020309768,"IMPACT","GSE214411","Myeloid",TRUE
3.41342392801611e-07,-1.54779381719579,0.024,0.071,0.00900734306124892,"RAB12","GSE214411","Myeloid",TRUE
3.45772015878024e-07,-0.810009860501007,0.093,0.166,0.0091242319549893,"S100B","GSE214411","Myeloid",TRUE
3.52753769713928e-07,-0.43093677555842,0.356,0.446,0.00930846647521112,"MDH2","GSE214411","Myeloid",TRUE
3.53358135132516e-07,0.282711018444553,0.741,0.843,0.00932441446987684,"RPL27","GSE214411","Myeloid",TRUE
3.6174525660415e-07,-1.26710792921616,0.022,0.068,0.0095457338312703,"C1orf233","GSE214411","Myeloid",TRUE
3.62169834100006e-07,-1.2786814808445,0.09,0.16,0.00955693758223096,"NMRAL1","GSE214411","Myeloid",TRUE
3.63966343133938e-07,-0.902297969773067,0.137,0.215,0.00960434386261836,"TMEM261","GSE214411","Myeloid",TRUE
3.79906074299924e-07,-0.253173715297607,0.753,0.878,0.0100249614886264,"RPLP0","GSE214411","Myeloid",TRUE
3.8059737775345e-07,-0.717177066581588,0.264,0.356,0.010043203604158,"ADI1","GSE214411","Myeloid",TRUE
3.89019747220247e-07,-1.18906528106254,0.063,0.126,0.0102654530896479,"KNOP1","GSE214411","Myeloid",TRUE
3.89980742487098e-07,0.558275561380773,0.157,0.082,0.0102908118327495,"UAP1","GSE214411","Myeloid",TRUE
4.01347801211138e-07,-0.142807530689082,0.456,0.539,0.0105907657783595,"PPT1","GSE214411","Myeloid",TRUE
4.1307869522993e-07,-0.406583958135638,0.214,0.305,0.0109003206097274,"SLC4A7","GSE214411","Myeloid",TRUE
4.14018766953816e-07,-0.944220541064674,0.075,0.144,0.0109251272223773,"RNASE2","GSE214411","Myeloid",TRUE
4.16848378799078e-07,0.17816965788505,0.839,0.914,0.0109997950197501,"RPL37","GSE214411","Myeloid",TRUE
4.26631359055782e-07,-0.584009549588368,0.238,0.322,0.011257948302764,"DCXR","GSE214411","Myeloid",TRUE
4.26840075145519e-07,-0.767740841101125,0.15,0.229,0.01126345590294,"TFDP2","GSE214411","Myeloid",TRUE
4.27242191484725e-07,-0.461018662876058,0.115,0.19,0.0112740669488989,"ZMYND8","GSE214411","Myeloid",TRUE
4.29381393514229e-07,-1.03011065485195,0.169,0.246,0.0113305162120535,"CIITA","GSE214411","Myeloid",TRUE
4.30556076790461e-07,-0.567114900372152,0.107,0.181,0.0113615137543467,"ACOT13","GSE214411","Myeloid",TRUE
4.3087450489028e-07,-0.400610377226084,0.447,0.534,0.0113699164350447,"PSMA4","GSE214411","Myeloid",TRUE
4.53500468108347e-07,0.969256820437052,0.181,0.101,0.0119669703524431,"DUSP4","GSE214411","Myeloid",TRUE
4.55973995002463e-07,-2.65423297177694,0.019,0.061,0.012032241780125,"P2RY11","GSE214411","Myeloid",TRUE
4.66058090758546e-07,-0.458417871707191,0.292,0.374,0.0122983408989365,"RPS19BP1","GSE214411","Myeloid",TRUE
4.72529545173685e-07,-0.844873183406496,0.136,0.212,0.0124691096380432,"UROS","GSE214411","Myeloid",TRUE
4.72711419544863e-07,-0.930038858820955,0.137,0.218,0.0124739089389499,"CD72","GSE214411","Myeloid",TRUE
4.79603577741039e-07,0.940164213017891,0.155,0.082,0.0126557792094305,"TRMT6","GSE214411","Myeloid",TRUE
4.89745803734453e-07,-0.740803325453004,0.078,0.146,0.0129234122689447,"ING2","GSE214411","Myeloid",TRUE
4.97589046522176e-07,-1.74160573286697,0.059,0.12,0.0131303797596272,"GIMAP6","GSE214411","Myeloid",TRUE
5.00897010857984e-07,-0.437785391535122,0.049,0.108,0.0132176703225205,"ABHD11","GSE214411","Myeloid",TRUE
5.13440262760664e-07,-1.34898139694503,0.058,0.121,0.0135486616537284,"CENPF","GSE214411","Myeloid",TRUE
5.20333840706293e-07,-0.7760399998013,0.075,0.14,0.0137305693885577,"NAGLU","GSE214411","Myeloid",TRUE
5.21613971344e-07,-1.12532684724203,0.034,0.086,0.0137643494758255,"SGOL2","GSE214411","Myeloid",TRUE
5.31892397919033e-07,-0.303950459860703,0.219,0.299,0.0140355765962874,"MTIF3","GSE214411","Myeloid",TRUE
5.3458326359723e-07,-0.413112990719525,0.296,0.389,0.0141065831598037,"ZFHX3","GSE214411","Myeloid",TRUE
5.34946124050086e-07,-0.347642528581052,0.494,0.613,0.0141161583214337,"C1orf162","GSE214411","Myeloid",TRUE
5.38477644578827e-07,-1.02318630410951,0.049,0.107,0.0142093480851461,"RPAP2","GSE214411","Myeloid",TRUE
5.61794835091131e-07,1.19491520730183,0.272,0.185,0.0148246421083848,"RNF19B","GSE214411","Myeloid",TRUE
5.63378413086121e-07,1.77477129905283,0.048,0.01,0.0148664295645166,"AL592183.1","GSE214411","Myeloid",TRUE
5.73809546357779e-07,-1.38277520945929,0.027,0.074,0.0151416863092891,"RP9","GSE214411","Myeloid",TRUE
5.8050669412234e-07,-0.963642389275485,0.156,0.231,0.0153184106445003,"ISOC2","GSE214411","Myeloid",TRUE
5.80810237725518e-07,-0.804502637239117,0.18,0.256,0.015326420553101,"TFPT","GSE214411","Myeloid",TRUE
5.93574698332589e-07,1.9817317221154,0.06,0.017,0.0156632491396004,"CCL22","GSE214411","Myeloid",TRUE
6.1254485460279e-07,-1.1694019097008,0.058,0.118,0.0161638336232584,"ACSF3","GSE214411","Myeloid",TRUE
6.17482582435768e-07,-0.403605918341166,0.111,0.186,0.016294130385315,"FAM213A","GSE214411","Myeloid",TRUE
6.17574800643875e-07,-0.0145325942842083,0.622,0.706,0.0162965638393906,"LAMTOR4","GSE214411","Myeloid",TRUE
6.21105697771494e-07,-0.692276473119182,0.248,0.333,0.0163897371527942,"SCIMP","GSE214411","Myeloid",TRUE
6.33089706031496e-07,-0.405251026352246,0.298,0.373,0.0167059711627591,"CYFIP1","GSE214411","Myeloid",TRUE
6.38508356613551e-07,-1.1737631943536,0.018,0.059,0.0168489585143184,"FFAR4","GSE214411","Myeloid",TRUE
6.64306970645834e-07,-1.63440010683055,0.034,0.085,0.0175297323414023,"CASP6","GSE214411","Myeloid",TRUE
6.7489808245284e-07,0.689350602977803,0.276,0.18,0.0178092105997655,"AGO2","GSE214411","Myeloid",TRUE
6.9019704067668e-07,-1.01370623310357,0.092,0.159,0.0182129195093762,"DTYMK","GSE214411","Myeloid",TRUE
6.90374143812445e-07,1.10588168090559,0.146,0.074,0.0182175929069228,"HIVEP2","GSE214411","Myeloid",TRUE
7.00183827165872e-07,-0.255134038148253,0.394,0.474,0.018476450831253,"N4BP2L2","GSE214411","Myeloid",TRUE
7.0100425885378e-07,-0.704520523884501,0.216,0.294,0.0184981003826336,"MDM4","GSE214411","Myeloid",TRUE
7.10684320964751e-07,0.549955830450683,0.68,0.712,0.0187535378616178,"ALDOA","GSE214411","Myeloid",TRUE
7.12889163132882e-07,-2.00808650103826,0.043,0.096,0.0188117192367505,"PHF23","GSE214411","Myeloid",TRUE
7.14065986697299e-07,-0.550367399389963,0.15,0.239,0.0188427732569683,"NRP2","GSE214411","Myeloid",TRUE
7.28792575512619e-07,0.544850381227987,0.371,0.276,0.019231378482627,"CD52","GSE214411","Myeloid",TRUE
7.29608286255492e-07,-0.427191057722466,0.298,0.379,0.0192529034577099,"NDUFB9","GSE214411","Myeloid",TRUE
7.37942727250619e-07,-2.01902262480821,0.026,0.072,0.0194728326866893,"CCDC152","GSE214411","Myeloid",TRUE
7.43121198930754e-07,-0.328006355726364,0.111,0.185,0.0196094821973847,"ZNF518A","GSE214411","Myeloid",TRUE
7.44108498598964e-07,-0.482220861030983,0.409,0.485,0.0196355350610295,"FKBP2","GSE214411","Myeloid",TRUE
7.4490955744003e-07,1.01877406786401,0.14,0.071,0.0196566734017275,"FYN","GSE214411","Myeloid",TRUE
7.57833755760138e-07,0.988606490241428,0.066,0.02,0.0199977171469985,"NRG1","GSE214411","Myeloid",TRUE
7.72008578740844e-07,-0.0172948470853498,0.44,0.537,0.0203717623758134,"PSMB9","GSE214411","Myeloid",TRUE
7.86594839167083e-07,-2.1581114862059,0.017,0.057,0.020756664615941,"HIST1H2BG","GSE214411","Myeloid",TRUE
7.98222185611385e-07,-0.568723844578514,0.247,0.322,0.0210634870339132,"UBAC2","GSE214411","Myeloid",TRUE
7.98453903804787e-07,-0.719883013920145,0.075,0.141,0.0210696016136007,"MSH6","GSE214411","Myeloid",TRUE
8.08215982584361e-07,-0.587459184192948,0.069,0.132,0.0213272033484361,"SHPRH","GSE214411","Myeloid",TRUE
8.08534666861719e-07,-1.316323949505,0.074,0.137,0.021335612789147,"OLFML2B","GSE214411","Myeloid",TRUE
8.44065078356448e-07,-0.458635136480478,0.428,0.514,0.0222731892876699,"SMDT1","GSE214411","Myeloid",TRUE
8.59843094464408e-07,0.99595300518298,0.17,0.093,0.0226895395767268,"ITGA5","GSE214411","Myeloid",TRUE
8.62315202001953e-07,-0.462651852601445,0.255,0.341,0.0227547735504275,"PRDX2","GSE214411","Myeloid",TRUE
8.6806316099229e-07,-0.782622069804254,0.124,0.197,0.0229064506922645,"GOPC","GSE214411","Myeloid",TRUE
8.73332303007891e-07,-1.02545516663679,0.135,0.211,0.0230454928117722,"SIGLEC7","GSE214411","Myeloid",TRUE
8.85151017058182e-07,-1.15638158371664,0.073,0.135,0.0233573650381313,"DHRS4","GSE214411","Myeloid",TRUE
8.89077399108679e-07,-0.975480839292494,0.165,0.243,0.0234609744076798,"FAM192A","GSE214411","Myeloid",TRUE
8.98218720957726e-07,-1.46026378927733,0.075,0.137,0.0237021956086325,"REEP4","GSE214411","Myeloid",TRUE
9.19985562475386e-07,0.0642363895126015,0.469,0.577,0.0242765790226005,"CLEC2B","GSE214411","Myeloid",TRUE
9.32246961625633e-07,0.755679013261064,0.097,0.04,0.0246001328233772,"ECE1","GSE214411","Myeloid",TRUE
9.38474678816413e-07,-0.680238331962865,0.207,0.294,0.0247644698246075,"PMP22","GSE214411","Myeloid",TRUE
9.58054076570867e-07,-0.196324066211556,0.517,0.603,0.025281130972552,"NEDD8","GSE214411","Myeloid",TRUE
9.59413831089338e-07,0.916170491109157,0.226,0.144,0.0253170121747854,"LDLR","GSE214411","Myeloid",TRUE
9.81720486395424e-07,-0.769502681354295,0.195,0.271,0.0259056401950024,"AKR7A2","GSE214411","Myeloid",TRUE
9.93039880997058e-07,-0.376845670006254,0.371,0.447,0.0262043363797504,"CLTC","GSE214411","Myeloid",TRUE
9.94219346060836e-07,1.87887682354067,0.128,0.065,0.0262354601038533,"NKG7","GSE214411","Myeloid",TRUE
1.01137624451695e-06,-0.256791052337734,0.655,0.779,0.0266881963403132,"GSTP1","GSE214411","Myeloid",TRUE
1.02069851680421e-06,0.624828047477873,0.632,0.633,0.0269341924614294,"LRRFIP1","GSE214411","Myeloid",TRUE
1.02519190182316e-06,-0.61177426847758,0.291,0.371,0.0270527639053095,"RAB14","GSE214411","Myeloid",TRUE
1.04218026036188e-06,-0.204537463427596,0.62,0.726,0.0275010527104293,"COX6B1","GSE214411","Myeloid",TRUE
1.04415601907099e-06,-0.624772193820103,0.13,0.203,0.0275531890312453,"ZCCHC17","GSE214411","Myeloid",TRUE
1.06226133428569e-06,-0.584560275648304,0.045,0.1,0.0280309520891307,"IFFO1","GSE214411","Myeloid",TRUE
1.07691192424563e-06,-0.227851258542581,0.268,0.341,0.0284175518569937,"TMEM179B","GSE214411","Myeloid",TRUE
1.08263372456258e-06,-0.701231948566588,0.154,0.23,0.0285685387237574,"CISD3","GSE214411","Myeloid",TRUE
1.08985825927635e-06,1.78347724949405,0.078,0.029,0.0287591797457843,"HAS1","GSE214411","Myeloid",TRUE
1.10135404944121e-06,-0.972699230097257,0.128,0.201,0.0290625306566546,"TOR2A","GSE214411","Myeloid",TRUE
1.11886416800558e-06,-1.70540692053803,0.036,0.086,0.0295245876653311,"CARD6","GSE214411","Myeloid",TRUE
1.11933479158924e-06,-0.565572724970776,0.221,0.304,0.0295370064804569,"LSM10","GSE214411","Myeloid",TRUE
1.13474683634317e-06,-0.309840893692996,0.483,0.569,0.0299436995174235,"ATP6AP2","GSE214411","Myeloid",TRUE
1.14392303880528e-06,-0.505041788914245,0.123,0.197,0.0301858411479937,"USP33","GSE214411","Myeloid",TRUE
1.15566054570323e-06,-0.263854232192477,0.441,0.525,0.0304955704800168,"RAB5C","GSE214411","Myeloid",TRUE
1.16302641410787e-06,-0.589926476743195,0.429,0.511,0.0306899410154786,"CAPG","GSE214411","Myeloid",TRUE
1.16710969565396e-06,-0.458552861678756,0.282,0.371,0.0307976906489166,"IDH2","GSE214411","Myeloid",TRUE
1.20529408658057e-06,-0.199721967337016,0.559,0.651,0.031805300356688,"PSME1","GSE214411","Myeloid",TRUE
1.20576104815429e-06,1.77249508810561,0.081,0.031,0.0318176225386953,"PDE4D","GSE214411","Myeloid",TRUE
1.20752116541541e-06,-0.0328572834874254,0.44,0.536,0.031864068512982,"LY96","GSE214411","Myeloid",TRUE
1.22519792814484e-06,0.632808270747498,0.264,0.171,0.0323305229278861,"SULF2","GSE214411","Myeloid",TRUE
1.23711223844292e-06,-0.284893307965776,0.167,0.252,0.0326449177480318,"GATM","GSE214411","Myeloid",TRUE
1.23839856319478e-06,0.856408579496545,0.58,0.522,0.0326788612855838,"ICAM1","GSE214411","Myeloid",TRUE
1.25751370907173e-06,-0.568549456986756,0.249,0.331,0.0331832717549848,"PHACTR2","GSE214411","Myeloid",TRUE
1.28072481649892e-06,0.860901251783208,0.473,0.386,0.0337957664577735,"UBE2R2","GSE214411","Myeloid",TRUE
1.28304709460619e-06,-1.75349548051415,0.036,0.086,0.033857046732468,"C9orf69","GSE214411","Myeloid",TRUE
1.34236905359458e-06,0.197245018732479,0.84,0.912,0.0354224345862539,"RPL34","GSE214411","Myeloid",TRUE
1.35902057676555e-06,-0.430604496547157,0.446,0.521,0.0358618349796893,"NDUFS6","GSE214411","Myeloid",TRUE
1.36112402650091e-06,-1.16625078825505,0.064,0.123,0.035917340811306,"TCN2","GSE214411","Myeloid",TRUE
1.36451913902051e-06,-1.45381037963385,0.087,0.15,0.0360069310404732,"MAD1L1","GSE214411","Myeloid",TRUE
1.42344989198424e-06,-0.477392679826605,0.066,0.126,0.03756199574968,"POLD3","GSE214411","Myeloid",TRUE
1.42611336323869e-06,-0.62612523150698,0.252,0.328,0.0376322794291425,"UBE2L6","GSE214411","Myeloid",TRUE
1.44607466147946e-06,-0.752141672588417,0.173,0.25,0.0381590181671201,"MRPL40","GSE214411","Myeloid",TRUE
1.4658230570523e-06,-0.467144991610781,0.334,0.414,0.0386801388294962,"USF2","GSE214411","Myeloid",TRUE
1.47989662758457e-06,-1.33972959544484,0.087,0.153,0.0390515122087016,"FZD1","GSE214411","Myeloid",TRUE
1.48842368516235e-06,-0.486340780572751,0.072,0.136,0.0392765242040641,"PTGR1","GSE214411","Myeloid",TRUE
1.49480458936684e-06,-0.159133290919661,0.495,0.574,0.0394449035042121,"TMEM59","GSE214411","Myeloid",TRUE
1.49545153165867e-06,-0.278084923864176,0.169,0.254,0.0394619750174089,"NPL","GSE214411","Myeloid",TRUE
1.49811082390166e-06,-0.666325910674118,0.099,0.165,0.039532148421117,"SDAD1","GSE214411","Myeloid",TRUE
1.51298696017541e-06,0.778213130937449,0.322,0.224,0.0399246999051086,"GLIPR2","GSE214411","Myeloid",TRUE
1.53719642917719e-06,2.10267905210162,0.037,0.005,0.0405635393731278,"SLAMF9","GSE214411","Myeloid",TRUE
1.54332148647127e-06,-0.451975007389493,0.313,0.401,0.040725167385004,"SLC7A7","GSE214411","Myeloid",TRUE
1.59831435922375e-06,0.905209119170939,0.221,0.136,0.0421763193111963,"MIR22HG","GSE214411","Myeloid",TRUE
1.60128056279903e-06,-0.851704587154086,0.231,0.308,0.0422545914911407,"ITPA","GSE214411","Myeloid",TRUE
1.60541800140157e-06,-0.817845013417266,0.104,0.174,0.0423637702209846,"NISCH","GSE214411","Myeloid",TRUE
1.65185707714203e-06,-0.419842696469668,0.366,0.462,0.0435892045516238,"CTSL","GSE214411","Myeloid",TRUE
1.65338679336444e-06,-0.740804984569607,0.174,0.249,0.0436295707033008,"IMP4","GSE214411","Myeloid",TRUE
1.66674642133036e-06,1.13729117068251,0.35,0.267,0.0439821045660655,"ACSL1","GSE214411","Myeloid",TRUE
1.67570436141106e-06,0.853521475907868,0.199,0.12,0.044218486688915,"STARD4","GSE214411","Myeloid",TRUE
1.67697217693764e-06,0.375932693642551,0.908,0.934,0.0442519418050304,"S100A11","GSE214411","Myeloid",TRUE
1.68121595585591e-06,1.425595864222,0.157,0.089,0.0443639266431257,"BNIP3","GSE214411","Myeloid",TRUE
1.69379159597466e-06,-1.17842108391581,0.097,0.163,0.0446957726345794,"KIF20B","GSE214411","Myeloid",TRUE
1.75197339004059e-06,-1.62686702639018,0.049,0.102,0.0462310738163911,"BARD1","GSE214411","Myeloid",TRUE
1.78763853571666e-06,0.610333586874201,0.609,0.592,0.0471722056804912,"PGK1","GSE214411","Myeloid",TRUE
1.80230753283331e-06,-0.828223406456376,0.054,0.109,0.0475592911764054,"PDPR","GSE214411","Myeloid",TRUE
1.80577252047899e-06,-0.183652776015072,0.444,0.524,0.0476507252703997,"UBXN4","GSE214411","Myeloid",TRUE
1.8073903658004e-06,-0.574004292481082,0.064,0.123,0.0476934169727408,"SLF2","GSE214411","Myeloid",TRUE
1.81496023739133e-06,-0.199765105163666,0.814,0.93,0.0478931707442825,"RPL15","GSE214411","Myeloid",TRUE
1.82589556661671e-06,-0.78518781514166,0.115,0.188,0.0481817322118817,"ARHGAP22","GSE214411","Myeloid",TRUE
1.82971358620977e-06,-1.41318631039504,0.025,0.069,0.0482824821129035,"ZNF561","GSE214411","Myeloid",TRUE
1.89046547252761e-06,-1.24521682609339,0.046,0.099,0.0498856028890586,"FAM217B","GSE214411","Myeloid",TRUE
1.92541022113059e-06,0.644088875109614,0.333,0.236,0.0508077249151939,"EDEM1","GSE214411","Myeloid",TRUE
1.92675232123856e-06,0.72535232170495,0.502,0.422,0.0508431402528432,"NCF2","GSE214411","Myeloid",TRUE
1.92698780349071e-06,-0.301372703159858,0.444,0.524,0.0508493541585127,"TCF25","GSE214411","Myeloid",TRUE
1.9272981926905e-06,1.03604454624133,0.734,0.711,0.0508575447087168,"RGS2","GSE214411","Myeloid",TRUE
1.93653927788869e-06,0.895083119473371,0.431,0.35,0.0511013984649267,"SLC16A3","GSE214411","Myeloid",TRUE
1.96808297993247e-06,-1.84202181738885,0.049,0.103,0.051933773674458,"IL12RB1","GSE214411","Myeloid",TRUE
1.98759356411751e-06,-1.87116829545944,0.044,0.095,0.0524486189699328,"FAM98C","GSE214411","Myeloid",TRUE
2.02552963024947e-06,0.0521989887027748,0.141,0.222,0.053449675883023,"MMP11","GSE214411","Myeloid",TRUE
2.03036039618936e-06,-0.212661523794348,0.601,0.703,0.0535771501346448,"HSPD1","GSE214411","Myeloid",TRUE
2.03669607117019e-06,-2.61810799319872,0.01,0.042,0.0537443359260389,"HOXB-AS1","GSE214411","Myeloid",TRUE
2.0733119712658e-06,-1.35441237086341,0.066,0.123,0.0547105562977619,"TMEM19","GSE214411","Myeloid",TRUE
2.10880071547005e-06,-0.973460652569423,0.049,0.103,0.0556470332798237,"UBE2T","GSE214411","Myeloid",TRUE
2.14021309602437e-06,1.37910653601924,0.08,0.031,0.056475943177891,"IL3RA","GSE214411","Myeloid",TRUE
2.14216521030675e-06,0.760124652246302,0.173,0.099,0.0565274555695746,"SEMA6B","GSE214411","Myeloid",TRUE
2.1467331950602e-06,-0.808704332523039,0.142,0.211,0.0566479955512486,"B3GAT3","GSE214411","Myeloid",TRUE
2.20192829000417e-06,-0.377105680877404,0.462,0.571,0.0581044837166301,"KLF4","GSE214411","Myeloid",TRUE
2.24391876068642e-06,-1.00187216570821,0.089,0.153,0.0592125282569933,"TRIM27","GSE214411","Myeloid",TRUE
2.26094831324598e-06,-0.00267007192756585,0.788,0.853,0.0596619040899349,"HLA-E","GSE214411","Myeloid",TRUE
2.28613339787016e-06,-0.957004667465895,0.084,0.146,0.0603264881029979,"TRIM13","GSE214411","Myeloid",TRUE
2.36729226976272e-06,-1.50009060846829,0.013,0.049,0.0624681084144987,"TSPYL5","GSE214411","Myeloid",TRUE
2.37144962288492e-06,-0.44704490602726,0.326,0.411,0.0625778126486873,"STX4","GSE214411","Myeloid",TRUE
2.38798448921349e-06,-0.248910572932301,0.391,0.49,0.0630141347013655,"TMEM14C","GSE214411","Myeloid",TRUE
2.43920400820205e-06,-0.465673613859876,0.36,0.434,0.0643657153684357,"SYNGR2","GSE214411","Myeloid",TRUE
2.46066689143884e-06,0.530405544942157,0.124,0.061,0.0649320779312881,"PHLDB1","GSE214411","Myeloid",TRUE
2.46286241591656e-06,1.01466272613678,0.549,0.496,0.0649900134312061,"C4orf3","GSE214411","Myeloid",TRUE
2.47337012924375e-06,-0.744508085734002,0.223,0.302,0.0652672909704842,"STX12","GSE214411","Myeloid",TRUE
2.50855446870468e-06,-0.697237730085612,0.193,0.269,0.0661957353201792,"MRPS16","GSE214411","Myeloid",TRUE
2.52127636683313e-06,1.86164643062546,0.062,0.02,0.0665314407679927,"CHST7","GSE214411","Myeloid",TRUE
2.53281264067453e-06,-0.361064171516915,0.371,0.458,0.0668358599621195,"TRAPPC1","GSE214411","Myeloid",TRUE
2.53294531424946e-06,-1.22065241430942,0.076,0.137,0.0668393609524148,"KLHDC2","GSE214411","Myeloid",TRUE
2.54046915487426e-06,-1.03505675083322,0.036,0.085,0.0670379000588221,"KIFAP3","GSE214411","Myeloid",TRUE
2.564193910881e-06,-0.258592891656992,0.398,0.49,0.0676639489203278,"UFC1","GSE214411","Myeloid",TRUE
2.57301072423437e-06,-0.32011713427644,0.094,0.162,0.0678966069910966,"ARID5B","GSE214411","Myeloid",TRUE
2.63710923526845e-06,-0.575709719582281,0.231,0.308,0.069588038500264,"WIPI2","GSE214411","Myeloid",TRUE
2.6946526433842e-06,1.16433951041995,0.117,0.057,0.0711064939536221,"PTX3","GSE214411","Myeloid",TRUE
2.6960152840565e-06,-1.07226700514859,0.057,0.112,0.0711424513156828,"MTERF4","GSE214411","Myeloid",TRUE
2.73550319355248e-06,-0.631745804069218,0.238,0.32,0.0721844582714627,"TFEC","GSE214411","Myeloid",TRUE
2.75145823387826e-06,-0.32578632662513,0.38,0.453,0.0726054798755796,"BCAP31","GSE214411","Myeloid",TRUE
2.78468212081359e-06,0.628160300629722,0.571,0.542,0.0734821918040291,"PCBP2","GSE214411","Myeloid",TRUE
2.8135542524521e-06,-0.189076693874682,0.442,0.533,0.074244069613706,"C19orf53","GSE214411","Myeloid",TRUE
2.82146938646563e-06,1.19264657120723,0.297,0.216,0.0744529341700551,"RCOR1","GSE214411","Myeloid",TRUE
2.82956222850679e-06,-0.122557355445119,0.681,0.799,0.074666488085837,"RAC1","GSE214411","Myeloid",TRUE
2.84533019793094e-06,-2.60062776192452,0.023,0.065,0.0750825732630016,"RAD51D","GSE214411","Myeloid",TRUE
2.84752068952609e-06,-1.54152148575655,0.009,0.04,0.0751403759552143,"RP11-61K9.3","GSE214411","Myeloid",TRUE
2.8503794767978e-06,-0.535886072393189,0.314,0.392,0.0752158136337404,"SUMO3","GSE214411","Myeloid",TRUE
2.85773719550883e-06,-0.208845498559139,0.846,0.926,0.0754099691150871,"RPS4X","GSE214411","Myeloid",TRUE
2.86148349996655e-06,1.09348639582609,0.257,0.175,0.0755088265971173,"SELL","GSE214411","Myeloid",TRUE
2.87193622891138e-06,-0.204337175526002,0.575,0.667,0.0757846532085134,"COX8A","GSE214411","Myeloid",TRUE
2.93782791995551e-06,-0.717645377533735,0.172,0.243,0.0775234031517861,"VPS36","GSE214411","Myeloid",TRUE
2.96224587625734e-06,0.885529812511499,0.332,0.242,0.0781677441826788,"TLE3","GSE214411","Myeloid",TRUE
3.1094185815021e-06,-1.51649315555212,0.119,0.183,0.0820513375286773,"SRGAP2B","GSE214411","Myeloid",TRUE
3.12434318299904e-06,-1.39088722634494,0.045,0.096,0.0824451679129786,"RNF214","GSE214411","Myeloid",TRUE
3.14931113394648e-06,0.719226610713581,0.332,0.242,0.0831040222025797,"SH3BP5","GSE214411","Myeloid",TRUE
3.15990529898472e-06,-0.585668196033694,0.187,0.264,0.0833835810296088,"ARHGAP21","GSE214411","Myeloid",TRUE
3.16244526162069e-06,-0.238772705807934,0.596,0.706,0.0834506055636468,"NAP1L1","GSE214411","Myeloid",TRUE
3.17800764579657e-06,-0.942390359703035,0.094,0.159,0.0838612657572798,"RGS12","GSE214411","Myeloid",TRUE
3.20162503278225e-06,-0.772031208904873,0.191,0.262,0.084484481365058,"TPGS1","GSE214411","Myeloid",TRUE
3.24355780656118e-06,-0.382379059356563,0.217,0.294,0.0855910033995364,"PSMB5","GSE214411","Myeloid",TRUE
3.24986814535312e-06,-0.616174028313307,0.108,0.174,0.0857575206195781,"KIN","GSE214411","Myeloid",TRUE
3.30499163910599e-06,-0.437556534027054,0.213,0.29,0.0872121193727288,"SURF1","GSE214411","Myeloid",TRUE
3.32549089482821e-06,-1.40067741924686,0.084,0.147,0.0877530537327267,"MTIF2","GSE214411","Myeloid",TRUE
3.34654060084944e-06,-2.26507228837242,0.032,0.077,0.088308513375215,"HELB","GSE214411","Myeloid",TRUE
3.3659675325656e-06,-0.609395684042919,0.06,0.119,0.088821151249341,"LILRB5","GSE214411","Myeloid",TRUE
3.38384808061721e-06,-0.24506541935349,0.733,0.886,0.0892929831513269,"RPS20","GSE214411","Myeloid",TRUE
3.41860233980104e-06,0.697366539548817,0.252,0.166,0.0902100785426699,"AMPD2","GSE214411","Myeloid",TRUE
3.41988024647127e-06,-0.013414183152035,0.378,0.467,0.0902437999438838,"RNF213","GSE214411","Myeloid",TRUE
3.42104856202152e-06,-1.66764408757415,0.034,0.081,0.0902746294546238,"PPARGC1B","GSE214411","Myeloid",TRUE
3.43540706272195e-06,-0.29516378977161,0.542,0.646,0.0906535215711067,"ATP5G3","GSE214411","Myeloid",TRUE
3.47178301021267e-06,-1.77265297349269,0.017,0.054,0.0916134100734921,"RTP4","GSE214411","Myeloid",TRUE
3.48553904628439e-06,-0.331444743718706,0.385,0.477,0.0919764043533524,"LGMN","GSE214411","Myeloid",TRUE
3.49913006032248e-06,1.36445847291275,0.12,0.06,0.0923350440317896,"IRAK2","GSE214411","Myeloid",TRUE
3.50365108497752e-06,-0.673360629388813,0.239,0.316,0.0924543448303868,"CD33","GSE214411","Myeloid",TRUE
3.50870324464457e-06,-0.878877039217358,0.11,0.176,0.0925876612196808,"IVD","GSE214411","Myeloid",TRUE
3.55503831205485e-06,-0.903837582451303,0.066,0.123,0.0938103509785035,"TMEM223","GSE214411","Myeloid",TRUE
3.56236761559115e-06,-0.0483100984889961,0.413,0.521,0.0940037566402192,"GSN","GSE214411","Myeloid",TRUE
3.6087930936214e-06,-0.13575074435444,0.394,0.469,0.0952288321544815,"TMBIM4","GSE214411","Myeloid",TRUE
3.68322197852498e-06,0.226927974362135,0.827,0.915,0.0971928615693173,"RPS23","GSE214411","Myeloid",TRUE
3.68477396134048e-06,-0.1341501317635,0.19,0.265,0.0972338152918527,"GGCT","GSE214411","Myeloid",TRUE
3.71005549135094e-06,-0.163911895763797,0.568,0.663,0.0979009443057686,"WSB1","GSE214411","Myeloid",TRUE
3.73492984837155e-06,0.216768704847448,0.791,0.889,0.0985573288388284,"RPL35A","GSE214411","Myeloid",TRUE
3.77267398621921e-06,-0.409230146541186,0.221,0.298,0.0995533211483525,"INPP5D","GSE214411","Myeloid",TRUE
3.79905913257848e-06,-0.503888976651244,0.056,0.11,0.100249572390481,"SLFN12","GSE214411","Myeloid",TRUE
3.82153902373497e-06,-0.54576183788329,0.329,0.408,0.100842771758318,"HNMT","GSE214411","Myeloid",TRUE
3.89521550455901e-06,0.71018708916021,0.767,0.733,0.102786946734303,"BCL2A1","GSE214411","Myeloid",TRUE
3.92407334061823e-06,0.00960405344568582,0.126,0.201,0.103548447312234,"IGFBP4","GSE214411","Myeloid",TRUE
3.94732780451503e-06,-0.630801042085224,0.304,0.381,0.104162086105543,"POU2F2","GSE214411","Myeloid",TRUE
3.95722050732337e-06,-0.923954002934491,0.046,0.096,0.104423134747249,"ZBED3","GSE214411","Myeloid",TRUE
3.96511542714099e-06,-0.38486461173257,0.32,0.393,0.104631465891397,"TNFRSF14","GSE214411","Myeloid",TRUE
3.99399855538014e-06,-0.321818175719496,0.58,0.683,0.105393633879371,"CALR","GSE214411","Myeloid",TRUE
4.02845372698419e-06,-0.820322394889242,0.078,0.138,0.106302836947659,"NTPCR","GSE214411","Myeloid",TRUE
4.05479134952675e-06,-0.548521485243925,0.259,0.334,0.106997834131312,"FIBP","GSE214411","Myeloid",TRUE
4.07686170909925e-06,-0.505015937565934,0.334,0.403,0.107580226779711,"AUP1","GSE214411","Myeloid",TRUE
4.07737225953006e-06,-0.176501686973853,0.58,0.677,0.107593699184479,"COX5B","GSE214411","Myeloid",TRUE
4.09156889665766e-06,0.969993064705972,0.334,0.252,0.107968320045002,"JARID2","GSE214411","Myeloid",TRUE
4.09299675263927e-06,-1.10227887115437,0.093,0.157,0.108005998308645,"HACD3","GSE214411","Myeloid",TRUE
4.11401256501417e-06,-1.13471841013386,0.064,0.12,0.108560563565594,"TNFRSF21","GSE214411","Myeloid",TRUE
4.21108604176989e-06,-0.628812456577044,0.261,0.335,0.111122138470224,"FAM195B","GSE214411","Myeloid",TRUE
4.22290820473962e-06,-0.256725391039395,0.676,0.787,0.111434101706669,"EEF1D","GSE214411","Myeloid",TRUE
4.2280341917572e-06,0.84186765648471,0.123,0.061,0.111569366252089,"TRAF4","GSE214411","Myeloid",TRUE
4.23702167912125e-06,-0.575653890492123,0.266,0.344,0.111806528068652,"NEU1","GSE214411","Myeloid",TRUE
4.24868260826525e-06,0.942625863373088,0.164,0.093,0.112114236666903,"SRC","GSE214411","Myeloid",TRUE
4.26645150866335e-06,-1.98036894349463,0.018,0.055,0.112583122410608,"ACRBP","GSE214411","Myeloid",TRUE
4.27184847141602e-06,-0.233190155072255,0.788,0.924,0.112725537463726,"RPL18A","GSE214411","Myeloid",TRUE
4.27613511413036e-06,-0.360746895790526,0.42,0.482,0.112838653391672,"TUFM","GSE214411","Myeloid",TRUE
4.39979110895933e-06,-1.17690942313773,0.081,0.141,0.116101687783219,"VCPIP1","GSE214411","Myeloid",TRUE
4.40389165533365e-06,0.198020184621416,0.794,0.906,0.116209893000944,"RPS29","GSE214411","Myeloid",TRUE
4.60175330203783e-06,-0.764474729851993,0.049,0.1,0.121431066134174,"ZC3H6","GSE214411","Myeloid",TRUE
4.61145923465089e-06,-0.686908162053922,0.178,0.252,0.121687186283968,"MRPL13","GSE214411","Myeloid",TRUE
4.61291850756303e-06,-0.765556939758097,0.174,0.239,0.121725693577573,"ANKRD13D","GSE214411","Myeloid",TRUE
4.62533014363378e-06,-0.856792368474196,0.025,0.067,0.122053211830208,"DEXI","GSE214411","Myeloid",TRUE
4.64853163637122e-06,-1.14554967007137,0.125,0.192,0.122665452820564,"ATP8B4","GSE214411","Myeloid",TRUE
4.67910437011228e-06,0.0997628753364854,0.219,0.301,0.123472206118523,"ARID4A","GSE214411","Myeloid",TRUE
4.68572675962171e-06,0.590547666478846,0.357,0.257,0.123646957732898,"MBOAT7","GSE214411","Myeloid",TRUE
4.68626341662544e-06,-0.901947359669169,0.006,0.034,0.123661119037912,"ZNF623","GSE214411","Myeloid",TRUE
4.70701207236829e-06,-0.804164487781555,0.146,0.215,0.124208634565655,"CRBN","GSE214411","Myeloid",TRUE
4.72283767301406e-06,-0.868159781414704,0.105,0.169,0.124626240515495,"ARPIN","GSE214411","Myeloid",TRUE
4.7430516403245e-06,-0.586953513070622,0.296,0.357,0.125159646684883,"ECH1","GSE214411","Myeloid",TRUE
4.78125710477674e-06,-0.253217774206372,0.221,0.294,0.126167812480849,"PIAS1","GSE214411","Myeloid",TRUE
4.80816464902573e-06,-0.746873461445918,0.096,0.159,0.126877848758491,"ZMYM4","GSE214411","Myeloid",TRUE
4.90504576449737e-06,-0.593350422422178,0.277,0.352,0.129434347633557,"MRPL57","GSE214411","Myeloid",TRUE
4.99254129386045e-06,-1.21182591970489,0.064,0.121,0.13174317966239,"CD209","GSE214411","Myeloid",TRUE
5.02922586140515e-06,0.680628309496402,0.374,0.29,0.132711212030759,"ATP13A3","GSE214411","Myeloid",TRUE
5.07507975194089e-06,-0.999019089002191,0.055,0.109,0.133921204494216,"SMARCAD1","GSE214411","Myeloid",TRUE
5.08134976366311e-06,1.97305578738144,0.106,0.052,0.134086657563542,"TM4SF1","GSE214411","Myeloid",TRUE
5.11612982724526e-06,-0.664875583527586,0.172,0.244,0.135004433881348,"MED4","GSE214411","Myeloid",TRUE
5.19394011973536e-06,-2.04662084811861,0.019,0.056,0.137057691879577,"KLHL22","GSE214411","Myeloid",TRUE
5.20087481683364e-06,-0.701866642172637,0.055,0.108,0.137240684666606,"NPAT","GSE214411","Myeloid",TRUE
5.22124764913942e-06,-0.491166479315705,0.341,0.411,0.137778282965491,"MYCBP2","GSE214411","Myeloid",TRUE
5.22269289255587e-06,-0.547144533059694,0.059,0.114,0.137816420048764,"ARL11","GSE214411","Myeloid",TRUE
5.34597607391335e-06,1.78419995342699,0.066,0.023,0.141069616638425,"CLMN","GSE214411","Myeloid",TRUE
5.38123477047684e-06,-0.926189188749006,0.068,0.126,0.142000023123343,"WAC-AS1","GSE214411","Myeloid",TRUE
5.3916277342987e-06,-0.860467645193524,0.144,0.21,0.142274272652674,"CHID1","GSE214411","Myeloid",TRUE
5.43919966500086e-06,-0.666844615668581,0.045,0.094,0.143529600760043,"PDRG1","GSE214411","Myeloid",TRUE
5.4963124442264e-06,1.99883604013442,0.066,0.023,0.145036692778246,"SGMS2","GSE214411","Myeloid",TRUE
5.64279208329916e-06,-0.885274991579041,0.049,0.1,0.148901997494098,"WDR75","GSE214411","Myeloid",TRUE
5.71172009160047e-06,1.52621575816797,0.126,0.067,0.150720869777153,"CLDN4","GSE214411","Myeloid",TRUE
5.75052762421473e-06,-1.09433830250758,0.024,0.065,0.151744922947778,"PCYT2","GSE214411","Myeloid",TRUE
5.75619868487267e-06,-0.920489658602298,0.208,0.282,0.15189457089642,"ACP5","GSE214411","Myeloid",TRUE
5.78372834150203e-06,-0.34056987373946,0.316,0.386,0.152621023475556,"PHB","GSE214411","Myeloid",TRUE
5.89347835642945e-06,-0.560628198528484,0.246,0.323,0.15551710686946,"NDUFAF3","GSE214411","Myeloid",TRUE
5.89718725305915e-06,-0.802076834914744,0.098,0.161,0.155614977233725,"TK2","GSE214411","Myeloid",TRUE
5.93626209688869e-06,-0.587256954992006,0.369,0.44,0.156646084212699,"PA2G4","GSE214411","Myeloid",TRUE
5.93746194238016e-06,2.01594412033446,0.06,0.02,0.156677745735528,"NOCT","GSE214411","Myeloid",TRUE
5.98668109441342e-06,0.601714082809804,0.644,0.605,0.157976540719381,"DDX3X","GSE214411","Myeloid",TRUE
5.98858055876542e-06,-0.930990537570101,0.073,0.13,0.158026663784702,"TMEM60","GSE214411","Myeloid",TRUE
6.15264898258842e-06,-0.662012107333476,0.081,0.141,0.162356101352543,"PUS7L","GSE214411","Myeloid",TRUE
6.2984874321546e-06,0.674211751328492,0.412,0.321,0.166204486359696,"RAB21","GSE214411","Myeloid",TRUE
6.39878492525156e-06,-0.826616145045278,0.148,0.217,0.168851136607538,"CCDC112","GSE214411","Myeloid",TRUE
6.43492032665658e-06,0.181722587750285,0.869,0.924,0.169804677579814,"RPL30","GSE214411","Myeloid",TRUE
6.44586402032808e-06,-0.553519928769493,0.033,0.078,0.170093459768417,"CCNB2","GSE214411","Myeloid",TRUE
6.4678043111682e-06,-0.310417997269718,0.487,0.571,0.170672420163106,"GLTSCR2","GSE214411","Myeloid",TRUE
6.47091175379464e-06,-1.2228536896241,0.015,0.05,0.170754419359133,"YAE1D1","GSE214411","Myeloid",TRUE
6.47928077794565e-06,-1.07612458018939,0.14,0.213,0.17097526116843,"IL10","GSE214411","Myeloid",TRUE
6.57852021367415e-06,-2.09329612478247,0.012,0.043,0.173593991398434,"METTL7B","GSE214411","Myeloid",TRUE
6.59341288684891e-06,-0.857640045772213,0.04,0.088,0.173986979258169,"GPR180","GSE214411","Myeloid",TRUE
6.62558399148899e-06,-1.24373083007851,0.12,0.183,0.174835910367412,"ALDH16A1","GSE214411","Myeloid",TRUE
6.87368867333549e-06,0.663822442777153,0.557,0.488,0.181382896711977,"PDE4B","GSE214411","Myeloid",TRUE
6.87721293322569e-06,-0.163132092159464,0.383,0.461,0.18147589488196,"FNBP1","GSE214411","Myeloid",TRUE
6.89939053759585e-06,1.2510292423303,0.252,0.174,0.182061117506079,"ISG20","GSE214411","Myeloid",TRUE
6.91086572447791e-06,-0.419557918518889,0.123,0.193,0.182363924737523,"WWP1","GSE214411","Myeloid",TRUE
6.96736213029017e-06,-1.86996421330799,0.017,0.053,0.183854751894097,"CDC20","GSE214411","Myeloid",TRUE
7.00840485303174e-06,-0.0627199655251529,0.639,0.717,0.184937787261801,"ATP6V0E1","GSE214411","Myeloid",TRUE
7.08152376571589e-06,-0.342433525432301,0.475,0.581,0.186867249129711,"CPVL","GSE214411","Myeloid",TRUE
7.13433123277187e-06,-0.512850558839546,0.27,0.345,0.188260732570384,"CRTAP","GSE214411","Myeloid",TRUE
7.14473411564185e-06,-0.950690558767853,0.033,0.078,0.188535243843557,"CENPM","GSE214411","Myeloid",TRUE
7.18525563587097e-06,-0.497758614535484,0.276,0.352,0.189604525719363,"PHIP","GSE214411","Myeloid",TRUE
7.41908145785351e-06,-0.435590384201135,0.235,0.308,0.195774721509838,"DNMT1","GSE214411","Myeloid",TRUE
7.42689798138253e-06,-1.05705704113497,0.077,0.136,0.195980983932722,"ZNF32","GSE214411","Myeloid",TRUE
7.4311398858148e-06,-0.466333956739931,0.017,0.053,0.196092919306881,"RP11-212I21.2","GSE214411","Myeloid",TRUE
7.47951332959981e-06,-0.753754125230719,0.155,0.222,0.19736939774148,"SMARCA2","GSE214411","Myeloid",TRUE
7.50033513421827e-06,0.70147357239738,0.614,0.585,0.197918843521752,"SERPINB1","GSE214411","Myeloid",TRUE
7.60101380435681e-06,-0.479210696273008,0.102,0.165,0.200575552269367,"TNS3","GSE214411","Myeloid",TRUE
7.64759072436801e-06,-0.589704119850015,0.16,0.231,0.201804624034623,"CALU","GSE214411","Myeloid",TRUE
7.66133899527983e-06,-1.19579107414573,0.066,0.12,0.202167413407444,"TTF2","GSE214411","Myeloid",TRUE
7.68712125945583e-06,0.607298140759317,0.627,0.591,0.202847755794521,"JMJD1C","GSE214411","Myeloid",TRUE
7.77865794755943e-06,1.05305807214885,0.129,0.069,0.205263225920198,"BRAF","GSE214411","Myeloid",TRUE
7.81226742869308e-06,-1.33056512363977,0.046,0.094,0.206150112908353,"PIK3IP1","GSE214411","Myeloid",TRUE
7.84288000678726e-06,-0.818968898467171,0.139,0.208,0.206957917619102,"PTPMT1","GSE214411","Myeloid",TRUE
7.89521372906308e-06,-0.644465402693608,0.29,0.358,0.208338899882517,"MRPL14","GSE214411","Myeloid",TRUE
7.98474335157293e-06,-0.56658411467912,0.18,0.25,0.210701407561307,"RGS18","GSE214411","Myeloid",TRUE
8.03670241506867e-06,2.73829854834547,0.029,0.003,0.212072503328832,"PTGES","GSE214411","Myeloid",TRUE
8.05488108234528e-06,-0.184646514495068,0.172,0.247,0.212552202000927,"CYP20A1","GSE214411","Myeloid",TRUE
8.11542525689829e-06,-1.0552552575094,0.053,0.104,0.214149841679032,"GHDC","GSE214411","Myeloid",TRUE
8.13024017592618e-06,0.76207490857659,0.124,0.065,0.21454077776234,"PTGER2","GSE214411","Myeloid",TRUE
8.15612187422469e-06,-0.233526771062327,0.334,0.401,0.215223744017041,"ARHGAP4","GSE214411","Myeloid",TRUE
8.27657810084162e-06,-1.40164495290322,0.006,0.033,0.218402342925009,"C11orf45","GSE214411","Myeloid",TRUE
8.50001171833525e-06,-1.02389358098006,0.055,0.107,0.22429830922343,"TMEM203","GSE214411","Myeloid",TRUE
8.56093026311036e-06,-1.2021476074665,0.054,0.105,0.225905827782956,"SLC7A6OS","GSE214411","Myeloid",TRUE
8.63837464644912e-06,-0.298062694393768,0.528,0.631,0.227949430170499,"EIF3F","GSE214411","Myeloid",TRUE
8.69850257497907e-06,-1.30708192089221,0.046,0.094,0.229536085948548,"C7orf49","GSE214411","Myeloid",TRUE
8.70632471428762e-06,-1.41877857558643,0.058,0.11,0.229742496560622,"STK16","GSE214411","Myeloid",TRUE
8.72128805615982e-06,-1.09391577502584,0.022,0.059,0.230137349225945,"CD3EAP","GSE214411","Myeloid",TRUE
8.92670920618309e-06,-1.02443324505727,0.042,0.09,0.235558002532759,"GPX7","GSE214411","Myeloid",TRUE
8.97902862549885e-06,-0.56185227239048,0.046,0.094,0.236938607369664,"MIEF1","GSE214411","Myeloid",TRUE
8.99456738253769e-06,1.19877659430767,0.164,0.096,0.237348644090405,"ATP11B","GSE214411","Myeloid",TRUE
8.99769842247725e-06,-0.933737502420085,0.245,0.31,0.23743126597233,"SLC25A11","GSE214411","Myeloid",TRUE
9.04422965963842e-06,1.30207531334487,0.203,0.133,0.238659132258538,"FAM65B","GSE214411","Myeloid",TRUE
9.09558353796476e-06,-0.520865744320915,0.233,0.301,0.240014258399814,"TMEM208","GSE214411","Myeloid",TRUE
9.13544572734094e-06,-0.242003368990603,0.529,0.61,0.241066141853073,"SERBP1","GSE214411","Myeloid",TRUE
9.17179507990863e-06,-0.290625632482727,0.328,0.406,0.242025328568629,"BNIP2","GSE214411","Myeloid",TRUE
9.22569181670041e-06,0.127321180008268,0.927,0.959,0.243447555659091,"MT-ND3","GSE214411","Myeloid",TRUE
9.23982013305716e-06,-1.17684925478652,0.04,0.087,0.243820373671112,"RBM12B","GSE214411","Myeloid",TRUE
9.35334130839128e-06,0.957429277318384,0.286,0.207,0.246815970445829,"ACSL3","GSE214411","Myeloid",TRUE
9.41188739457743e-06,0.00774943712101805,0.545,0.647,0.248360884568109,"FYB","GSE214411","Myeloid",TRUE
9.45524570414689e-06,-0.770298213826004,0.11,0.172,0.249505023641028,"AKAP11","GSE214411","Myeloid",TRUE
9.47658058743311e-06,-0.635793596851679,0.252,0.326,0.250068008541185,"NME3","GSE214411","Myeloid",TRUE
9.56866453570203e-06,-0.83525313297023,0.077,0.135,0.252497919768105,"ABCD4","GSE214411","Myeloid",TRUE
9.62167805210362e-06,-0.498869201048694,0.097,0.159,0.25389684043891,"RNF169","GSE214411","Myeloid",TRUE
9.67318920540081e-06,-1.66566477362492,0.047,0.095,0.255256116752116,"WDR81","GSE214411","Myeloid",TRUE
9.82154523065281e-06,0.835868062955735,0.332,0.244,0.259170935546466,"MX2","GSE214411","Myeloid",TRUE
9.90661223599215e-06,-2.22342834522896,0.008,0.036,0.261415683683361,"CTTNBP2","GSE214411","Myeloid",TRUE
9.93197184822225e-06,1.95573334998301,0.049,0.014,0.262084873130889,"KCNN4","GSE214411","Myeloid",TRUE
1.00081844087878e-05,-1.99593783814109,0.023,0.061,0.264095970179093,"SMYD4","GSE214411","Myeloid",TRUE
1.00252090237987e-05,-0.558376794613828,0.058,0.11,0.264545215719999,"SLC39A11","GSE214411","Myeloid",TRUE
1.00990356994604e-05,-0.597869562717463,0.144,0.212,0.26649335403736,"MRPS11","GSE214411","Myeloid",TRUE
1.01759524715306e-05,-1.71374212730547,0.015,0.049,0.268523033818749,"CRYBB1","GSE214411","Myeloid",TRUE
1.01857439968381e-05,0.976679166854947,0.486,0.403,0.268781412588563,"PFKFB3","GSE214411","Myeloid",TRUE
1.04255543889868e-05,-0.932378501942553,0.181,0.248,0.275109529216583,"FKBP15","GSE214411","Myeloid",TRUE
1.04302774619152e-05,-0.0864540458344329,0.075,0.133,0.27523416166502,"C14orf159","GSE214411","Myeloid",TRUE
1.05563079696278e-05,0.153557216761931,0.799,0.885,0.278559854702539,"RPL37A","GSE214411","Myeloid",TRUE
1.05782096607094e-05,0.541863252029977,0.645,0.682,0.279137796526801,"ENO1","GSE214411","Myeloid",TRUE
1.06214496692966e-05,0.0508238724353623,0.395,0.474,0.280278813873399,"RNF13","GSE214411","Myeloid",TRUE
1.0627019140981e-05,0.870590447648049,0.158,0.092,0.280425781092207,"FBXO34","GSE214411","Myeloid",TRUE
1.06449217414514e-05,-0.310133668086876,0.13,0.2,0.280898194913419,"SEPT11","GSE214411","Myeloid",TRUE
1.07395109845517e-05,-0.621166209000327,0.049,0.097,0.283394215860352,"SRRD","GSE214411","Myeloid",TRUE
1.08829768708925e-05,-2.20992102752158,0.02,0.056,0.287179993669111,"CDT1","GSE214411","Myeloid",TRUE
1.09698498480072e-05,2.87139908903779,0.039,0.008,0.289472397789214,"RGL4","GSE214411","Myeloid",TRUE
1.10005606994834e-05,0.498981322067715,0.213,0.133,0.290282795737968,"MT-ATP8","GSE214411","Myeloid",TRUE
1.1008373732131e-05,-0.712623193581686,0.146,0.213,0.290488966043472,"METTL7A","GSE214411","Myeloid",TRUE
1.11548934141155e-05,-1.03642013151562,0.105,0.166,0.29435532741168,"ZNF581","GSE214411","Myeloid",TRUE
1.12126076719418e-05,-0.869205203760515,0.156,0.221,0.295878291247201,"GDE1","GSE214411","Myeloid",TRUE
1.12301887445346e-05,-0.635801957652933,0.142,0.215,0.296342220590778,"RNASE1","GSE214411","Myeloid",TRUE
1.12557567917924e-05,-0.196848350085048,0.443,0.531,0.297016910221819,"SNU13","GSE214411","Myeloid",TRUE
1.12601412597921e-05,-0.535423111300587,0.155,0.224,0.297132607563395,"TFEB","GSE214411","Myeloid",TRUE
1.13144658376992e-05,-0.26706959070256,0.281,0.359,0.298566124525206,"DSTN","GSE214411","Myeloid",TRUE
1.14237456983368e-05,-0.729375482796093,0.179,0.246,0.301449801487713,"USP14","GSE214411","Myeloid",TRUE
1.17405425916242e-05,-0.335408957045943,0.494,0.585,0.30980943790778,"UCP2","GSE214411","Myeloid",TRUE
1.17419757898978e-05,-0.852475906332732,0.02,0.056,0.309847257143823,"SASS6","GSE214411","Myeloid",TRUE
1.17644273582778e-05,-0.751946317191861,0.166,0.233,0.310439709130234,"C14orf119","GSE214411","Myeloid",TRUE
1.18026319948937e-05,-0.607858130790661,0.257,0.325,0.311447853081255,"PCBD1","GSE214411","Myeloid",TRUE
1.18466538912047e-05,-0.740877663730688,0.113,0.177,0.312609502881109,"RFC1","GSE214411","Myeloid",TRUE
1.2120959263536e-05,-0.355350875251388,0.367,0.433,0.319847873046187,"NCKAP1L","GSE214411","Myeloid",TRUE
1.21694993775857e-05,-0.280083566923476,0.371,0.441,0.321128749575732,"ZNHIT1","GSE214411","Myeloid",TRUE
1.22959994287209e-05,1.24080043286251,0.076,0.032,0.324466832925086,"LINC01541","GSE214411","Myeloid",TRUE
1.23217359173641e-05,1.08109459214836,0.138,0.078,0.325145967387404,"EAF1","GSE214411","Myeloid",TRUE
1.24297406215621e-05,-1.14259647075264,0.039,0.084,0.327995995521782,"CTU1","GSE214411","Myeloid",TRUE
1.26141033068747e-05,0.824443509372647,0.31,0.227,0.332860958061808,"B3GNT5","GSE214411","Myeloid",TRUE
1.28039550392909e-05,-1.6740276048187,0.037,0.081,0.33787076557681,"LINC01503","GSE214411","Myeloid",TRUE
1.29177455847797e-05,-0.319730076665589,0.306,0.387,0.340873470491167,"EVL","GSE214411","Myeloid",TRUE
1.29869668255526e-05,0.868840361197521,0.216,0.142,0.342700080592682,"NDRG1","GSE214411","Myeloid",TRUE
1.30373103041012e-05,-0.537599127536333,0.332,0.404,0.344028544304623,"PMAIP1","GSE214411","Myeloid",TRUE
1.30820940973209e-05,-0.827379309708696,0.018,0.053,0.345210299040104,"EXTL2","GSE214411","Myeloid",TRUE
1.3089878598983e-05,-0.740037283436008,0.089,0.147,0.345415716469964,"ST3GAL5","GSE214411","Myeloid",TRUE
1.31082201667869e-05,-1.37190333992823,0.058,0.108,0.345899713761172,"MRPL46","GSE214411","Myeloid",TRUE
1.32230177185272e-05,-0.64348462807008,0.24,0.304,0.348928991556496,"SMC1A","GSE214411","Myeloid",TRUE
1.3372071760821e-05,-1.74058294937556,0.041,0.087,0.352862229624545,"PRR11","GSE214411","Myeloid",TRUE
1.33992449831976e-05,-1.20859005544923,0.041,0.087,0.353579276616617,"HIRIP3","GSE214411","Myeloid",TRUE
1.34625696299708e-05,-1.04725185336716,0.024,0.062,0.355250287395671,"C6orf203","GSE214411","Myeloid",TRUE
1.35501727721954e-05,-0.769972239672239,0.071,0.128,0.357561959112693,"IFITM10","GSE214411","Myeloid",TRUE
1.36016189443166e-05,-0.562475624437847,0.337,0.404,0.358919520702625,"NASP","GSE214411","Myeloid",TRUE
1.36412376682442e-05,-0.942820610789879,0.102,0.162,0.359964979589629,"ZDHHC4","GSE214411","Myeloid",TRUE
1.36536376303588e-05,-0.620779901070318,0.075,0.13,0.360292189789907,"NREP","GSE214411","Myeloid",TRUE
1.36991386754545e-05,-0.275951369965428,0.633,0.707,0.361492871367894,"NR4A2","GSE214411","Myeloid",TRUE
1.40070051267198e-05,-2.06082687897822,0.014,0.047,0.369616851283882,"TUBGCP5","GSE214411","Myeloid",TRUE
1.40099954661407e-05,-0.218067615365007,0.42,0.508,0.36969576036052,"TGOLN2","GSE214411","Myeloid",TRUE
1.4037359876084e-05,1.73010821829481,0.147,0.086,0.370417852410103,"CCDC71L","GSE214411","Myeloid",TRUE
1.40779687991821e-05,-0.634897558560756,0.314,0.379,0.371489440672817,"GUSB","GSE214411","Myeloid",TRUE
1.41705931693186e-05,-0.683770412905163,0.192,0.265,0.373933612551979,"IER5L","GSE214411","Myeloid",TRUE
1.4188381206189e-05,-0.55698930726637,0.069,0.124,0.374403003268914,"AAMDC","GSE214411","Myeloid",TRUE
1.41952081268386e-05,-1.66755270979829,0.042,0.088,0.374583152051018,"CPT2","GSE214411","Myeloid",TRUE
1.42326219840223e-05,1.01705002753376,0.249,0.169,0.375570428914379,"RP2","GSE214411","Myeloid",TRUE
1.42335228046644e-05,-1.42308972994574,0.03,0.07,0.375594199769485,"HAPLN3","GSE214411","Myeloid",TRUE
1.43447263417006e-05,-0.570384678141419,0.082,0.14,0.378528638704794,"MRPL44","GSE214411","Myeloid",TRUE
1.44337524974687e-05,0.797623142743056,0.275,0.193,0.380877860903203,"TES","GSE214411","Myeloid",TRUE
1.44699198140424e-05,-0.785091092192325,0.175,0.24,0.381832244052951,"DHRS4L2","GSE214411","Myeloid",TRUE
1.47158516929964e-05,2.13978696524947,0.059,0.021,0.388321894474788,"CRADD","GSE214411","Myeloid",TRUE
1.4808761349451e-05,-0.796237958583914,0.174,0.238,0.390773594489312,"HINT2","GSE214411","Myeloid",TRUE
1.48449489032063e-05,1.02961365353648,0.256,0.175,0.391728511657808,"PAPSS1","GSE214411","Myeloid",TRUE
1.49012290839499e-05,0.147496547253319,0.861,0.935,0.393213633067271,"RPL39","GSE214411","Myeloid",TRUE
1.49570027847292e-05,-0.688220903322433,0.182,0.25,0.394685389483434,"SECTM1","GSE214411","Myeloid",TRUE
1.5097237094075e-05,-1.2765127332483,0.013,0.043,0.398385892438452,"GTF2E1","GSE214411","Myeloid",TRUE
1.53707497978114e-05,1.97130381842083,0.044,0.012,0.405603345664647,"CBARP","GSE214411","Myeloid",TRUE
1.55410049288086e-05,-0.328201245190816,0.314,0.383,0.4100960380614,"PSMG2","GSE214411","Myeloid",TRUE
1.55412453497959e-05,-0.897436518920878,0.04,0.085,0.410102382290413,"HGF","GSE214411","Myeloid",TRUE
1.55433607860906e-05,-0.384489727190628,0.201,0.273,0.410158204423358,"NCOA7","GSE214411","Myeloid",TRUE
1.58773683823489e-05,-0.758505939633053,0.164,0.233,0.418971996873424,"AP2A2","GSE214411","Myeloid",TRUE
1.59672822846275e-05,-0.704864632092624,0.078,0.133,0.421344644926749,"CCDC174","GSE214411","Myeloid",TRUE
1.60609390417003e-05,0.917795898006226,0.403,0.318,0.423816059432388,"SMCHD1","GSE214411","Myeloid",TRUE
1.61804924456719e-05,-2.94267988283613,0.008,0.035,0.426970834656389,"APOC4-APOC2","GSE214411","Myeloid",TRUE
1.61956808708079e-05,-0.43775325593395,0.228,0.302,0.42737162681888,"PNKD","GSE214411","Myeloid",TRUE
1.6269546602034e-05,-0.586759616476728,0.064,0.117,0.429320795734473,"PIGC","GSE214411","Myeloid",TRUE
1.63623808508159e-05,0.901597353416926,0.424,0.358,0.431770505891329,"GPCPD1","GSE214411","Myeloid",TRUE
1.651317426572e-05,-0.883392339680926,0.228,0.293,0.435749642523819,"FUNDC2","GSE214411","Myeloid",TRUE
1.6704289569241e-05,-1.0527375617372,0.084,0.141,0.440792793153132,"IRAK4","GSE214411","Myeloid",TRUE
1.67428253607628e-05,-0.833984926616768,0.173,0.235,0.44180967561981,"BAZ1B","GSE214411","Myeloid",TRUE
1.70775730959096e-05,-0.248778119572124,0.186,0.252,0.450642998854861,"ZNF638","GSE214411","Myeloid",TRUE
1.70886673212756e-05,-0.177638373649136,0.515,0.611,0.45093575327382,"GLIPR1","GSE214411","Myeloid",TRUE
1.72964013745562e-05,0.593276838008459,0.198,0.124,0.456417439471788,"GNA12","GSE214411","Myeloid",TRUE
1.74052749473226e-05,-0.328588417115835,0.407,0.48,0.459290395309949,"LAP3","GSE214411","Myeloid",TRUE
1.75249336461032e-05,1.03773289238839,0.232,0.157,0.462447949053372,"HES4","GSE214411","Myeloid",TRUE
1.7634366168139e-05,-1.49337477264598,0.04,0.084,0.465335654444852,"ERCC4","GSE214411","Myeloid",TRUE
1.77632913943772e-05,-1.19601500394687,0.078,0.132,0.468737733314827,"C19orf48","GSE214411","Myeloid",TRUE
1.78962605597301e-05,-0.823437727771219,0.02,0.055,0.472246523650159,"POC5","GSE214411","Myeloid",TRUE
1.790683972701e-05,-0.323274452769279,0.265,0.34,0.472525686716339,"GNB4","GSE214411","Myeloid",TRUE
1.79117083570878e-05,0.102447553359588,0.34,0.242,0.472654160126833,"AREG","GSE214411","Myeloid",TRUE
1.79686121601902e-05,-0.511987959603744,0.366,0.436,0.4741557376831,"RNF181","GSE214411","Myeloid",TRUE
1.80652515903602e-05,-0.452634541343459,0.261,0.332,0.476705858966424,"C9orf142","GSE214411","Myeloid",TRUE
1.81157057669246e-05,-0.312996420587886,0.06,0.111,0.478037243777607,"ASCL2","GSE214411","Myeloid",TRUE
1.8168099444765e-05,-0.451568740756927,0.112,0.177,0.479419808148459,"MMD","GSE214411","Myeloid",TRUE
1.83199157759227e-05,-0.589809071088844,0.122,0.184,0.483425937495047,"ZNF22","GSE214411","Myeloid",TRUE
1.84861580811686e-05,-0.29668301970715,0.032,0.074,0.487812739445878,"TRIM21","GSE214411","Myeloid",TRUE
1.85257102030663e-05,-1.41678637231529,0.034,0.076,0.488856440838513,"TRMT10B","GSE214411","Myeloid",TRUE
1.86100061190721e-05,-0.831104885323192,0.167,0.235,0.491080841470075,"PLXND1","GSE214411","Myeloid",TRUE
1.8618715896958e-05,-0.467966744916989,0.252,0.328,0.491310675088929,"PBRM1","GSE214411","Myeloid",TRUE
1.87019705429756e-05,1.09011156318436,0.152,0.09,0.493507598688041,"MTHFS","GSE214411","Myeloid",TRUE
1.87121418917743e-05,-0.41327926142225,0.272,0.342,0.493776000240141,"LPP","GSE214411","Myeloid",TRUE
1.8745545566539e-05,1.02397064382899,0.201,0.129,0.494657456409832,"PPP3R1","GSE214411","Myeloid",TRUE
1.88567466047878e-05,0.72436457115497,0.351,0.269,0.49759182940714,"TGIF1","GSE214411","Myeloid",TRUE
1.93123568366793e-05,-0.600190130489798,0.144,0.207,0.509614472206293,"JKAMP","GSE214411","Myeloid",TRUE
1.94871247496339e-05,-1.52001877040807,0.015,0.048,0.51422624789334,"KANK2","GSE214411","Myeloid",TRUE
1.96760196517326e-05,0.832128405492793,0.29,0.209,0.519210806569919,"ADGRE2","GSE214411","Myeloid",TRUE
1.96866523415006e-05,-0.130669677130989,0.251,0.323,0.519491381987517,"STX7","GSE214411","Myeloid",TRUE
1.9695337922858e-05,-0.409894027898152,0.128,0.189,0.519720577108377,"CTCF","GSE214411","Myeloid",TRUE
1.98658755333844e-05,-0.850569514048105,0.026,0.065,0.524220723574948,"RBL1","GSE214411","Myeloid",TRUE
2.00868622902925e-05,-0.941095775883638,0.01,0.038,0.530052122116238,"MTERF1","GSE214411","Myeloid",TRUE
2.0146919989046e-05,-1.33529888899654,0.056,0.105,0.531636924670945,"ELP6","GSE214411","Myeloid",TRUE
2.02085447639595e-05,-0.581219385015599,0.206,0.279,0.533263079231363,"CPNE3","GSE214411","Myeloid",TRUE
2.02439017364285e-05,-0.157870267110665,0.45,0.534,0.534196079020875,"RAB31","GSE214411","Myeloid",TRUE
2.03662663883049e-05,0.685562851551609,0.495,0.421,0.537425037454589,"STX11","GSE214411","Myeloid",TRUE
2.05273344257417e-05,-0.499625506319687,0.274,0.346,0.541675300826471,"NHP2","GSE214411","Myeloid",TRUE
2.0673204618527e-05,-0.155345878572353,0.276,0.346,0.545524523473691,"TNRC6B","GSE214411","Myeloid",TRUE
2.07219507221042e-05,-2.18908601305994,0.025,0.062,0.546810835654885,"KNSTRN","GSE214411","Myeloid",TRUE
2.09981456192112e-05,-0.145141156034397,0.628,0.75,0.554099066599744,"YWHAB","GSE214411","Myeloid",TRUE
2.10438747355791e-05,-1.2179328497206,0.096,0.156,0.555305766522461,"CCL5","GSE214411","Myeloid",TRUE
2.14364985631765e-05,0.703239437125518,0.412,0.336,0.565666324085101,"NLRP3","GSE214411","Myeloid",TRUE
2.1475654743726e-05,-0.902079082235658,0.132,0.195,0.566699577377442,"LYRM4","GSE214411","Myeloid",TRUE
2.15164390182944e-05,1.30615677186375,0.05,0.016,0.567775792814754,"CDC42EP4","GSE214411","Myeloid",TRUE
2.16360280547057e-05,-0.316084029668822,0.472,0.549,0.570931508307573,"SF3B5","GSE214411","Myeloid",TRUE
2.16603652287866e-05,-0.534090775227508,0.222,0.291,0.571573717657222,"FUCA2","GSE214411","Myeloid",TRUE
2.16737826292818e-05,1.60392649529849,0.102,0.052,0.571927776021487,"C11orf96","GSE214411","Myeloid",TRUE
2.18709263579576e-05,-0.679650725541149,0.093,0.149,0.577130004733786,"ATG7","GSE214411","Myeloid",TRUE
2.18993535429441e-05,0.483540274715765,0.496,0.412,0.577880141291208,"SYAP1","GSE214411","Myeloid",TRUE
2.19537359537552e-05,2.15766835190528,0.139,0.084,0.579315184347693,"SCGB1D2","GSE214411","Myeloid",TRUE
2.20704810215837e-05,-0.786128794782834,0.08,0.135,0.58239585319755,"ADCK2","GSE214411","Myeloid",TRUE
2.20972578068635e-05,-0.628656590305416,0.141,0.202,0.583102439007515,"BTN3A2","GSE214411","Myeloid",TRUE
2.21873431172497e-05,-1.45007884069758,0.047,0.092,0.585479610177986,"GCDH","GSE214411","Myeloid",TRUE
2.22243457331109e-05,-0.8039014913344,0.047,0.094,0.586456035205332,"HRH1","GSE214411","Myeloid",TRUE
2.23363715223629e-05,-0.561358557454864,0.099,0.159,0.589412171732112,"SMC2","GSE214411","Myeloid",TRUE
2.25457896818057e-05,-1.51717401831963,0.019,0.053,0.594938298123489,"RBM43","GSE214411","Myeloid",TRUE
2.26182005725835e-05,-0.294674563668328,0.183,0.252,0.596849076709333,"KIDINS220","GSE214411","Myeloid",TRUE
2.29134825752044e-05,-0.305393272678588,0.235,0.304,0.604640978194493,"COLGALT1","GSE214411","Myeloid",TRUE
2.29494887240548e-05,-0.819623496605411,0.143,0.207,0.605591108450359,"POP5","GSE214411","Myeloid",TRUE
2.31976928804078e-05,-0.375082182534409,0.359,0.433,0.612140719728201,"SERPINB6","GSE214411","Myeloid",TRUE
2.36000586157752e-05,-0.452194676582044,0.086,0.144,0.622758346753076,"NFE2L1","GSE214411","Myeloid",TRUE
2.40888460388333e-05,-0.0468745633401997,0.669,0.757,0.635656469272733,"MARCKS","GSE214411","Myeloid",TRUE
2.41133843500759e-05,-2.662932848523,0.006,0.031,0.636303986229802,"METTL18","GSE214411","Myeloid",TRUE
2.41353932395136e-05,-0.81487927644729,0.152,0.218,0.636884756804284,"UTP6","GSE214411","Myeloid",TRUE
2.47189530588824e-05,0.578661796078182,0.468,0.387,0.652283733317789,"ITGAX","GSE214411","Myeloid",TRUE
2.48249246725594e-05,-0.676740472402856,0.031,0.07,0.655080112259498,"BRCA1","GSE214411","Myeloid",TRUE
2.49911548949502e-05,-0.97303544321978,0.025,0.062,0.659466595367946,"THAP3","GSE214411","Myeloid",TRUE
2.50276830490794e-05,0.519254715262742,0.143,0.081,0.660430500299108,"MB21D2","GSE214411","Myeloid",TRUE
2.51340510802062e-05,-0.694879849612134,0.214,0.282,0.663237339904482,"TMEM173","GSE214411","Myeloid",TRUE
2.53043667160246e-05,-0.621771026904309,0.19,0.256,0.667731628902456,"CUEDC2","GSE214411","Myeloid",TRUE
2.54033825768699e-05,0.708027049563171,0.52,0.456,0.670344459438442,"BZW1","GSE214411","Myeloid",TRUE
2.54264718016079e-05,-1.04390279623916,0.089,0.145,0.67095373790083,"CCDC43","GSE214411","Myeloid",TRUE
2.57892991352e-05,-3.46234618347222,0.008,0.034,0.680528025579658,"GRIP1","GSE214411","Myeloid",TRUE
2.59299444164255e-05,-0.405516044287918,0.282,0.352,0.684239373260635,"NDUFS2","GSE214411","Myeloid",TRUE
2.61732145022727e-05,-0.358816940156689,0.066,0.119,0.690658784285972,"DHX40","GSE214411","Myeloid",TRUE
2.68273528972775e-05,-1.00751075315311,0.066,0.118,0.707920188253359,"MCM3","GSE214411","Myeloid",TRUE
2.69003552036815e-05,-0.127838906326211,0.538,0.617,0.709846573114747,"IGSF6","GSE214411","Myeloid",TRUE
2.69357273023653e-05,0.529986503426138,0.19,0.122,0.710779972054814,"HEXIM1","GSE214411","Myeloid",TRUE
2.70649265567781e-05,-0.247177087961659,0.184,0.254,0.714189281980261,"ADH5","GSE214411","Myeloid",TRUE
2.71599061495524e-05,-0.957578729918825,0.162,0.226,0.71669560347439,"ZNF330","GSE214411","Myeloid",TRUE
2.72178505773929e-05,-1.36232352506782,0.04,0.083,0.718224641036243,"EPHB2","GSE214411","Myeloid",TRUE
2.74605134425369e-05,-0.294043178658152,0.487,0.56,0.724628028721663,"PPP1CA","GSE214411","Myeloid",TRUE
2.76975094236237e-05,-0.389671849991825,0.143,0.21,0.730881878670583,"HTATIP2","GSE214411","Myeloid",TRUE
2.78541890094509e-05,0.604442755870789,0.75,0.775,0.73501633958139,"LST1","GSE214411","Myeloid",TRUE
2.79310880477023e-05,0.19395066506338,0.87,0.834,0.737045551402769,"NEAT1","GSE214411","Myeloid",TRUE
2.81881119435708e-05,-0.987395123845457,0.14,0.201,0.743827897966946,"SNHG12","GSE214411","Myeloid",TRUE
2.82194313373295e-05,-0.380801227465874,0.263,0.333,0.74465435412945,"GAA","GSE214411","Myeloid",TRUE
2.8609794390902e-05,-0.67566353580894,0.198,0.263,0.754955254387122,"SCNM1","GSE214411","Myeloid",TRUE
2.90695409199864e-05,-0.261576301267497,0.26,0.327,0.767087045796601,"C16orf13","GSE214411","Myeloid",TRUE
2.92624191122619e-05,-0.183063877691017,0.539,0.629,0.772176715534367,"PARK7","GSE214411","Myeloid",TRUE
2.93174197815254e-05,-1.54245128789811,0.018,0.051,0.773628073194893,"NUDT12","GSE214411","Myeloid",TRUE
2.93660200730746e-05,-0.482540169133231,0.183,0.253,0.774910537688292,"ZNF428","GSE214411","Myeloid",TRUE
2.95974484752975e-05,2.67988777677294,0.026,0.003,0.78101747036615,"RP11-479G22.8","GSE214411","Myeloid",TRUE
2.96436530798365e-05,-0.397197085446825,0.046,0.091,0.782236717470727,"GEMIN6","GSE214411","Myeloid",TRUE
3.01157268351453e-05,-0.144359233474872,0.7,0.808,0.794693799725813,"SRP14","GSE214411","Myeloid",TRUE
3.03148847738512e-05,-0.275047415405968,0.261,0.333,0.799949179412385,"KIAA1033","GSE214411","Myeloid",TRUE
3.07178969564051e-05,-1.98799080019189,0.013,0.043,0.810583864885619,"LIPT1","GSE214411","Myeloid",TRUE
3.07518066717083e-05,-0.556495733057548,0.067,0.121,0.811478674453039,"NMRK1","GSE214411","Myeloid",TRUE
3.08083145575927e-05,-1.14894978139859,0.031,0.07,0.812969804545756,"SUCNR1","GSE214411","Myeloid",TRUE
3.08546497323596e-05,-0.0184047314187257,0.412,0.482,0.814192497137505,"LAMP2","GSE214411","Myeloid",TRUE
3.10383166996488e-05,1.13293092316755,0.256,0.18,0.819039101070332,"ARHGAP26","GSE214411","Myeloid",TRUE
3.11944170653024e-05,1.03095874023191,0.148,0.088,0.823158277519199,"SESN2","GSE214411","Myeloid",TRUE
3.12062733830309e-05,-0.71113449911951,0.04,0.084,0.82347114203142,"FOXRED1","GSE214411","Myeloid",TRUE
3.12607738536475e-05,-0.954452768568127,0.167,0.229,0.82490930045005,"SNRNP25","GSE214411","Myeloid",TRUE
3.14069257595807e-05,-0.035643277777354,0.389,0.462,0.828765956943816,"PPIG","GSE214411","Myeloid",TRUE
3.15763185713339e-05,-0.521807744434514,0.01,0.037,0.83323589446036,"CCDC171","GSE214411","Myeloid",TRUE
3.16765374501009e-05,-1.01541136884555,0.098,0.156,0.835880470233262,"FAM13A","GSE214411","Myeloid",TRUE
3.26680721957033e-05,-0.301570200805488,0.138,0.201,0.862045089100218,"DGCR6L","GSE214411","Myeloid",TRUE
3.2677700783038e-05,1.39901952004845,0.15,0.091,0.862299168262807,"CDC42EP3","GSE214411","Myeloid",TRUE
3.29059134111418e-05,1.33524280293374,0.171,0.105,0.86832124309321,"HOTAIRM1","GSE214411","Myeloid",TRUE
3.30807477161463e-05,-0.401405057729433,0.159,0.221,0.872934770733669,"CCM2","GSE214411","Myeloid",TRUE
3.32350572026171e-05,0.788760450402674,0.514,0.451,0.877006689462659,"CHD1","GSE214411","Myeloid",TRUE
3.34157056293696e-05,-0.158877936614785,0.174,0.246,0.881773640147804,"AGTRAP","GSE214411","Myeloid",TRUE
3.34395283799513e-05,-1.72519325414559,0.062,0.11,0.882402274890155,"SNAPC2","GSE214411","Myeloid",TRUE
3.34449625326102e-05,-0.414022661113385,0.193,0.257,0.882545671310518,"TMEM141","GSE214411","Myeloid",TRUE
3.3701085185164e-05,1.20358646054089,0.477,0.404,0.889304235866108,"GCA","GSE214411","Myeloid",TRUE
3.37862800706184e-05,-1.74630727436833,0.028,0.066,0.891552358503477,"CLK2","GSE214411","Myeloid",TRUE
3.41517565476164e-05,-1.93770943967685,0.025,0.061,0.901196551778501,"LDAH","GSE214411","Myeloid",TRUE
3.45041524037149e-05,-1.59825945746278,0.039,0.081,0.910495573629228,"CDKN3","GSE214411","Myeloid",TRUE
3.46250029309565e-05,-0.00125734364607394,0.277,0.354,0.91368457734208,"PTAFR","GSE214411","Myeloid",TRUE
3.46677102356594e-05,0.914962549569775,0.083,0.038,0.91481153769858,"LAMB3","GSE214411","Myeloid",TRUE
3.47115222510963e-05,-0.30000121988323,0.316,0.389,0.915967649161929,"AOAH","GSE214411","Myeloid",TRUE
3.48192124142048e-05,-0.650205189307226,0.128,0.191,0.918809377186036,"TSTA3","GSE214411","Myeloid",TRUE
3.48394274479e-05,1.65840141161188,0.117,0.062,0.919342811495184,"CTD-2020K17.1","GSE214411","Myeloid",TRUE
3.49216664256306e-05,-0.733787761380165,0.208,0.268,0.921512933639541,"IDH3B","GSE214411","Myeloid",TRUE
3.5952844456109e-05,1.22068303990135,0.173,0.108,0.948723659507804,"DCUN1D3","GSE214411","Myeloid",TRUE
3.60652450436349e-05,-0.880839738230533,0.042,0.086,0.951689686211438,"CHCHD6","GSE214411","Myeloid",TRUE
3.61558144254314e-05,-0.4808642998736,0.119,0.178,0.954079631058285,"GPATCH8","GSE214411","Myeloid",TRUE
3.65576115768801e-05,-0.804067429255332,0.126,0.185,0.964682254290713,"GON4L","GSE214411","Myeloid",TRUE
3.67023365654996e-05,-3.68359685548119,0.004,0.024,0.968501257290403,"ZNF552","GSE214411","Myeloid",TRUE
3.68010847790801e-05,0.735860383226472,0.094,0.047,0.971107025150366,"SMOX","GSE214411","Myeloid",TRUE
3.69152806533198e-05,-0.967469007179526,0.085,0.139,0.974120425879803,"DNASE1L1","GSE214411","Myeloid",TRUE
3.69442590282145e-05,-2.71763913815114,0.004,0.024,0.974885107236524,"AC006129.2","GSE214411","Myeloid",TRUE
3.75651623824854e-05,-0.628423427044462,0.04,0.083,0.991269504949025,"SLC48A1","GSE214411","Myeloid",TRUE
3.77198874069042e-05,-0.269215382220844,0.489,0.584,0.995352388893388,"SRSF7","GSE214411","Myeloid",TRUE
3.79987230996699e-05,-0.523221847668408,0.095,0.153,1,"SGMS1","GSE214411","Myeloid",TRUE
3.80579609122701e-05,-1.11617411649501,0.04,0.083,1,"FCGBP","GSE214411","Myeloid",TRUE
3.80933716269348e-05,0.533810674331416,0.343,0.26,1,"ACTN1","GSE214411","Myeloid",TRUE
3.80959909105929e-05,-0.255536511109482,0.061,0.111,1,"S100PBP","GSE214411","Myeloid",TRUE
3.8099787062396e-05,-0.278136120494529,0.198,0.266,1,"NUB1","GSE214411","Myeloid",TRUE
3.82138104923756e-05,-0.752082266756699,0.252,0.319,1,"IFI27L2","GSE214411","Myeloid",TRUE
3.84268992537989e-05,-3.17931616394949,0.003,0.022,1,"TRIM32","GSE214411","Myeloid",TRUE
3.85479924216941e-05,-1.65771400191708,0.002,0.02,1,"COL23A1","GSE214411","Myeloid",TRUE
3.85606192902816e-05,-3.46121771201202,0.003,0.022,1,"FAM3B","GSE214411","Myeloid",TRUE
3.85815789981645e-05,-1.57372342497963,0.022,0.056,1,"GINS2","GSE214411","Myeloid",TRUE
3.87357720092762e-05,-1.30393885238523,0.076,0.128,1,"APOL3","GSE214411","Myeloid",TRUE
3.90227874527493e-05,0.751426833895488,0.313,0.231,1,"GNA15","GSE214411","Myeloid",TRUE
3.9174543547456e-05,-1.4377146311592,0.041,0.084,1,"BRD8","GSE214411","Myeloid",TRUE
3.92647715317643e-05,0.828811609933221,0.529,0.469,1,"MAP1LC3B","GSE214411","Myeloid",TRUE
3.93743693865269e-05,-0.986134828211975,0.039,0.081,1,"TAF8","GSE214411","Myeloid",TRUE
3.94114106893227e-05,-0.710750918820533,0.207,0.271,1,"UVRAG","GSE214411","Myeloid",TRUE
3.9524622627671e-05,1.74021030218386,0.06,0.023,1,"MAPK7","GSE214411","Myeloid",TRUE
3.97317874689115e-05,2.16867421188405,0.047,0.015,1,"KCNJ15","GSE214411","Myeloid",TRUE
3.97461145151388e-05,-0.224907955883139,0.481,0.557,1,"DRAP1","GSE214411","Myeloid",TRUE
3.99229051987571e-05,-0.298282395697277,0.261,0.325,1,"NFIC","GSE214411","Myeloid",TRUE
4.01065887126646e-05,0.573817426012806,0.268,0.189,1,"CRIP1","GSE214411","Myeloid",TRUE
4.02614729096094e-05,-1.35780308164253,0.035,0.075,1,"TEFM","GSE214411","Myeloid",TRUE
4.05522195469069e-05,-0.0295686082695523,0.028,0.066,1,"PFKFB2","GSE214411","Myeloid",TRUE
4.05711169205432e-05,-2.3049895537632,0.022,0.057,1,"HECTD2","GSE214411","Myeloid",TRUE
4.06862323356323e-05,0.771876021742253,0.177,0.115,1,"ADM","GSE214411","Myeloid",TRUE
4.09000773075979e-05,-0.709959821222902,0.093,0.147,1,"GFER","GSE214411","Myeloid",TRUE
4.09132160163771e-05,-0.917909017361586,0.017,0.049,1,"COA7","GSE214411","Myeloid",TRUE
4.09351825657788e-05,0.673234712871525,0.567,0.556,1,"EMP3","GSE214411","Myeloid",TRUE
4.10300915540352e-05,-1.15150085656872,0.009,0.035,1,"FAAP24","GSE214411","Myeloid",TRUE
4.15990429905249e-05,-1.47199705042914,0.056,0.103,1,"TCAF1","GSE214411","Myeloid",TRUE
4.19742510713218e-05,-0.31824279415546,0.435,0.505,1,"VPS29","GSE214411","Myeloid",TRUE
4.2331548064165e-05,-0.174083059786676,0.743,0.838,1,"MT-ND5","GSE214411","Myeloid",TRUE
4.24583828686875e-05,-0.217843340239607,0.544,0.629,1,"ATP6V1F","GSE214411","Myeloid",TRUE
4.25279143431009e-05,-0.581438508847917,0.092,0.146,1,"TNNI2","GSE214411","Myeloid",TRUE
4.2533272474676e-05,-1.1367143061166,0.046,0.09,1,"ME1","GSE214411","Myeloid",TRUE
4.25420559906792e-05,0.587937111627827,0.522,0.461,1,"GNB2","GSE214411","Myeloid",TRUE
4.29612644230513e-05,0.93099115124686,0.165,0.104,1,"PIK3R5","GSE214411","Myeloid",TRUE
4.31261155342882e-05,-0.720195892265764,0.213,0.272,1,"CNPY2","GSE214411","Myeloid",TRUE
4.3227477144161e-05,-0.197935141926249,0.211,0.281,1,"TCEAL4","GSE214411","Myeloid",TRUE
4.32679662945109e-05,0.43878161413391,0.6,0.566,1,"SEC61B","GSE214411","Myeloid",TRUE
4.33884536122577e-05,-0.600509731384475,0.308,0.371,1,"RALY","GSE214411","Myeloid",TRUE
4.40277436735357e-05,-1.74141111179357,0.006,0.03,1,"LINC00900","GSE214411","Myeloid",TRUE
4.40928245570629e-05,2.12516149612142,0.059,0.023,1,"MME","GSE214411","Myeloid",TRUE
4.46695579322889e-05,-0.446053125913428,0.189,0.252,1,"VPS4B","GSE214411","Myeloid",TRUE
4.47046017772546e-05,-1.38639293833941,0.051,0.096,1,"AASDH","GSE214411","Myeloid",TRUE
4.49001416988157e-05,-0.79700402085087,0.048,0.092,1,"DENND2D","GSE214411","Myeloid",TRUE
4.52697856359888e-05,-0.998298076748248,0.181,0.239,1,"MRPS12","GSE214411","Myeloid",TRUE
4.5511520029796e-05,-0.555926721361135,0.166,0.238,1,"GPNMB","GSE214411","Myeloid",TRUE
4.55247819007686e-05,-1.94164108491725,0.028,0.065,1,"KIAA1586","GSE214411","Myeloid",TRUE
4.55313156794899e-05,-0.307758531892173,0.321,0.389,1,"GOLGA4","GSE214411","Myeloid",TRUE
4.59325358504723e-05,-4.7385660213304,0,0.015,1,"MTRNR2L1","GSE214411","Myeloid",TRUE
4.61042030484433e-05,-0.60841441157271,0.112,0.171,1,"CCDC28A","GSE214411","Myeloid",TRUE
4.63229051263767e-05,-0.453369162364665,0.07,0.121,1,"RBKS","GSE214411","Myeloid",TRUE
4.68574579699994e-05,-0.247018922073633,0.57,0.667,1,"EDF1","GSE214411","Myeloid",TRUE
4.69498593136008e-05,-0.450263253988324,0.128,0.189,1,"ZKSCAN1","GSE214411","Myeloid",TRUE
4.72928166524383e-05,-0.750289037921286,0.237,0.302,1,"EIF4EBP1","GSE214411","Myeloid",TRUE
4.83725746768891e-05,-2.35998861100024,0.019,0.051,1,"SLC16A1-AS1","GSE214411","Myeloid",TRUE
4.85416582273507e-05,3.0946331642851,0.031,0.006,1,"TMEM217","GSE214411","Myeloid",TRUE
4.89170578359695e-05,1.38730896397852,0.083,0.039,1,"RP1-239B22.5","GSE214411","Myeloid",TRUE
4.94741552650366e-05,-0.236285699411789,0.677,0.754,1,"PPP1R15A","GSE214411","Myeloid",TRUE
4.96603317784289e-05,-0.311374180173329,0.074,0.126,1,"CASP8AP2","GSE214411","Myeloid",TRUE
4.96614238035258e-05,-1.01043769986781,0.122,0.18,1,"TMEM106A","GSE214411","Myeloid",TRUE
5.03633245618054e-05,-0.623969280669477,0.164,0.225,1,"OSGEP","GSE214411","Myeloid",TRUE
5.04677762156776e-05,-0.771426560501155,0.139,0.2,1,"AFF3","GSE214411","Myeloid",TRUE
5.04766197695714e-05,-0.331089957034873,0.24,0.307,1,"LRRC25","GSE214411","Myeloid",TRUE
5.07105673436974e-05,-0.648622169002082,0.147,0.207,1,"MEA1","GSE214411","Myeloid",TRUE
5.12389964679001e-05,-0.391385522779107,0.263,0.326,1,"SIPA1","GSE214411","Myeloid",TRUE
5.20824376536382e-05,-1.41421038879101,0.016,0.047,1,"DTNB","GSE214411","Myeloid",TRUE
5.21992344432846e-05,-0.582110237383868,0.214,0.275,1,"EPN1","GSE214411","Myeloid",TRUE
5.24280581657356e-05,-0.443674635054438,0.07,0.122,1,"SMAD5","GSE214411","Myeloid",TRUE
5.28420471843071e-05,-0.480518931000329,0.021,0.054,1,"TCF19","GSE214411","Myeloid",TRUE
5.28783698046954e-05,-0.365276388083109,0.027,0.064,1,"CEP89","GSE214411","Myeloid",TRUE
5.3039016037237e-05,0.877062605353655,0.531,0.492,1,"CXCR4","GSE214411","Myeloid",TRUE
5.3063712732961e-05,-1.01517409314346,0.17,0.229,1,"MRPL28","GSE214411","Myeloid",TRUE
5.31197270590227e-05,-1.25195988916158,0.069,0.119,1,"ERLIN2","GSE214411","Myeloid",TRUE
5.32462712233159e-05,-0.570138908643351,0.173,0.234,1,"MRPL12","GSE214411","Myeloid",TRUE
5.33368696409682e-05,0.924365004134628,0.073,0.032,1,"AGPAT4","GSE214411","Myeloid",TRUE
5.35057229221898e-05,-0.610708681215915,0.077,0.128,1,"SNAPC5","GSE214411","Myeloid",TRUE
5.35721167069713e-05,-0.277724667884107,0.5,0.56,1,"ATP5I","GSE214411","Myeloid",TRUE
5.36556121376165e-05,-0.35852453887705,0.127,0.189,1,"TPM1","GSE214411","Myeloid",TRUE
5.41320928512984e-05,-1.28935611120107,0.087,0.14,1,"ICT1","GSE214411","Myeloid",TRUE
5.47301628178566e-05,-0.340671725573101,0.076,0.128,1,"YEATS4","GSE214411","Myeloid",TRUE
5.47752457901072e-05,-0.157090979468744,0.375,0.441,1,"APBB1IP","GSE214411","Myeloid",TRUE
5.47852296845456e-05,-0.338709032661211,0.444,0.511,1,"SRSF11","GSE214411","Myeloid",TRUE
5.48367513893762e-05,-0.412086694225049,0.183,0.253,1,"RNF141","GSE214411","Myeloid",TRUE
5.48985046116801e-05,-1.07532849211017,0.066,0.115,1,"C3orf38","GSE214411","Myeloid",TRUE
5.49556815485464e-05,-0.225130463143731,0.518,0.623,1,"SAMHD1","GSE214411","Myeloid",TRUE
5.51045150559513e-05,-1.10417119518879,0.095,0.149,1,"SLC30A1","GSE214411","Myeloid",TRUE
5.52174525838935e-05,-1.11582132054187,0.029,0.066,1,"ZNF254","GSE214411","Myeloid",TRUE
5.54065423980071e-05,-1.01163182985674,0.022,0.055,1,"SLC29A3","GSE214411","Myeloid",TRUE
5.57327463023778e-05,-1.67364326116968,0.063,0.11,1,"AP5M1","GSE214411","Myeloid",TRUE
5.62063778813772e-05,-0.560347591036658,0.137,0.199,1,"KANSL1","GSE214411","Myeloid",TRUE
5.63372306931981e-05,-0.433142392640356,0.116,0.175,1,"APEH","GSE214411","Myeloid",TRUE
5.64358171785174e-05,1.02932529951684,0.075,0.034,1,"SPDYA","GSE214411","Myeloid",TRUE
5.6480616168005e-05,-1.63708936115352,0.019,0.051,1,"ZNF680","GSE214411","Myeloid",TRUE
5.70028840854367e-05,-0.406724061790697,0.458,0.516,1,"SNRPD2","GSE214411","Myeloid",TRUE
5.70898682078165e-05,-0.72238698127925,0.124,0.184,1,"CLEC11A","GSE214411","Myeloid",TRUE
5.72151990207992e-05,-0.696140631025111,0.137,0.196,1,"RRAGA","GSE214411","Myeloid",TRUE
5.73386621990227e-05,-0.82940361070649,0.03,0.067,1,"AGL","GSE214411","Myeloid",TRUE
5.73986128225005e-05,-0.719147357600357,0.109,0.166,1,"DDX54","GSE214411","Myeloid",TRUE
5.75094380525818e-05,-0.715531056375405,0.201,0.264,1,"CDC40","GSE214411","Myeloid",TRUE
5.79893467271541e-05,-0.881784310281397,0.123,0.182,1,"MRPS26","GSE214411","Myeloid",TRUE
5.84966519008617e-05,-0.266937673551209,0.066,0.115,1,"GMNN","GSE214411","Myeloid",TRUE
5.88360859765683e-05,-0.871601456503787,0.124,0.181,1,"ATG4C","GSE214411","Myeloid",TRUE
5.8900081822582e-05,0.0782961308379266,0.053,0.1,1,"ZNF618","GSE214411","Myeloid",TRUE
5.92392443381113e-05,-0.303581678457264,0.034,0.073,1,"ZNF397","GSE214411","Myeloid",TRUE
5.93952838689074e-05,-0.469346780057677,0.194,0.261,1,"TSPAN14","GSE214411","Myeloid",TRUE
5.96835552115354e-05,-0.236876584022892,0.456,0.526,1,"PSMD8","GSE214411","Myeloid",TRUE
5.9694695266194e-05,-0.82298320312712,0.101,0.156,1,"MRPS18A","GSE214411","Myeloid",TRUE
6.02403101183067e-05,-1.74196105598506,0.027,0.062,1,"OTOA","GSE214411","Myeloid",TRUE
6.05813989652517e-05,-0.713869899768916,0.06,0.109,1,"SLC7A8","GSE214411","Myeloid",TRUE
6.0800256061685e-05,-0.202118647659602,0.784,0.916,1,"RPL8","GSE214411","Myeloid",TRUE
6.08735085600642e-05,-0.635223553337086,0.19,0.252,1,"TMC6","GSE214411","Myeloid",TRUE
6.10716127854489e-05,0.821633307760173,0.224,0.153,1,"GLTP","GSE214411","Myeloid",TRUE
6.13509594287056e-05,-0.752216120466311,0.2,0.26,1,"ZNF644","GSE214411","Myeloid",TRUE
6.13878144632032e-05,-0.317162824176549,0.475,0.546,1,"PDIA6","GSE214411","Myeloid",TRUE
6.14506767485846e-05,-0.951896634735546,0.058,0.106,1,"RAD51AP1","GSE214411","Myeloid",TRUE
6.15358238286209e-05,-1.09943059744475,0.055,0.102,1,"TOP2A","GSE214411","Myeloid",TRUE
6.16783692427585e-05,-0.953924653667279,0.025,0.06,1,"DGCR14","GSE214411","Myeloid",TRUE
6.20237278741992e-05,1.29544921913253,0.08,0.038,1,"EMP1","GSE214411","Myeloid",TRUE
6.21660516366507e-05,0.705288292903571,0.464,0.406,1,"B4GALT1","GSE214411","Myeloid",TRUE
6.23401613034712e-05,0.565678100906925,0.139,0.082,1,"QPCT","GSE214411","Myeloid",TRUE
6.25768187404461e-05,-1.37423402443329,0.058,0.104,1,"NUSAP1","GSE214411","Myeloid",TRUE
6.3102103962067e-05,-1.08244717041018,0.075,0.125,1,"THOC1","GSE214411","Myeloid",TRUE
6.32106342878821e-05,-0.535042110546858,0.193,0.261,1,"NDUFA9","GSE214411","Myeloid",TRUE
6.3724400735596e-05,-0.736131600447712,0.064,0.112,1,"NOC3L","GSE214411","Myeloid",TRUE
6.3769885304306e-05,-2.74157396729149,0.011,0.037,1,"KIF14","GSE214411","Myeloid",TRUE
6.38284079542208e-05,-0.341147815822902,0.475,0.555,1,"ANP32B","GSE214411","Myeloid",TRUE
6.40901771106051e-05,0.307064416912173,0.736,0.766,1,"DNAJA1","GSE214411","Myeloid",TRUE
6.41598610166357e-05,-0.223641432504581,0.426,0.499,1,"ANKRD12","GSE214411","Myeloid",TRUE
6.43131721179503e-05,-0.124675703627678,0.571,0.656,1,"TKT","GSE214411","Myeloid",TRUE
6.47427254609539e-05,1.09346926934266,0.096,0.05,1,"GK5","GSE214411","Myeloid",TRUE
6.47902568304271e-05,-0.850608319891473,0.092,0.144,1,"PPP1R35","GSE214411","Myeloid",TRUE
6.47996576423294e-05,-0.431814236838671,0.048,0.092,1,"HYAL2","GSE214411","Myeloid",TRUE
6.51351273317219e-05,-0.614401149909103,0.098,0.155,1,"LYPLAL1","GSE214411","Myeloid",TRUE
6.51379345439779e-05,-0.776799838353183,0.131,0.189,1,"NTAN1","GSE214411","Myeloid",TRUE
6.51935767283268e-05,0.611337000978613,0.108,0.058,1,"KIAA0907","GSE214411","Myeloid",TRUE
6.5248332623262e-05,-0.722740168437808,0.092,0.145,1,"HADH","GSE214411","Myeloid",TRUE
6.5377131815856e-05,1.72083398565335,0.087,0.043,1,"VIM-AS1","GSE214411","Myeloid",TRUE
6.56355308465757e-05,-2.79651543791408,0.015,0.044,1,"CBR3","GSE214411","Myeloid",TRUE
6.60417074744866e-05,-0.450948119354033,0.202,0.266,1,"UQCC2","GSE214411","Myeloid",TRUE
6.61002605020468e-05,-0.272416376395816,0.585,0.675,1,"HNRNPU","GSE214411","Myeloid",TRUE
6.67003980734127e-05,-1.06083877667995,0.011,0.037,1,"TMEM255A","GSE214411","Myeloid",TRUE
6.77911010714332e-05,-0.805108606063792,0.089,0.143,1,"SCCPDH","GSE214411","Myeloid",TRUE
6.85135281539538e-05,-0.211263456399946,0.323,0.388,1,"RRBP1","GSE214411","Myeloid",TRUE
6.86128202524331e-05,-0.617619274633514,0.079,0.13,1,"MOCS2","GSE214411","Myeloid",TRUE
6.90975147374815e-05,-0.895620219393109,0.041,0.083,1,"SLC36A1","GSE214411","Myeloid",TRUE
6.94663368638879e-05,-0.388315397573789,0.13,0.19,1,"MRPL17","GSE214411","Myeloid",TRUE
6.984810732124e-05,-0.824576959193754,0.057,0.103,1,"CD200R1","GSE214411","Myeloid",TRUE
7.06488191366453e-05,-1.39098499055156,0.045,0.087,1,"CYP4V2","GSE214411","Myeloid",TRUE
7.08060297546152e-05,1.10614329673236,0.077,0.036,1,"NACC2","GSE214411","Myeloid",TRUE
7.14617539316923e-05,-0.751994422364893,0.137,0.194,1,"DHX29","GSE214411","Myeloid",TRUE
7.14810224451577e-05,2.44761964309075,0.024,0.003,1,"SCHIP1","GSE214411","Myeloid",TRUE
7.15315175723477e-05,-0.674606351847997,0.09,0.141,1,"GSTZ1","GSE214411","Myeloid",TRUE
7.19777792337614e-05,1.48038999445223,0.078,0.037,1,"TACSTD2","GSE214411","Myeloid",TRUE
7.27046494393559e-05,0.480604183496548,0.66,0.633,1,"SELK","GSE214411","Myeloid",TRUE
7.27601651355371e-05,-1.55034497454155,0.045,0.087,1,"RFC4","GSE214411","Myeloid",TRUE
7.28416872607065e-05,-0.422834677050437,0.115,0.172,1,"POLK","GSE214411","Myeloid",TRUE
7.31808178051623e-05,-0.555161573041825,0.179,0.24,1,"UBAC1","GSE214411","Myeloid",TRUE
7.32025925569754e-05,-0.509045236336813,0.288,0.352,1,"MBD2","GSE214411","Myeloid",TRUE
7.40036487398813e-05,-0.242946945981181,0.17,0.238,1,"PLA2G16","GSE214411","Myeloid",TRUE
7.41797869536539e-05,0.102943719571821,0.026,0.061,1,"IFIT5","GSE214411","Myeloid",TRUE
7.4942450497988e-05,-1.35764902773689,0.048,0.091,1,"SLC29A1","GSE214411","Myeloid",TRUE
7.54195835163298e-05,-0.0620848696593296,0.287,0.362,1,"BMP2K","GSE214411","Myeloid",TRUE
7.55429931448737e-05,-0.879421653467673,0.143,0.202,1,"NTMT1","GSE214411","Myeloid",TRUE
7.56724872857159e-05,-0.456803693448074,0.184,0.247,1,"KMT2A","GSE214411","Myeloid",TRUE
7.61262625116879e-05,-1.24315185451543,0.015,0.044,1,"GSPT2","GSE214411","Myeloid",TRUE
7.62162033104094e-05,-0.671557170504237,0.006,0.029,1,"GAPLINC","GSE214411","Myeloid",TRUE
7.6656257194357e-05,-0.3951205635918,0.093,0.15,1,"ITSN1","GSE214411","Myeloid",TRUE
7.72310482818436e-05,0.870924921207618,0.25,0.18,1,"CD36","GSE214411","Myeloid",TRUE
7.76934459766315e-05,-0.984722329205975,0.031,0.069,1,"CENPH","GSE214411","Myeloid",TRUE
7.79661255612755e-05,-0.606583078383134,0.135,0.194,1,"MVB12A","GSE214411","Myeloid",TRUE
7.81549162154529e-05,-1.498656416259,0.035,0.073,1,"NUDT18","GSE214411","Myeloid",TRUE
7.81756936827364e-05,-1.04012091420171,0.057,0.102,1,"G2E3","GSE214411","Myeloid",TRUE
7.81817294958049e-05,-0.613581085092792,0.031,0.069,1,"ATAD5","GSE214411","Myeloid",TRUE
7.86730344473437e-05,0.85700200700866,0.329,0.249,1,"RYBP","GSE214411","Myeloid",TRUE
7.94676760714776e-05,-1.95115473367583,0.019,0.05,1,"ZMYM1","GSE214411","Myeloid",TRUE
7.96459626577626e-05,-2.51815230070196,0.008,0.032,1,"RHOBTB2","GSE214411","Myeloid",TRUE
8.08220247643536e-05,-0.249763094600051,0.044,0.087,1,"NFIA","GSE214411","Myeloid",TRUE
8.13649947670101e-05,0.777393262580627,0.146,0.088,1,"C6orf106","GSE214411","Myeloid",TRUE
8.16061359435613e-05,1.26941871303353,0.772,0.73,1,"CXCL8","GSE214411","Myeloid",TRUE
8.20645091320354e-05,-0.186999048013894,0.198,0.273,1,"CCL2","GSE214411","Myeloid",TRUE
8.26989607854466e-05,-0.188315812267726,0.104,0.16,1,"CINP","GSE214411","Myeloid",TRUE
8.27946560445824e-05,-0.791384073910694,0.159,0.218,1,"C10orf11","GSE214411","Myeloid",TRUE
8.28671124923183e-05,-2.10099590755566,0.028,0.062,1,"XXbac-B135H6.15","GSE214411","Myeloid",TRUE
8.2945710559995e-05,-0.763125659528305,0.035,0.073,1,"PAQR8","GSE214411","Myeloid",TRUE
8.30074765110744e-05,1.32490115650399,0.058,0.023,1,"DNAAF1","GSE214411","Myeloid",TRUE
8.30953985863803e-05,-0.892049484033847,0.087,0.138,1,"MED11","GSE214411","Myeloid",TRUE
8.32176708259906e-05,-2.22171133388352,0.012,0.038,1,"ZNF432","GSE214411","Myeloid",TRUE
8.37416654786582e-05,-0.599341588964294,0.199,0.261,1,"TRAPPC6A","GSE214411","Myeloid",TRUE
8.37512696165226e-05,-0.443077623689384,0.164,0.227,1,"BRWD1","GSE214411","Myeloid",TRUE
8.37670242160636e-05,-0.149011986877132,0.19,0.255,1,"CHCHD5","GSE214411","Myeloid",TRUE
8.44698958192979e-05,-0.108303744226231,0.484,0.559,1,"SEPT7","GSE214411","Myeloid",TRUE
8.49496901579206e-05,-1.63675422092939,0.041,0.082,1,"ACADS","GSE214411","Myeloid",TRUE
8.51233690437335e-05,-1.22037062986077,0.054,0.097,1,"TNK2","GSE214411","Myeloid",TRUE
8.53570998904546e-05,-1.10721753871796,0.062,0.108,1,"BRAT1","GSE214411","Myeloid",TRUE
8.54486527503058e-05,2.30899567865574,0.038,0.011,1,"CYP4F3","GSE214411","Myeloid",TRUE
8.55131358133428e-05,-0.526866807402572,0.114,0.171,1,"COQ2","GSE214411","Myeloid",TRUE
8.6135366878804e-05,-0.580655181687233,0.15,0.209,1,"MTX1","GSE214411","Myeloid",TRUE
8.721618500854e-05,-0.25017985765906,0.42,0.485,1,"LMAN2","GSE214411","Myeloid",TRUE
8.7358382447238e-05,-0.55510178700793,0.182,0.245,1,"MKNK1","GSE214411","Myeloid",TRUE
8.78882752262648e-05,-0.963678992426566,0.01,0.035,1,"WDR92","GSE214411","Myeloid",TRUE
8.85426513519122e-05,1.24091285536386,0.121,0.072,1,"CXCR2","GSE214411","Myeloid",TRUE
8.90671253893621e-05,-0.761707260748312,0.054,0.099,1,"TYMS","GSE214411","Myeloid",TRUE
8.91483589839879e-05,-0.0265344931080457,0.235,0.303,1,"YIPF3","GSE214411","Myeloid",TRUE
8.91873621235663e-05,-0.201730972201176,0.482,0.567,1,"PPA1","GSE214411","Myeloid",TRUE
8.93606369605695e-05,-1.46894631584926,0.035,0.073,1,"RBM41","GSE214411","Myeloid",TRUE
8.95474212891519e-05,-0.382163796644912,0.191,0.25,1,"SMC3","GSE214411","Myeloid",TRUE
8.96453116507828e-05,-0.405986716491054,0.236,0.303,1,"ZCRB1","GSE214411","Myeloid",TRUE
9.00698264629139e-05,-0.306447703236392,0.303,0.372,1,"RHOQ","GSE214411","Myeloid",TRUE
9.02341131563459e-05,-0.122548156805008,0.66,0.764,1,"ARHGDIB","GSE214411","Myeloid",TRUE
9.09694990188892e-05,-0.988002944359035,0.159,0.216,1,"PQLC3","GSE214411","Myeloid",TRUE
9.21024695720412e-05,-0.164536434822473,0.243,0.308,1,"ATM","GSE214411","Myeloid",TRUE
9.28744020328948e-05,-0.945904895631794,0.034,0.072,1,"ADGRG5","GSE214411","Myeloid",TRUE
9.33870060495646e-05,-0.490699395882613,0.111,0.165,1,"TMEM55B","GSE214411","Myeloid",TRUE
9.45178842580213e-05,0.958051330121998,0.098,0.051,1,"PPP1R3B","GSE214411","Myeloid",TRUE
9.54436537079728e-05,-0.428914996357358,0.245,0.305,1,"MESDC2","GSE214411","Myeloid",TRUE
9.55001292880636e-05,-0.470017294623385,0.105,0.16,1,"ZNF280D","GSE214411","Myeloid",TRUE
9.6548514021949e-05,-0.766692990753077,0.083,0.135,1,"GBGT1","GSE214411","Myeloid",TRUE
9.71110728757608e-05,0.813568473038642,0.222,0.154,1,"ANKLE2","GSE214411","Myeloid",TRUE
9.74099236827868e-05,-0.784077597360293,0.097,0.149,1,"FMNL3","GSE214411","Myeloid",TRUE
9.7641681167185e-05,-2.82168959434931,0.013,0.039,1,"ABCG2","GSE214411","Myeloid",TRUE
9.82604331863369e-05,-1.0235486483583,0.198,0.257,1,"ANKRD37","GSE214411","Myeloid",TRUE
9.89955572258048e-05,-0.38311053284522,0.318,0.373,1,"TMCO1","GSE214411","Myeloid",TRUE
9.93996250982617e-05,1.73809426139535,0.09,0.047,1,"ELK1","GSE214411","Myeloid",TRUE
9.95930776914246e-05,-1.83939062146326,0.032,0.069,1,"FOXRED2","GSE214411","Myeloid",TRUE
0.000100754626130684,-0.251256644188946,0.212,0.278,1,"KCNK6","GSE214411","Myeloid",TRUE
0.000101114538215026,-0.544497295980777,0.253,0.311,1,"HAX1","GSE214411","Myeloid",TRUE
0.000101137558589327,-0.439503435611464,0.286,0.34,1,"EPC1","GSE214411","Myeloid",TRUE
0.0001021049617534,-0.215221102300663,0.144,0.206,1,"ZBTB38","GSE214411","Myeloid",TRUE
0.000102177291131475,-0.414929883142664,0.312,0.368,1,"DCTN3","GSE214411","Myeloid",TRUE
0.000102417610958888,3.45983382467494,0.028,0.005,1,"S1PR3","GSE214411","Myeloid",TRUE
0.000102872515635758,-0.0923289052339032,0.429,0.504,1,"GLRX","GSE214411","Myeloid",TRUE
0.000102957764454449,-0.261384214308278,0.394,0.454,1,"IFI30","GSE214411","Myeloid",TRUE
0.000103295843038976,0.42593528200023,0.393,0.305,1,"C8orf59","GSE214411","Myeloid",TRUE
0.000104836385546194,-0.0727186223360146,0.536,0.64,1,"TSPO","GSE214411","Myeloid",TRUE
0.000104860025337482,-0.57759621320434,0.217,0.276,1,"SDCCAG8","GSE214411","Myeloid",TRUE
0.000105277488520546,1.40169576190103,0.07,0.032,1,"RAB24","GSE214411","Myeloid",TRUE
0.000105665761658765,-0.900024841913869,0.112,0.166,1,"ACBD5","GSE214411","Myeloid",TRUE
0.000105736559927169,-2.663634571056,0.011,0.036,1,"ZNF785","GSE214411","Myeloid",TRUE
0.000106994847663004,-0.244728083366095,0.539,0.619,1,"NCL","GSE214411","Myeloid",TRUE
0.000107045802467086,-1.00726135219158,0.047,0.088,1,"PAOX","GSE214411","Myeloid",TRUE
0.000107114641004664,-0.411200878406529,0.066,0.113,1,"RP11-61J19.5","GSE214411","Myeloid",TRUE
0.000107122597276884,-0.316619167138813,0.46,0.526,1,"H2AFV","GSE214411","Myeloid",TRUE
0.000107200339839569,-1.62047171075184,0.031,0.066,1,"EP400NL","GSE214411","Myeloid",TRUE
0.000107235043281329,-1.30075960240754,0.04,0.079,1,"GCNT2","GSE214411","Myeloid",TRUE
0.000108487577544373,-0.578369546787698,0.214,0.276,1,"HLA-DOA","GSE214411","Myeloid",TRUE
0.000108753670769789,-0.169506121059327,0.199,0.258,1,"TTC1","GSE214411","Myeloid",TRUE
0.00011045634266094,-1.02981917817658,0.076,0.125,1,"ABHD13","GSE214411","Myeloid",TRUE
0.000110570867653215,-0.368308225433393,0.251,0.316,1,"APPL1","GSE214411","Myeloid",TRUE
0.000110718850899467,-1.24048104870338,0.032,0.069,1,"UAP1L1","GSE214411","Myeloid",TRUE
0.000110782829868561,-0.427689559293818,0.111,0.167,1,"MBNL2","GSE214411","Myeloid",TRUE
0.000110937825432086,0.54195184674312,0.605,0.587,1,"NR4A3","GSE214411","Myeloid",TRUE
0.000111369905677839,-0.643727891239549,0.088,0.139,1,"HEXDC","GSE214411","Myeloid",TRUE
0.000112097487883483,-0.780236459917928,0.224,0.279,1,"FBXW5","GSE214411","Myeloid",TRUE
0.000112222994669495,0.0656897650077585,0.221,0.287,1,"PLEKHO2","GSE214411","Myeloid",TRUE
0.00011301026818354,-0.432647014172569,0.161,0.225,1,"PDLIM2","GSE214411","Myeloid",TRUE
0.000113589780227272,-0.399174099414464,0.067,0.114,1,"GLT8D1","GSE214411","Myeloid",TRUE
0.000113915364939992,-0.887943981641021,0.048,0.09,1,"TMEM106C","GSE214411","Myeloid",TRUE
0.000114034281699729,-0.336984798952535,0.346,0.401,1,"PSMC4","GSE214411","Myeloid",TRUE
0.000114384161234648,-0.153014849366412,0.246,0.315,1,"NRBF2","GSE214411","Myeloid",TRUE
0.000115799922210302,0.0585058214751419,0.337,0.399,1,"CHURC1","GSE214411","Myeloid",TRUE
0.000116570250918387,0.513852876579995,0.176,0.112,1,"PHF10","GSE214411","Myeloid",TRUE
0.000117673361498782,-0.237650495306667,0.417,0.49,1,"TACC1","GSE214411","Myeloid",TRUE
0.000118079591566304,0.605576622281338,0.646,0.659,1,"GNG5","GSE214411","Myeloid",TRUE
0.000118095322032525,-0.539286617180099,0.276,0.337,1,"LINC01420","GSE214411","Myeloid",TRUE
0.000118659579958593,0.151870433679308,0.072,0.121,1,"TP53I3","GSE214411","Myeloid",TRUE
0.000118999255716737,-0.602698787775897,0.054,0.099,1,"EPHX1","GSE214411","Myeloid",TRUE
0.000120010608774113,-0.585360596099419,0.048,0.089,1,"MRFAP1L1","GSE214411","Myeloid",TRUE
0.000120614797528772,-0.832682981783512,0.064,0.109,1,"ZRSR2","GSE214411","Myeloid",TRUE
0.000120637362173581,-0.902298351632652,0.155,0.211,1,"LYRM2","GSE214411","Myeloid",TRUE
0.000121496998902987,-0.80926174611986,0.112,0.167,1,"TRIM14","GSE214411","Myeloid",TRUE
0.00012215560186235,-1.36715928004165,0.047,0.088,1,"GSTM4","GSE214411","Myeloid",TRUE
0.000123729702130912,-0.7868472635418,0.111,0.165,1,"MRPL35","GSE214411","Myeloid",TRUE
0.000123846587841726,-1.07852062817699,0.063,0.108,1,"ITGB3BP","GSE214411","Myeloid",TRUE
0.000125279557065228,0.739619216800774,0.2,0.133,1,"TOM1","GSE214411","Myeloid",TRUE
0.000125796092851424,-0.258674694692437,0.358,0.415,1,"CD302","GSE214411","Myeloid",TRUE
0.000126077866007108,-3.01445154669884,0.003,0.02,1,"ZNF257","GSE214411","Myeloid",TRUE
0.000126336356251708,-1.30734409393754,0.019,0.049,1,"PLA1A","GSE214411","Myeloid",TRUE
0.000127320599094623,-0.638075374025845,0.162,0.219,1,"KPNA3","GSE214411","Myeloid",TRUE
0.000129085999692786,0.484668777500169,0.661,0.606,1,"TNFAIP3","GSE214411","Myeloid",TRUE
0.000129108213032134,-0.663502836814322,0.063,0.109,1,"C12orf4","GSE214411","Myeloid",TRUE
0.00012950958026209,-0.192842637547008,0.381,0.446,1,"OCIAD1","GSE214411","Myeloid",TRUE
0.000129648608532927,-2.23268489599822,0.027,0.06,1,"ERMAP","GSE214411","Myeloid",TRUE
0.00013178951919064,-0.198801973301562,0.445,0.512,1,"NDUFV2","GSE214411","Myeloid",TRUE
0.000132432501357133,0.428612466319307,0.288,0.209,1,"MAFG","GSE214411","Myeloid",TRUE
0.000132555575540813,-1.74643915614108,0.023,0.055,1,"PDCD1LG2","GSE214411","Myeloid",TRUE
0.000132746817718165,-0.700175928859787,0.153,0.21,1,"NUBP2","GSE214411","Myeloid",TRUE
0.000133564367456266,-1.74358811184244,0.022,0.054,1,"GTSE1","GSE214411","Myeloid",TRUE
0.000134504655244796,2.45770025284846,0.035,0.01,1,"CTH","GSE214411","Myeloid",TRUE
0.000135108458829043,2.6873483507128,0.039,0.012,1,"TVP23A","GSE214411","Myeloid",TRUE
0.000135474766184911,-0.374565442095459,0.069,0.115,1,"PIGBOS1","GSE214411","Myeloid",TRUE
0.00013780302768276,-2.19005776943481,0.012,0.037,1,"SLC43A1","GSE214411","Myeloid",TRUE
0.000138199065309032,-1.4869441271525,0.032,0.068,1,"THAP6","GSE214411","Myeloid",TRUE
0.000139571836232581,-0.413490271468863,0.058,0.103,1,"PINK1","GSE214411","Myeloid",TRUE
0.000139679100498197,-1.14812016331087,0.022,0.054,1,"CEP55","GSE214411","Myeloid",TRUE
0.00013991111574989,-0.486640979818413,0.354,0.408,1,"HEXB","GSE214411","Myeloid",TRUE
0.000140030953015599,1.35951878024935,0.042,0.014,1,"SYNJ2","GSE214411","Myeloid",TRUE
0.000140759540533778,-0.946019106324772,0.118,0.169,1,"APOA1BP","GSE214411","Myeloid",TRUE
0.000141081418092787,-0.07156049472113,0.47,0.535,1,"SPCS1","GSE214411","Myeloid",TRUE
0.000141233521040383,-0.0881253587369401,0.219,0.286,1,"RBCK1","GSE214411","Myeloid",TRUE
0.000141452844389806,-0.639436412552692,0.095,0.147,1,"CRYBG3","GSE214411","Myeloid",TRUE
0.000142278218565203,-0.991953810407966,0.04,0.078,1,"CCDC125","GSE214411","Myeloid",TRUE
0.000142811554227618,-2.17249796326316,0.024,0.056,1,"MICA","GSE214411","Myeloid",TRUE
0.000145167569637203,-0.164086025139164,0.5,0.572,1,"CSDE1","GSE214411","Myeloid",TRUE
0.000145474828809954,-0.82294874590233,0.058,0.102,1,"ZNF358","GSE214411","Myeloid",TRUE
0.000145684999578548,-0.221188765509009,0.066,0.112,1,"MED21","GSE214411","Myeloid",TRUE
0.000146002793113495,-0.543227633253994,0.179,0.238,1,"GPAA1","GSE214411","Myeloid",TRUE
0.000146397663211959,0.386512859791099,0.243,0.172,1,"NRARP","GSE214411","Myeloid",TRUE
0.000146927673205652,-0.633769401271486,0.037,0.074,1,"ZWINT","GSE214411","Myeloid",TRUE
0.000147569998865481,-1.07440156657814,0.035,0.072,1,"CCNB1","GSE214411","Myeloid",TRUE
0.000147606069690181,-1.86546556136831,0.017,0.046,1,"AP003774.6","GSE214411","Myeloid",TRUE
0.000148325756960638,-0.431759268988341,0.343,0.401,1,"TTC3","GSE214411","Myeloid",TRUE
0.000148640580822805,-0.188881589479586,0.201,0.262,1,"NT5C","GSE214411","Myeloid",TRUE
0.000149070426375545,1.37668607183085,0.204,0.14,1,"ACSL5","GSE214411","Myeloid",TRUE
0.000149072119511732,-0.650540312195673,0.008,0.031,1,"CXCL11","GSE214411","Myeloid",TRUE
0.000149241983807355,0.60824970033455,0.113,0.064,1,"IRF4","GSE214411","Myeloid",TRUE
0.000150193179654244,0.654266508301536,0.296,0.22,1,"MOB3A","GSE214411","Myeloid",TRUE
0.000151439051052307,0.776862934855802,0.495,0.447,1,"CKLF","GSE214411","Myeloid",TRUE
0.000151533557334964,-0.232094358099331,0.39,0.444,1,"ATOX1","GSE214411","Myeloid",TRUE
0.000151880212471658,-2.64999889208859,0.005,0.025,1,"ZNF546","GSE214411","Myeloid",TRUE
0.000152864995383333,-0.267344660103099,0.065,0.111,1,"CAPS","GSE214411","Myeloid",TRUE
0.000153003351969468,-0.362827347640829,0.068,0.114,1,"SERTAD3","GSE214411","Myeloid",TRUE
0.000154451816450436,0.738314051313426,0.404,0.332,1,"MORF4L2","GSE214411","Myeloid",TRUE
0.00015467749200895,-0.62164854131532,0.094,0.144,1,"GIPC1","GSE214411","Myeloid",TRUE
0.000155454607305452,-0.227147269791134,0.135,0.194,1,"EPS8","GSE214411","Myeloid",TRUE
0.000156147260779998,-1.10964348615595,0.026,0.059,1,"RPL39L","GSE214411","Myeloid",TRUE
0.000156245359135737,-1.44878762193347,0.11,0.16,1,"MRPS14","GSE214411","Myeloid",TRUE
0.000156662133187673,-0.853469653454061,0.085,0.133,1,"CPNE8","GSE214411","Myeloid",TRUE
0.000157768760615987,-0.73735247617817,0.037,0.074,1,"TRANK1","GSE214411","Myeloid",TRUE
0.000157790004892376,2.42882983294805,0.027,0.005,1,"F5","GSE214411","Myeloid",TRUE
0.000157807745544091,0.595544463820652,0.465,0.383,1,"MYH9","GSE214411","Myeloid",TRUE
0.000157940609545911,-0.678308335367269,0.174,0.229,1,"NSL1","GSE214411","Myeloid",TRUE
0.000158206322360871,-0.608823408457775,0.117,0.169,1,"KLHL24","GSE214411","Myeloid",TRUE
0.000158798092656873,-0.973453137237937,0.039,0.076,1,"GUCY1A3","GSE214411","Myeloid",TRUE
0.000161588768999001,-1.75407294935783,0.005,0.025,1,"ZNF555","GSE214411","Myeloid",TRUE
0.000161642151692647,-0.226423732409069,0.569,0.657,1,"HSP90B1","GSE214411","Myeloid",TRUE
0.000162449900659037,-7.46067562662043,0,0.013,1,"IGLC3","GSE214411","Myeloid",TRUE
0.00016359736446928,0.783252947663853,0.307,0.235,1,"KCTD20","GSE214411","Myeloid",TRUE
0.000163661693774421,-0.394233627013849,0.028,0.061,1,"AP4M1","GSE214411","Myeloid",TRUE
0.00016385851182162,-0.296095937572233,0.086,0.136,1,"IFT27","GSE214411","Myeloid",TRUE
0.000164267157796035,-1.45153167898489,0.013,0.038,1,"ZNF775","GSE214411","Myeloid",TRUE
0.000164342669658693,0.19482443769716,0.754,0.856,1,"RPL22","GSE214411","Myeloid",TRUE
0.000165530723613519,-0.6305903879406,0.117,0.172,1,"YPEL2","GSE214411","Myeloid",TRUE
0.000166061865496548,-0.0829858518165478,0.346,0.417,1,"ARID4B","GSE214411","Myeloid",TRUE
0.000166306095131833,-2.32246220227659,0.018,0.047,1,"ZMYND19","GSE214411","Myeloid",TRUE
0.000167747950953688,-1.18391722125442,0.088,0.137,1,"METRN","GSE214411","Myeloid",TRUE
0.000169299172972785,-2.00829867165663,0.013,0.038,1,"FANCM","GSE214411","Myeloid",TRUE
0.000171027552416351,0.422164516005996,0.396,0.321,1,"UPP1","GSE214411","Myeloid",TRUE
0.000171452815080221,-0.485166033304695,0.19,0.251,1,"NAAA","GSE214411","Myeloid",TRUE
0.000172245077972749,1.40991375825028,0.047,0.017,1,"GPRC5A","GSE214411","Myeloid",TRUE
0.000172256174736789,-0.32127405295238,0.19,0.247,1,"RAB4A","GSE214411","Myeloid",TRUE
0.00017351657299423,0.0710625848568078,0.267,0.329,1,"LEPROTL1","GSE214411","Myeloid",TRUE
0.000174649709413041,-0.559288258186958,0.151,0.207,1,"DNTTIP1","GSE214411","Myeloid",TRUE
0.0001756487591816,-0.296740992562429,0.092,0.14,1,"STAMBP","GSE214411","Myeloid",TRUE
0.000176622116559258,-0.23354224430264,0.046,0.086,1,"C3orf14","GSE214411","Myeloid",TRUE
0.000178027787023292,-1.70924011993257,0.024,0.056,1,"ABCC4","GSE214411","Myeloid",TRUE
0.000178591497786252,-0.496774390222312,0.087,0.137,1,"KIAA0319L","GSE214411","Myeloid",TRUE
0.000178633309552986,-0.352460164104206,0.345,0.397,1,"DPYSL2","GSE214411","Myeloid",TRUE
0.000179114516791177,-0.84234406892048,0.182,0.237,1,"BUB3","GSE214411","Myeloid",TRUE
0.000179119166708385,-3.01614077478565,0.004,0.023,1,"DNA2","GSE214411","Myeloid",TRUE
0.000180770025699605,-1.44813870192726,0.045,0.084,1,"IFI27L1","GSE214411","Myeloid",TRUE
0.00018087902566468,-0.877604642428768,0.086,0.135,1,"SORBS3","GSE214411","Myeloid",TRUE
0.000181061166737701,-1.03932693075656,0.037,0.073,1,"RNF170","GSE214411","Myeloid",TRUE
0.000181812118134256,3.32026351258863,0.036,0.011,1,"GZMB","GSE214411","Myeloid",TRUE
0.000182680944082795,-1.38223537509928,0.034,0.07,1,"SHCBP1","GSE214411","Myeloid",TRUE
0.000183104178219133,-0.136201175892084,0.948,0.972,1,"MT-CO1","GSE214411","Myeloid",TRUE
0.00018454674593522,-0.656318971095551,0.145,0.201,1,"NFATC2","GSE214411","Myeloid",TRUE
0.000184750681225337,-0.690128065108427,0.158,0.214,1,"SMIM19","GSE214411","Myeloid",TRUE
0.000186511227380936,-0.380425133082097,0.279,0.34,1,"CLEC4A","GSE214411","Myeloid",TRUE
0.000187487736239389,-0.546532276250229,0.029,0.062,1,"TGDS","GSE214411","Myeloid",TRUE
0.000188372307429955,-0.792115361261357,0.004,0.023,1,"ZFP1","GSE214411","Myeloid",TRUE
0.000188726389084547,-0.0776505763297293,0.304,0.398,1,"CLEC10A","GSE214411","Myeloid",TRUE
0.000189159180645195,-0.432990194884537,0.226,0.291,1,"SCARB2","GSE214411","Myeloid",TRUE
0.000189219870402364,0.72952980694027,0.149,0.094,1,"HMGCR","GSE214411","Myeloid",TRUE
0.000190915477881388,-0.298833223252138,0.113,0.166,1,"SMARCC2","GSE214411","Myeloid",TRUE
0.00019093844318505,0.570702874023185,0.573,0.562,1,"EIF4G2","GSE214411","Myeloid",TRUE
0.000192361248486788,-0.726803857638192,0.073,0.12,1,"C16orf87","GSE214411","Myeloid",TRUE
0.000192562679006129,-0.0893586428955953,0.916,0.949,1,"HLA-B","GSE214411","Myeloid",TRUE
0.000193214956381199,-0.867160287209124,0.131,0.185,1,"HOMER3","GSE214411","Myeloid",TRUE
0.000194635078907756,-0.152529511167486,0.329,0.387,1,"C4orf48","GSE214411","Myeloid",TRUE
0.000196173798660485,0.0049110061826243,0.226,0.294,1,"CCR1","GSE214411","Myeloid",TRUE
0.000196320497308056,-0.80621333702613,0.025,0.057,1,"BOLA1","GSE214411","Myeloid",TRUE
0.000196891062277194,0.622275276105754,0.476,0.403,1,"ATP1A1","GSE214411","Myeloid",TRUE
0.000199292501446426,-0.467252491432031,0.18,0.239,1,"IRF3","GSE214411","Myeloid",TRUE
0.00019946192360967,0.00716793456910825,0.122,0.181,1,"PIM1","GSE214411","Myeloid",TRUE
0.000201419231587774,0.248445770465873,0.726,0.633,1,"IL1B","GSE214411","Myeloid",TRUE
0.000201460373193646,1.28876959705654,0.543,0.496,1,"PTGS2","GSE214411","Myeloid",TRUE
0.00020212443976279,-0.18636335566437,0.144,0.201,1,"SELPLG","GSE214411","Myeloid",TRUE
0.000202505952560803,-1.39004304986443,0.047,0.086,1,"HAAO","GSE214411","Myeloid",TRUE
0.00020446744666909,2.26967365679567,0.036,0.011,1,"CES1","GSE214411","Myeloid",TRUE
0.000204483273226183,-0.715578420627834,0.151,0.204,1,"FBXL15","GSE214411","Myeloid",TRUE
0.000205327240172084,-0.507099845517017,0.081,0.129,1,"SNRNP35","GSE214411","Myeloid",TRUE
0.000206313557807935,-0.325374444689975,0.009,0.032,1,"FIGNL1","GSE214411","Myeloid",TRUE
0.000207089059393659,-1.10166865386676,0.054,0.095,1,"FAM78A","GSE214411","Myeloid",TRUE
0.000207839209526238,-0.682432764733846,0.187,0.243,1,"STRA13","GSE214411","Myeloid",TRUE
0.000208402510185766,-0.447157931534611,0.16,0.216,1,"SIL1","GSE214411","Myeloid",TRUE
0.000209284105209685,0.172358144992673,0.1,0.154,1,"CCNG2","GSE214411","Myeloid",TRUE
0.000210616842506142,-0.401914292914956,0.324,0.38,1,"CYC1","GSE214411","Myeloid",TRUE
0.000211340622735062,-2.27803772787076,0.014,0.04,1,"RP11-212I21.4","GSE214411","Myeloid",TRUE
0.000211466964061036,-0.278030585026807,0.228,0.29,1,"GTF2H5","GSE214411","Myeloid",TRUE
0.000212133045300916,-2.12542981324377,0.012,0.036,1,"RP11-624L4.2","GSE214411","Myeloid",TRUE
0.000213988066494323,0.81565407674732,0.22,0.153,1,"ATXN2L","GSE214411","Myeloid",TRUE
0.000214538160504884,-0.941879844498467,0.128,0.183,1,"CPSF2","GSE214411","Myeloid",TRUE
0.00021460752908863,-1.92152479586942,0.032,0.067,1,"ZNF362","GSE214411","Myeloid",TRUE
0.00021738603464118,-0.466404444001353,0.341,0.394,1,"SLC8A1","GSE214411","Myeloid",TRUE
0.000218820700897572,-0.756701082183476,0.113,0.164,1,"ELP5","GSE214411","Myeloid",TRUE
0.000218925177816057,-0.972601185974972,0.07,0.114,1,"QTRTD1","GSE214411","Myeloid",TRUE
0.000221186232651185,1.59377037184556,0.051,0.02,1,"RGS13","GSE214411","Myeloid",TRUE
0.000221723117401481,-2.61284321251731,0.012,0.036,1,"ZNF678","GSE214411","Myeloid",TRUE
0.000221865698014425,-0.273311500956002,0.183,0.243,1,"TMED3","GSE214411","Myeloid",TRUE
0.000222253669011521,0.0348630832776117,0.429,0.496,1,"NCOA4","GSE214411","Myeloid",TRUE
0.000222819347441387,-0.457702068702734,0.049,0.089,1,"BACE1","GSE214411","Myeloid",TRUE
0.000223051030359933,-0.657944892556818,0.054,0.095,1,"FAM114A2","GSE214411","Myeloid",TRUE
0.000223227503989522,-1.458181817573,0.02,0.049,1,"SLC2A11","GSE214411","Myeloid",TRUE
0.000226295491718001,-1.06529847260833,0.053,0.093,1,"CCDC137","GSE214411","Myeloid",TRUE
0.000227440907107538,-0.358165956265084,0.356,0.417,1,"CECR1","GSE214411","Myeloid",TRUE
0.000228815500462861,-0.146680469990056,0.423,0.49,1,"REEP5","GSE214411","Myeloid",TRUE
0.000230399835495325,-6.93505928286865,0.002,0.017,1,"IGHG1","GSE214411","Myeloid",TRUE
0.00023098886174932,-2.32743694119127,0.014,0.04,1,"NOD1","GSE214411","Myeloid",TRUE
0.000231103609014227,-0.251172942702172,0.276,0.336,1,"KLF3","GSE214411","Myeloid",TRUE
0.000231845225939182,-2.93000412671528,0.003,0.019,1,"NTM","GSE214411","Myeloid",TRUE
0.000232051076941169,-0.702384853704823,0.075,0.122,1,"BHLHE41","GSE214411","Myeloid",TRUE
0.000233706343682593,-0.766842328380518,0.176,0.231,1,"EFR3A","GSE214411","Myeloid",TRUE
0.00023437889377203,-0.786865404384109,0.136,0.189,1,"CEBPA","GSE214411","Myeloid",TRUE
0.000235036224259322,-3.67533993014536,0.002,0.017,1,"GATS","GSE214411","Myeloid",TRUE
0.000235299377796157,0.328475663362507,0.588,0.564,1,"RPL36A","GSE214411","Myeloid",TRUE
0.000235891697711655,-0.609220107828864,0.226,0.288,1,"SWAP70","GSE214411","Myeloid",TRUE
0.000237108141212189,-2.42579574603513,0.01,0.033,1,"CH507-9B2.5","GSE214411","Myeloid",TRUE
0.000237398121219099,-0.334127256251754,0.084,0.132,1,"HLX","GSE214411","Myeloid",TRUE
0.000237892543766877,-0.459487699262446,0.128,0.183,1,"ACADM","GSE214411","Myeloid",TRUE
0.000238032084204745,-6.20878921628878,0.002,0.017,1,"IGLC2","GSE214411","Myeloid",TRUE
0.0002383049699327,-0.432827205188786,0.054,0.095,1,"DHRS7B","GSE214411","Myeloid",TRUE
0.00023902460346306,-1.94601878305666,0.058,0.099,1,"RP11-11N9.4","GSE214411","Myeloid",TRUE
0.000240656414474934,-0.537626404887852,0.047,0.086,1,"RPP25","GSE214411","Myeloid",TRUE
0.000241989570670655,-0.621970302558694,0.171,0.227,1,"XRN1","GSE214411","Myeloid",TRUE
0.000244937913304598,1.7312150818631,0.074,0.036,1,"ERRFI1","GSE214411","Myeloid",TRUE
0.000245142306877445,-1.45746614564395,0.01,0.033,1,"PAXBP1-AS1","GSE214411","Myeloid",TRUE
0.000246842400649692,1.10151571454412,0.237,0.171,1,"IL2RG","GSE214411","Myeloid",TRUE
0.000246889043154274,-2.54319145175181,0.013,0.037,1,"ALKBH8","GSE214411","Myeloid",TRUE
0.000246965768011359,-1.2405246458521,0.028,0.06,1,"INTS2","GSE214411","Myeloid",TRUE
0.000247080109023992,-1.1060185787401,0.085,0.132,1,"PRADC1","GSE214411","Myeloid",TRUE
0.000247225758639362,-0.607048911289827,0.076,0.122,1,"ARHGAP35","GSE214411","Myeloid",TRUE
0.000247327858554988,-0.753320102591742,0.118,0.171,1,"LACC1","GSE214411","Myeloid",TRUE
0.000248018110922589,-0.575707295609482,0.046,0.085,1,"WDR60","GSE214411","Myeloid",TRUE
0.000248061628420829,-0.142179738986068,0.035,0.071,1,"SLF1","GSE214411","Myeloid",TRUE
0.000248431795708254,-0.556235653351004,0.017,0.044,1,"THRA","GSE214411","Myeloid",TRUE
0.000250039857588917,-0.886759827228437,0.133,0.184,1,"SNRPN","GSE214411","Myeloid",TRUE
0.000251303981306748,0.891010938182462,0.241,0.172,1,"ZFC3H1","GSE214411","Myeloid",TRUE
0.000251540418028432,-1.82492851066817,0.041,0.078,1,"VAMP4","GSE214411","Myeloid",TRUE
0.000251604497108469,3.15193029745909,0.04,0.014,1,"CTSW","GSE214411","Myeloid",TRUE
0.000252163854327176,0.914988379859562,0.102,0.057,1,"SVIL","GSE214411","Myeloid",TRUE
0.00025230418968123,-0.442234281514744,0.036,0.072,1,"FAM222B","GSE214411","Myeloid",TRUE
0.000253464599600436,0.493027168419233,0.244,0.319,1,"YPEL3","GSE214411","Myeloid",TRUE
0.000254504750230019,-0.0855423791364991,0.529,0.611,1,"UQCR11","GSE214411","Myeloid",TRUE
0.000255136278200401,-0.185298169384791,0.226,0.299,1,"ABCA1","GSE214411","Myeloid",TRUE
0.000256375050651138,-0.335370701712537,0.14,0.194,1,"SLC39A10","GSE214411","Myeloid",TRUE
0.000256849391514967,-0.518398827441756,0.053,0.093,1,"RDH14","GSE214411","Myeloid",TRUE
0.000259570858694738,3.62687138417642,0.028,0.006,1,"MIR210HG","GSE214411","Myeloid",TRUE
0.000260623099688368,-1.09417702281232,0.049,0.088,1,"FIG4","GSE214411","Myeloid",TRUE
0.000260733043752041,-0.183032678983429,0.109,0.162,1,"PDZD11","GSE214411","Myeloid",TRUE
0.000261137761816443,0.0131926871775176,0.181,0.251,1,"SPARC","GSE214411","Myeloid",TRUE
0.000261641982307255,-1.16195501127126,0.045,0.083,1,"BTN3A3","GSE214411","Myeloid",TRUE
0.000262870244930175,-0.0326779804913748,0.119,0.174,1,"C6orf89","GSE214411","Myeloid",TRUE
0.000263065083205853,-0.105108041102393,0.376,0.443,1,"HLA-F","GSE214411","Myeloid",TRUE
0.000264545151492798,-0.485898038003411,0.065,0.108,1,"KAT7","GSE214411","Myeloid",TRUE
0.000264600344525094,-1.30904923886547,0.013,0.037,1,"CEP85","GSE214411","Myeloid",TRUE
0.000265551551957932,-0.710848723484271,0.125,0.177,1,"AGGF1","GSE214411","Myeloid",TRUE
0.000267167204293517,2.08057564691189,0.089,0.049,1,"ST20","GSE214411","Myeloid",TRUE
0.00026822762481302,-0.330090673256854,0.244,0.299,1,"NDUFV1","GSE214411","Myeloid",TRUE
0.000268741775627284,-1.18842057272909,0.058,0.101,1,"CHMP6","GSE214411","Myeloid",TRUE
0.000269332316565441,-0.573570306049249,0.029,0.061,1,"KIAA1524","GSE214411","Myeloid",TRUE
0.000270277949466459,-0.20784894446054,0.403,0.472,1,"TAOK3","GSE214411","Myeloid",TRUE
0.000272048745053116,-0.423620343304978,0.232,0.287,1,"BIN1","GSE214411","Myeloid",TRUE
0.000273016869149554,-1.04867607953744,0.022,0.052,1,"SEC22A","GSE214411","Myeloid",TRUE
0.00027311151384463,-1.82312408557023,0.015,0.041,1,"MTX3","GSE214411","Myeloid",TRUE
0.000273123136683879,-0.376814554824219,0.057,0.099,1,"FAM214A","GSE214411","Myeloid",TRUE
0.000275047560772196,-0.150957368592343,0.092,0.145,1,"LUM","GSE214411","Myeloid",TRUE
0.000276096203087852,-0.611155180994258,0.041,0.078,1,"ZNF322","GSE214411","Myeloid",TRUE
0.000276327826144325,-1.71260907624139,0.093,0.139,1,"RILP","GSE214411","Myeloid",TRUE
0.000277216675061904,-0.645020409427276,0.059,0.102,1,"CDK5RAP2","GSE214411","Myeloid",TRUE
0.000278053162003753,-0.528376097717286,0.16,0.213,1,"UFL1","GSE214411","Myeloid",TRUE
0.000278437016020432,-0.277896392213265,0.061,0.104,1,"PDCL","GSE214411","Myeloid",TRUE
0.000280280989748444,-1.55418636576468,0.011,0.034,1,"SPC25","GSE214411","Myeloid",TRUE
0.000280699578542866,-0.834315515908831,0.145,0.195,1,"NMT1","GSE214411","Myeloid",TRUE
0.000282338350401654,-0.256090275885949,0.467,0.524,1,"TAX1BP1","GSE214411","Myeloid",TRUE
0.000282429396520219,-0.216468699278054,0.17,0.228,1,"AP000769.1","GSE214411","Myeloid",TRUE
0.00028675292208544,-0.450940088012746,0.237,0.29,1,"CMTM7","GSE214411","Myeloid",TRUE
0.000287176629299628,-0.411607850046828,0.082,0.128,1,"SCAMP3","GSE214411","Myeloid",TRUE
0.000288752150912325,-0.237233265206249,0.178,0.24,1,"MX1","GSE214411","Myeloid",TRUE
0.000289089924955,-1.10042230253559,0.035,0.07,1,"CXCL10","GSE214411","Myeloid",TRUE
0.000290972904823041,0.698443809722931,0.298,0.232,1,"ATF5","GSE214411","Myeloid",TRUE
0.000292915442158278,-1.67592037753093,0.026,0.057,1,"RP11-190C22.9","GSE214411","Myeloid",TRUE
0.000293146786161724,-1.8113052158935,0.011,0.034,1,"SLC8A1-AS1","GSE214411","Myeloid",TRUE
0.000295177777665135,-0.577372798655548,0.013,0.037,1,"STOML1","GSE214411","Myeloid",TRUE
0.000297821760482435,-0.128681227452683,0.395,0.454,1,"HMGN3","GSE214411","Myeloid",TRUE
0.000298267856510703,-0.372473537079504,0.062,0.105,1,"DTX2","GSE214411","Myeloid",TRUE
0.000299274207097167,-0.312752633025612,0.22,0.273,1,"APMAP","GSE214411","Myeloid",TRUE
0.000299326997076751,-0.386275264244974,0.291,0.341,1,"PPP1CC","GSE214411","Myeloid",TRUE
0.000299579974096501,-0.032766599694062,0.097,0.147,1,"CNP","GSE214411","Myeloid",TRUE
0.000299957248192122,-2.04544027826977,0.011,0.034,1,"ZNF583","GSE214411","Myeloid",TRUE
0.000300646383925521,-0.74004459179195,0.011,0.034,1,"RILPL1","GSE214411","Myeloid",TRUE
0.000300901031912384,-1.25495921189519,0.042,0.079,1,"METTL8","GSE214411","Myeloid",TRUE
0.000301976477544617,1.17404522232476,0.04,0.014,1,"ZNF487","GSE214411","Myeloid",TRUE
0.000303539772368204,-1.37465262363402,0.039,0.074,1,"FAM179B","GSE214411","Myeloid",TRUE
0.00030482195662982,-0.561344853072985,0.268,0.326,1,"KIAA0930","GSE214411","Myeloid",TRUE
0.000304863995106732,-0.658982780349826,0.216,0.269,1,"MRPL27","GSE214411","Myeloid",TRUE
0.000305529804801255,-0.212256615198235,0.535,0.619,1,"GDI2","GSE214411","Myeloid",TRUE
0.000306554435032763,0.303604017255759,0.25,0.178,1,"HGSNAT","GSE214411","Myeloid",TRUE
0.00030660975507402,1.5800962241259,0.049,0.019,1,"ALDOC","GSE214411","Myeloid",TRUE
0.000308457462590859,-0.653971744939735,0.203,0.26,1,"FNTA","GSE214411","Myeloid",TRUE
0.000309039953783495,-0.611141620720378,0.105,0.155,1,"PML","GSE214411","Myeloid",TRUE
0.000309248928851223,0.609182280824832,0.342,0.428,1,"TAGAP","GSE214411","Myeloid",TRUE
0.000310446384179924,-0.878187025011698,0.061,0.104,1,"NFKBIL1","GSE214411","Myeloid",TRUE
0.00031186143948188,0.540007557855824,0.432,0.358,1,"FMNL1","GSE214411","Myeloid",TRUE
0.00031193049889026,-0.18601494263829,0.557,0.644,1,"PTGES3","GSE214411","Myeloid",TRUE
0.000313605217568342,3.75715719094205,0.019,0.002,1,"CDKN2B","GSE214411","Myeloid",TRUE
0.000313972176626539,-1.30813272148425,0.06,0.101,1,"ANKRD22","GSE214411","Myeloid",TRUE
0.00031411786678317,-0.823981129792898,0.074,0.119,1,"NDUFAF4","GSE214411","Myeloid",TRUE
0.000315321633794394,-0.672080226130167,0.327,0.379,1,"SF3B2","GSE214411","Myeloid",TRUE
0.000316156725213925,-2.4255080715838,0.013,0.038,1,"GFOD2","GSE214411","Myeloid",TRUE
0.000316827200656382,-0.81011463321377,0.173,0.227,1,"MRPS5","GSE214411","Myeloid",TRUE
0.000317786005259205,-0.133818084103688,0.031,0.065,1,"RP11-1017G21.5","GSE214411","Myeloid",TRUE
0.000319693320972303,-0.561741939331574,0.143,0.195,1,"MRPL15","GSE214411","Myeloid",TRUE
0.000320563237399278,0.431662276458038,0.331,0.254,1,"NFAT5","GSE214411","Myeloid",TRUE
0.000320886172216316,-0.681776115310402,0.092,0.141,1,"ARFRP1","GSE214411","Myeloid",TRUE
0.000321758177355621,-0.177626719801707,0.868,0.951,1,"RPL13","GSE214411","Myeloid",TRUE
0.000323434072325622,0.789634031401714,0.073,0.036,1,"RFX2","GSE214411","Myeloid",TRUE
0.000324656809771867,-0.620636780828963,0.105,0.154,1,"PRPSAP1","GSE214411","Myeloid",TRUE
0.000325871459645912,0.783872687368411,0.177,0.119,1,"TMEM170B","GSE214411","Myeloid",TRUE
0.000325997170167427,-0.107972917721751,0.355,0.417,1,"THRAP3","GSE214411","Myeloid",TRUE
0.000326632453502565,-0.728086925285756,0.126,0.177,1,"SP140L","GSE214411","Myeloid",TRUE
0.000326719385186139,0.0661786707398806,0.12,0.173,1,"TST","GSE214411","Myeloid",TRUE
0.000326882143381901,0.737253564284175,0.354,0.281,1,"EMD","GSE214411","Myeloid",TRUE
0.000327466577528284,-0.0285127024369369,0.385,0.45,1,"C6orf62","GSE214411","Myeloid",TRUE
0.000328142402342111,-0.282661047922038,0.097,0.145,1,"MAN1B1","GSE214411","Myeloid",TRUE
0.000328697221678163,-1.0945312909694,0.119,0.167,1,"PBX3","GSE214411","Myeloid",TRUE
0.000331480110625949,-0.361894852742529,0.259,0.314,1,"KDM5A","GSE214411","Myeloid",TRUE
0.000333818402081928,0.718708301824122,0.544,0.48,1,"DAZAP2","GSE214411","Myeloid",TRUE
0.0003347650873317,0.474346015825618,0.249,0.178,1,"MECP2","GSE214411","Myeloid",TRUE
0.000336477783303637,-0.745141009947342,0.14,0.192,1,"ZNF593","GSE214411","Myeloid",TRUE
0.000337554306626256,-0.0902575644256407,0.016,0.042,1,"FICD","GSE214411","Myeloid",TRUE
0.000339273955901169,-0.137428960475602,0.132,0.186,1,"CTR9","GSE214411","Myeloid",TRUE
0.000339662845387543,-1.52959253008969,0.052,0.091,1,"CMB9-22P13.1","GSE214411","Myeloid",TRUE
0.000340095490210762,-0.150993237561226,0.677,0.796,1,"ARPC1B","GSE214411","Myeloid",TRUE
0.00034109714120538,-0.321109818477095,0.332,0.394,1,"CD47","GSE214411","Myeloid",TRUE
0.000341371572396472,0.0464439215196629,0.275,0.347,1,"EGR3","GSE214411","Myeloid",TRUE
0.000343035756680169,-0.605138951563696,0.051,0.091,1,"SAC3D1","GSE214411","Myeloid",TRUE
0.000344424950263946,-0.687662435675142,0.05,0.089,1,"R3HCC1L","GSE214411","Myeloid",TRUE
0.000344866645830312,-0.366401187486012,0.35,0.401,1,"UQCRFS1","GSE214411","Myeloid",TRUE
0.000345837721596826,-0.789991939756282,0.126,0.176,1,"BRI3BP","GSE214411","Myeloid",TRUE
0.000347829964703272,-0.14204945925908,0.013,0.038,1,"C17orf80","GSE214411","Myeloid",TRUE
0.00034960893426468,-1.27830211291613,0.078,0.123,1,"CLN6","GSE214411","Myeloid",TRUE
0.000350175120065414,-0.233921635116124,0.178,0.232,1,"CCS","GSE214411","Myeloid",TRUE
0.000350954965265518,-0.39273203192056,0.077,0.123,1,"RNASEH2A","GSE214411","Myeloid",TRUE
0.000354042990290984,-0.45479327339101,0.099,0.147,1,"CCDC25","GSE214411","Myeloid",TRUE
0.000354678413133388,-0.414945514071926,0.285,0.341,1,"PFKL","GSE214411","Myeloid",TRUE
0.000355586935304659,0.808175254014091,0.214,0.156,1,"CD9","GSE214411","Myeloid",TRUE
0.00035584073469879,-1.13725166990491,0.205,0.254,1,"RP11-160E2.6","GSE214411","Myeloid",TRUE
0.000358163890133079,-0.939912821254564,0.029,0.06,1,"ZNF414","GSE214411","Myeloid",TRUE
0.000358363922551399,-0.250606721482175,0.105,0.156,1,"MPPE1","GSE214411","Myeloid",TRUE
0.000359311775359564,-0.849133282740719,0.065,0.107,1,"SLC38A7","GSE214411","Myeloid",TRUE
0.000359861523297325,1.35351404698691,0.041,0.015,1,"SERPINB2","GSE214411","Myeloid",TRUE
0.000363373382248068,-1.59324665114838,0.014,0.039,1,"ZNF398","GSE214411","Myeloid",TRUE
0.000366665415630302,-0.67380996808903,0.112,0.162,1,"ALG3","GSE214411","Myeloid",TRUE
0.000366805266451657,-0.647484306966393,0.033,0.067,1,"CEP295","GSE214411","Myeloid",TRUE
0.000367061868705546,0.815844844868329,0.407,0.332,1,"IDS","GSE214411","Myeloid",TRUE
0.000368519815580092,-0.500299633150656,0.206,0.26,1,"POLR2I","GSE214411","Myeloid",TRUE
0.000369597564410264,-0.417520834728629,0.029,0.06,1,"ZNF766","GSE214411","Myeloid",TRUE
0.000369622735872757,-0.303597988097456,0.058,0.099,1,"MAPKAPK5-AS1","GSE214411","Myeloid",TRUE
0.000369936839992117,-0.902482192745161,0.049,0.087,1,"ZNHIT6","GSE214411","Myeloid",TRUE
0.000370769407936655,0.557371101067113,0.205,0.142,1,"SERINC5","GSE214411","Myeloid",TRUE
0.000371346156703787,-0.360825127314053,0.272,0.326,1,"SUCLG1","GSE214411","Myeloid",TRUE
0.000372114265278201,-0.615889183410895,0.079,0.123,1,"ASPSCR1","GSE214411","Myeloid",TRUE
0.000372987097789233,0.581664864013079,0.509,0.451,1,"SKIL","GSE214411","Myeloid",TRUE
0.000373194685356212,-1.02388880293463,0.049,0.086,1,"MVB12B","GSE214411","Myeloid",TRUE
0.000373517271854696,3.17869689405821,0.027,0.006,1,"CRYAB","GSE214411","Myeloid",TRUE
0.000374547742076958,-0.300689499099057,0.209,0.266,1,"GLG1","GSE214411","Myeloid",TRUE
0.000375070278738961,-0.462834825764358,0.279,0.332,1,"STUB1","GSE214411","Myeloid",TRUE
0.000377443452140546,-0.226240305055419,0.25,0.308,1,"ASH1L","GSE214411","Myeloid",TRUE
0.000377446545395956,-2.44260046925786,0.006,0.025,1,"UBA6-AS1","GSE214411","Myeloid",TRUE
0.000377482534986492,-1.14267614217286,0.104,0.151,1,"PSMG3","GSE214411","Myeloid",TRUE
0.000381285157589489,-0.479750229597773,0.293,0.347,1,"SAT2","GSE214411","Myeloid",TRUE
0.000382546584758931,-1.59347124233148,0.006,0.025,1,"USP49","GSE214411","Myeloid",TRUE
0.000383075428784264,-1.53916744930604,0.047,0.084,1,"TDRD3","GSE214411","Myeloid",TRUE
0.000383871008950293,0.702355276551213,0.423,0.36,1,"CSF3R","GSE214411","Myeloid",TRUE
0.000388913144275118,-0.392158059007514,0.238,0.296,1,"VOPP1","GSE214411","Myeloid",TRUE
0.000389355446098413,-1.51536466802637,0.057,0.095,1,"NT5C3B","GSE214411","Myeloid",TRUE
0.000392271983529577,0.608805233446585,0.463,0.403,1,"PGAM1","GSE214411","Myeloid",TRUE
0.000394891554533434,0.313679653602533,0.7,0.772,1,"RPS21","GSE214411","Myeloid",TRUE
0.000395335685287774,-1.17559984084234,0.024,0.054,1,"ZNF704","GSE214411","Myeloid",TRUE
0.000395414443909493,-0.358645178057147,0.179,0.232,1,"APOPT1","GSE214411","Myeloid",TRUE
0.000397905927865044,-1.35982477416422,0.037,0.071,1,"KIAA0586","GSE214411","Myeloid",TRUE
0.000398067733231721,-1.39542698540293,0.041,0.077,1,"D2HGDH","GSE214411","Myeloid",TRUE
0.000398988268720989,-0.778830049487108,0.067,0.11,1,"RPUSD3","GSE214411","Myeloid",TRUE
0.000401311985885589,-0.529291095721224,0.261,0.31,1,"MCTS1","GSE214411","Myeloid",TRUE
0.000402136221994604,2.67858155935072,0.021,0.003,1,"ACOX2","GSE214411","Myeloid",TRUE
0.000402443236071869,-0.256304621792394,0.27,0.323,1,"PTPN18","GSE214411","Myeloid",TRUE
0.000402920380792953,-4.04766466105326,0.001,0.014,1,"ZNF57","GSE214411","Myeloid",TRUE
0.0004032057755674,-0.468531797475176,0.058,0.099,1,"WDR36","GSE214411","Myeloid",TRUE
0.000403356299403347,-0.652555880699917,0.135,0.189,1,"MPV17","GSE214411","Myeloid",TRUE
0.000403371803283127,-0.693263126904764,0.091,0.138,1,"MRPL45","GSE214411","Myeloid",TRUE
0.000404543681830553,-0.22371212868052,0.222,0.283,1,"EIF2AK2","GSE214411","Myeloid",TRUE
0.00040651441008436,-1.28879277670373,0.008,0.029,1,"UBE3D","GSE214411","Myeloid",TRUE
0.000406985855648544,2.11873476372383,0.029,0.007,1,"NFE2","GSE214411","Myeloid",TRUE
0.0004071756999835,-0.257054577974739,0.461,0.531,1,"RNH1","GSE214411","Myeloid",TRUE
0.000407524936799603,-0.74992044338096,0.008,0.029,1,"MMAA","GSE214411","Myeloid",TRUE
0.00040888420727846,-0.577534710666268,0.187,0.239,1,"DUS1L","GSE214411","Myeloid",TRUE
0.000409071121186692,-0.739340997690981,0.017,0.043,1,"COPZ2","GSE214411","Myeloid",TRUE
0.000409484874336095,-0.528090687148619,0.01,0.032,1,"C21orf58","GSE214411","Myeloid",TRUE
0.000409938129727193,-1.06676730659203,0.099,0.146,1,"SLC35F6","GSE214411","Myeloid",TRUE
0.000410586212196568,-2.23082488925541,0.013,0.036,1,"ZSCAN26","GSE214411","Myeloid",TRUE
0.000410905476370444,-0.974653332209214,0.018,0.044,1,"TUBD1","GSE214411","Myeloid",TRUE
0.00041105378840118,-0.338333347327189,0.173,0.229,1,"RPA3","GSE214411","Myeloid",TRUE
0.000411131831993129,1.24664145517379,0.272,0.209,1,"THAP9-AS1","GSE214411","Myeloid",TRUE
0.000411598347778809,-0.596396065661803,0.229,0.283,1,"CMTM3","GSE214411","Myeloid",TRUE
0.000412551568140089,-0.876040887040882,0.024,0.054,1,"BICD1","GSE214411","Myeloid",TRUE
0.000412895957280054,-0.971457418281137,0.034,0.068,1,"LMBRD2","GSE214411","Myeloid",TRUE
0.000414832410414906,-0.0660336035238056,0.634,0.745,1,"CCNI","GSE214411","Myeloid",TRUE
0.000416956158747359,-0.194836992894066,0.056,0.097,1,"PCOLCE","GSE214411","Myeloid",TRUE
0.0004187891155744,-0.723898476232101,0.16,0.212,1,"TPST2","GSE214411","Myeloid",TRUE
0.000419690481309084,-0.216097280606354,0.379,0.433,1,"MAP2K2","GSE214411","Myeloid",TRUE
0.000420457807464384,-0.769577700185189,0.033,0.067,1,"PIGU","GSE214411","Myeloid",TRUE
0.000423487573178843,-0.913393781190621,0.045,0.082,1,"MAD2L1","GSE214411","Myeloid",TRUE
0.000423517668449552,-0.193878811930256,0.079,0.125,1,"CCDC66","GSE214411","Myeloid",TRUE
0.000424655697079191,-0.170258924047636,0.205,0.26,1,"MIEN1","GSE214411","Myeloid",TRUE
0.000424911199729422,-1.0862474619956,0.047,0.084,1,"LOXL3","GSE214411","Myeloid",TRUE
0.000426347580199867,-0.568849918538535,0.224,0.275,1,"LSM2","GSE214411","Myeloid",TRUE
0.00042681629231573,-0.636711120344719,0.164,0.218,1,"TMEM134","GSE214411","Myeloid",TRUE
0.000427954471595484,-1.23172863083507,0.013,0.036,1,"ZNF567","GSE214411","Myeloid",TRUE
0.000428648169050163,0.516811243371398,0.19,0.129,1,"UBAP1","GSE214411","Myeloid",TRUE
0.000429593558630166,-1.10978284968475,0.042,0.078,1,"ORC6","GSE214411","Myeloid",TRUE
0.000430191786017816,-0.346013154621718,0.299,0.355,1,"TRIM38","GSE214411","Myeloid",TRUE
0.000431110076951227,-0.584366447928683,0.077,0.121,1,"PACS2","GSE214411","Myeloid",TRUE
0.000431805459588306,-3.00572823863634,0.002,0.016,1,"RP11-635N19.1","GSE214411","Myeloid",TRUE
0.000432328359600293,-0.211425928419865,0.262,0.326,1,"NDUFC1","GSE214411","Myeloid",TRUE
0.000432575649288893,-0.796154088185225,0.015,0.04,1,"ADAL","GSE214411","Myeloid",TRUE
0.0004337194371061,-0.210518795854302,0.221,0.278,1,"VAMP3","GSE214411","Myeloid",TRUE
0.000435269932040251,-0.852235831448264,0.16,0.216,1,"PLA2G7","GSE214411","Myeloid",TRUE
0.000438081153626535,0.704076985349392,0.288,0.215,1,"NOP58","GSE214411","Myeloid",TRUE
0.000439019445458459,-0.761579933742641,0.079,0.123,1,"BOD1","GSE214411","Myeloid",TRUE
0.000441039720243913,-0.458355595122478,0.09,0.136,1,"GCLC","GSE214411","Myeloid",TRUE
0.00044105988996029,-0.657772405265814,0.093,0.142,1,"MRTO4","GSE214411","Myeloid",TRUE
0.000441903058769451,-0.631350003771324,0.121,0.171,1,"NOL8","GSE214411","Myeloid",TRUE
0.000442187302046376,-0.157253070773758,0.305,0.364,1,"LEPROT","GSE214411","Myeloid",TRUE
0.000447112243246982,-1.08343040973684,0.011,0.033,1,"AC093323.3","GSE214411","Myeloid",TRUE
0.000448938613926359,-0.920368930955852,0.04,0.076,1,"SLC1A3","GSE214411","Myeloid",TRUE
0.000452712265815226,-1.12096399004668,0.032,0.065,1,"FAM160B2","GSE214411","Myeloid",TRUE
0.000454075830562582,0.0209641391962097,0.173,0.232,1,"RIF1","GSE214411","Myeloid",TRUE
0.000454720269398099,-0.756412446118514,0.058,0.099,1,"SAP30L","GSE214411","Myeloid",TRUE
0.000458252425890637,-2.46654299733847,0.005,0.023,1,"GS1-124K5.4","GSE214411","Myeloid",TRUE
0.00045932486094842,-1.65606814812254,0.027,0.057,1,"POMGNT1","GSE214411","Myeloid",TRUE
0.00045967895363779,-1.20554313322715,0.058,0.097,1,"ERAL1","GSE214411","Myeloid",TRUE
0.000460271138331537,-0.333253675198075,0.101,0.149,1,"TPGS2","GSE214411","Myeloid",TRUE
0.000463081654134794,0.433090399571642,0.272,0.201,1,"MAP2K1","GSE214411","Myeloid",TRUE
0.000463895808890223,-1.22266412936859,0.082,0.126,1,"ACTR6","GSE214411","Myeloid",TRUE
0.000465025089460715,-0.0551663400271982,0.827,0.864,1,"JUNB","GSE214411","Myeloid",TRUE
0.000465438748118998,-0.27537796194041,0.271,0.332,1,"CCDC50","GSE214411","Myeloid",TRUE
0.000468466637343361,-0.965521789914895,0.072,0.113,1,"C8orf82","GSE214411","Myeloid",TRUE
0.000468579008522817,-3.0612010180391,0.005,0.023,1,"IL27","GSE214411","Myeloid",TRUE
0.000469231574494749,-1.83506417975428,0.005,0.023,1,"ZNF230","GSE214411","Myeloid",TRUE
0.000469962182683265,-0.656179618461837,0.246,0.306,1,"ENG","GSE214411","Myeloid",TRUE
0.000471685982893289,-0.623259500701195,0.129,0.181,1,"TNFSF9","GSE214411","Myeloid",TRUE
0.000471850325989975,-2.18765069060401,0.005,0.023,1,"HIST1H2BN","GSE214411","Myeloid",TRUE
0.000474299785176675,-0.578440943573198,0.034,0.068,1,"HTRA1","GSE214411","Myeloid",TRUE
0.000478297189396694,-0.80505002970188,0.093,0.14,1,"GPATCH4","GSE214411","Myeloid",TRUE
0.000480108668240971,0.0409246144526516,0.092,0.142,1,"S100A13","GSE214411","Myeloid",TRUE
0.000481562165565488,-0.216327523087087,0.433,0.496,1,"JTB","GSE214411","Myeloid",TRUE
0.000481664151898889,-0.851264796779382,0.105,0.151,1,"PIGF","GSE214411","Myeloid",TRUE
0.000483459375346323,-0.995259644937595,0.142,0.19,1,"MCM5","GSE214411","Myeloid",TRUE
0.000483580668437559,-1.06772236478058,0.077,0.121,1,"HSPBAP1","GSE214411","Myeloid",TRUE
0.000485278528578456,-0.907615753652431,0.037,0.071,1,"CDC25B","GSE214411","Myeloid",TRUE
0.000485518130075502,-0.861418096007113,0.086,0.131,1,"ASB8","GSE214411","Myeloid",TRUE
0.000487470746258638,-0.617571773059129,0.033,0.066,1,"SURF6","GSE214411","Myeloid",TRUE
0.000489238235219973,-0.929814016938571,0.096,0.142,1,"CCDC130","GSE214411","Myeloid",TRUE
0.000490160506368146,-0.740979170026849,0.076,0.12,1,"UBA7","GSE214411","Myeloid",TRUE
0.000490828588613811,-0.139267240932704,0.129,0.18,1,"COMMD5","GSE214411","Myeloid",TRUE
0.00049178267613394,-0.653926839427284,0.099,0.146,1,"CCDC167","GSE214411","Myeloid",TRUE
0.000491995639615741,-0.244790965952613,0.319,0.381,1,"HM13","GSE214411","Myeloid",TRUE
0.000496020354293812,-0.868303289198076,0.039,0.073,1,"MIS18A","GSE214411","Myeloid",TRUE
0.000499872250970851,-0.978799479781541,0.027,0.057,1,"TRAF2","GSE214411","Myeloid",TRUE
0.000500313172907309,0.892502020798629,0.199,0.142,1,"ZBTB43","GSE214411","Myeloid",TRUE
0.000500611442804054,-0.328022686983621,0.285,0.338,1,"TXNDC12","GSE214411","Myeloid",TRUE
0.000503358599840284,-0.386693544108929,0.21,0.263,1,"CWC15","GSE214411","Myeloid",TRUE
0.000503442790814673,2.11194326173358,0.047,0.019,1,"KLF5","GSE214411","Myeloid",TRUE
0.000505215524465566,-0.487200411293283,0.119,0.166,1,"NCK1","GSE214411","Myeloid",TRUE
0.00050697310469876,-1.1841887307596,0.023,0.052,1,"RACGAP1","GSE214411","Myeloid",TRUE
0.000507701469216377,-0.112527352761919,0.159,0.214,1,"DYNC1LI2","GSE214411","Myeloid",TRUE
0.000510858560365559,-0.305999966970561,0.351,0.398,1,"PSMB7","GSE214411","Myeloid",TRUE
0.00051175514447868,-2.71633611714879,0.013,0.037,1,"KIF4A","GSE214411","Myeloid",TRUE
0.000512011977367871,-0.842649082357137,0.022,0.051,1,"TRAM2","GSE214411","Myeloid",TRUE
0.000512761907350515,-0.345137870971005,0.338,0.39,1,"MRPL54","GSE214411","Myeloid",TRUE
0.00051292343024271,-0.568667495362378,0.051,0.089,1,"COQ9","GSE214411","Myeloid",TRUE
0.000518281197123614,-0.668134711160474,0.144,0.191,1,"MTF2","GSE214411","Myeloid",TRUE
0.000525026841629767,-0.918930751066424,0.022,0.051,1,"RP11-365P13.5","GSE214411","Myeloid",TRUE
0.000526420331141099,-1.06601795641768,0.043,0.078,1,"RNU12","GSE214411","Myeloid",TRUE
0.000526909750139719,1.5761003397511,0.089,0.05,1,"IL1R1","GSE214411","Myeloid",TRUE
0.000527027157133239,0.654922356379168,0.355,0.285,1,"ACTN4","GSE214411","Myeloid",TRUE
0.00052797856839922,-0.992465036159241,0.083,0.127,1,"TCHH","GSE214411","Myeloid",TRUE
0.000531741710428331,-1.65388238556278,0.007,0.026,1,"FAM83D","GSE214411","Myeloid",TRUE
0.000534510541078117,-0.606898741525127,0.075,0.118,1,"TMEM245","GSE214411","Myeloid",TRUE
0.000534847311038756,-0.85274321596549,0.104,0.151,1,"P2RX7","GSE214411","Myeloid",TRUE
0.000535912872155582,-1.39247742281466,0.023,0.052,1,"TPRN","GSE214411","Myeloid",TRUE
0.000538228313145232,-0.254080743672777,0.281,0.335,1,"NAA38","GSE214411","Myeloid",TRUE
0.000539062100367058,0.954073128559436,0.285,0.218,1,"MKNK2","GSE214411","Myeloid",TRUE
0.000548336388836885,-0.218171965585842,0.157,0.21,1,"APC","GSE214411","Myeloid",TRUE
0.000548666276016959,0.681677678142209,0.241,0.177,1,"OGT","GSE214411","Myeloid",TRUE
0.000550512212943064,-0.527548780298193,0.088,0.133,1,"SUMF1","GSE214411","Myeloid",TRUE
0.000550883496140652,-0.503189400720855,0.19,0.237,1,"RNASEH2B","GSE214411","Myeloid",TRUE
0.000553017677258752,-0.392500786038878,0.317,0.377,1,"DHX36","GSE214411","Myeloid",TRUE
0.000557649020425053,-0.596576727529369,0.168,0.22,1,"STX8","GSE214411","Myeloid",TRUE
0.000559734590325616,-1.0510704212278,0.061,0.101,1,"C11orf57","GSE214411","Myeloid",TRUE
0.000562546328332791,-0.75812197756228,0.049,0.087,1,"ZBTB48","GSE214411","Myeloid",TRUE
0.000562670982330116,1.12084466190483,0.536,0.499,1,"IVNS1ABP","GSE214411","Myeloid",TRUE
0.000563632048179865,-0.142442655227433,0.051,0.09,1,"COL6A2","GSE214411","Myeloid",TRUE
0.00056398306051251,-0.953506666611285,0.057,0.095,1,"AGA","GSE214411","Myeloid",TRUE
0.00056780713580729,0.584341540887664,0.19,0.132,1,"CHST15","GSE214411","Myeloid",TRUE
0.000568733595240253,-0.121965233897238,0.801,0.939,1,"RPL3","GSE214411","Myeloid",TRUE
0.000569165238038629,0.930727789978941,0.063,0.03,1,"RAB11FIP4","GSE214411","Myeloid",TRUE
0.000569481719442051,-0.6654732875219,0.131,0.18,1,"PTPRA","GSE214411","Myeloid",TRUE
0.000571129031558143,-0.502662600651088,0.084,0.128,1,"HERC2","GSE214411","Myeloid",TRUE
0.000572763186104742,-0.305429716667528,0.004,0.021,1,"ZNF845","GSE214411","Myeloid",TRUE
0.000573550253850786,0.0121544687580937,0.126,0.177,1,"PSMB8-AS1","GSE214411","Myeloid",TRUE
0.000575903037230361,-0.584467835658957,0.195,0.25,1,"TMEM109","GSE214411","Myeloid",TRUE
0.000576643014356451,-0.681184534744618,0.178,0.229,1,"ZSWIM7","GSE214411","Myeloid",TRUE
0.000579172067603002,-0.389377513351047,0.345,0.411,1,"PPP1R14B","GSE214411","Myeloid",TRUE
0.000579271579990295,-0.337434442369732,0.398,0.454,1,"GNAQ","GSE214411","Myeloid",TRUE
0.000579758255288442,-7.07986041256257,0,0.011,1,"IGHG3","GSE214411","Myeloid",TRUE
0.000580948691037932,-0.441504373236375,0.173,0.226,1,"GIT2","GSE214411","Myeloid",TRUE
0.000582047297546877,-1.14728785007844,0.029,0.059,1,"THEM6","GSE214411","Myeloid",TRUE
0.000586472133621892,-0.107578513537767,0.182,0.237,1,"ZCCHC11","GSE214411","Myeloid",TRUE
0.000587325993603103,-0.693495140467823,0.107,0.154,1,"OAS2","GSE214411","Myeloid",TRUE
0.000588970196096398,1.12671173782307,0.114,0.069,1,"MAFK","GSE214411","Myeloid",TRUE
0.000589538539410868,-0.262684414575056,0.288,0.335,1,"RNPEPL1","GSE214411","Myeloid",TRUE
0.000594636130794951,-0.609655786376428,0.021,0.048,1,"NUDT8","GSE214411","Myeloid",TRUE
0.000600035632960222,-0.520010320513252,0.052,0.091,1,"MCM4","GSE214411","Myeloid",TRUE
0.000600473941087674,0.156270256642193,0.845,0.889,1,"ATP5E","GSE214411","Myeloid",TRUE
0.000602826641496527,0.816704686035242,0.261,0.195,1,"NXT1","GSE214411","Myeloid",TRUE
0.000603063895825664,0.269205077144477,0.224,0.159,1,"IL4I1","GSE214411","Myeloid",TRUE
0.000605042523660238,-0.180581545995217,0.472,0.52,1,"TAPBP","GSE214411","Myeloid",TRUE
0.000605470567778773,0.0822538428008546,0.047,0.084,1,"TP53INP1","GSE214411","Myeloid",TRUE
0.000606712957288415,-0.710171466322255,0.04,0.073,1,"FAAP100","GSE214411","Myeloid",TRUE
0.000610507650993369,-0.375156399792775,0.231,0.281,1,"FES","GSE214411","Myeloid",TRUE
0.000613817163195045,-2.04783617996657,0.022,0.049,1,"AMT","GSE214411","Myeloid",TRUE
0.000614698573892933,-0.885717359608668,0.089,0.133,1,"PRPS2","GSE214411","Myeloid",TRUE
0.000614981041754842,-0.870386508752253,0.093,0.138,1,"EXOC6","GSE214411","Myeloid",TRUE
0.000616279086393533,0.395168839734944,0.316,0.249,1,"RCC2","GSE214411","Myeloid",TRUE
0.000617622888249521,-0.326110818829605,0.1,0.148,1,"LYRM5","GSE214411","Myeloid",TRUE
0.000621737565003755,-0.545515725914859,0.286,0.346,1,"CFD","GSE214411","Myeloid",TRUE
0.000622670782187814,-0.474916585325395,0.021,0.048,1,"PARP2","GSE214411","Myeloid",TRUE
0.000622848793871724,-0.800897565994882,0.012,0.034,1,"CDCA5","GSE214411","Myeloid",TRUE
0.000628793306669073,-1.04610738980558,0.111,0.159,1,"PTTG1","GSE214411","Myeloid",TRUE
0.000630978597705972,-0.758298371874309,0.012,0.034,1,"XRCC6BP1","GSE214411","Myeloid",TRUE
0.000631893679890267,-1.28472341545932,0.064,0.104,1,"COX15","GSE214411","Myeloid",TRUE
0.000633320614779214,-0.481889969941174,0.057,0.095,1,"USP42","GSE214411","Myeloid",TRUE
0.000634125672519554,0.525363938568333,0.194,0.138,1,"VASH1","GSE214411","Myeloid",TRUE
0.000638270497282037,0.622927896251881,0.279,0.207,1,"ALYREF","GSE214411","Myeloid",TRUE
0.000638494630933345,-0.673850921267381,0.122,0.171,1,"WBP1L","GSE214411","Myeloid",TRUE
0.000638645113586831,1.30238967459148,0.072,0.037,1,"TPPP3","GSE214411","Myeloid",TRUE
0.00064042666953204,-0.879039457399232,0.031,0.062,1,"B3GALT4","GSE214411","Myeloid",TRUE
0.000640711487499463,-0.836743022957455,0.046,0.082,1,"DPY19L1","GSE214411","Myeloid",TRUE
0.00064177642220874,-1.30259874688446,0.071,0.111,1,"TANC2","GSE214411","Myeloid",TRUE
0.000643109935247923,0.201997508213254,0.105,0.061,1,"IL27RA","GSE214411","Myeloid",TRUE
0.000643730955891317,-0.773516813001505,0.125,0.173,1,"CX3CR1","GSE214411","Myeloid",TRUE
0.000644362346227796,1.24371198702661,0.089,0.05,1,"GALNT3","GSE214411","Myeloid",TRUE
0.000646286469056235,-0.375308080315536,0.447,0.493,1,"RPN2","GSE214411","Myeloid",TRUE
0.000647891217440834,-0.511948057185639,0.075,0.119,1,"TMEM9","GSE214411","Myeloid",TRUE
0.000648120467849061,0.741088568020274,0.02,0.003,1,"SLCO4A1","GSE214411","Myeloid",TRUE
0.000653412458716874,-0.163516084876962,0.819,0.916,1,"RPS3","GSE214411","Myeloid",TRUE
0.0006568053041138,0.432499512280486,0.519,0.494,1,"LSP1","GSE214411","Myeloid",TRUE
0.000658491998717755,-0.484663775576613,0.034,0.067,1,"ZNF700","GSE214411","Myeloid",TRUE
0.000659250754356927,-0.189544968475348,0.176,0.231,1,"TXNRD1","GSE214411","Myeloid",TRUE
0.000659920828375409,-1.26457244210081,0.014,0.038,1,"WDHD1","GSE214411","Myeloid",TRUE
0.000660327911232336,-0.0040517242494833,0.16,0.215,1,"PARP9","GSE214411","Myeloid",TRUE
0.000663987795678454,0.951927504734846,0.154,0.103,1,"ZDHHC20","GSE214411","Myeloid",TRUE
0.000668139936826111,1.14293133609863,0.217,0.157,1,"SLC6A6","GSE214411","Myeloid",TRUE
0.000668306061527317,-0.355352973078466,0.073,0.114,1,"AKAP10","GSE214411","Myeloid",TRUE
0.000668474373481849,-0.697056869697191,0.008,0.028,1,"GCAT","GSE214411","Myeloid",TRUE
0.000668794665319306,-0.270486782483537,0.208,0.261,1,"NOSIP","GSE214411","Myeloid",TRUE
0.000669897664263047,0.856782747064339,0.177,0.121,1,"SEC16A","GSE214411","Myeloid",TRUE
0.000670671220545356,-0.228760549892657,0.368,0.419,1,"PRPF38B","GSE214411","Myeloid",TRUE
0.00067129134639412,-0.03768167214767,0.057,0.095,1,"BTN3A1","GSE214411","Myeloid",TRUE
0.000671619580952894,0.521292351764532,0.1,0.058,1,"CLEC5A","GSE214411","Myeloid",TRUE
0.000672700414864201,1.38891454110062,0.045,0.018,1,"LONRF3","GSE214411","Myeloid",TRUE
0.000674854278995227,-0.656378380992578,0.058,0.096,1,"ANKRD26","GSE214411","Myeloid",TRUE
0.00067498861561795,-1.19247770068687,0.041,0.075,1,"SLC26A11","GSE214411","Myeloid",TRUE
0.000679441696534438,1.15025801796756,0.08,0.043,1,"C16orf54","GSE214411","Myeloid",TRUE
0.000681764305640448,-1.57224569098566,0.015,0.039,1,"AMN1","GSE214411","Myeloid",TRUE
0.0006827978667875,-0.344446646189742,0.33,0.38,1,"EVI2A","GSE214411","Myeloid",TRUE
0.000683272765866231,-0.727913198884833,0.096,0.141,1,"DIP2A","GSE214411","Myeloid",TRUE
0.000683406925270394,-0.157767201611039,0.102,0.151,1,"ZYG11B","GSE214411","Myeloid",TRUE
0.000684674761921545,1.20852765414064,0.188,0.133,1,"LRRC75A","GSE214411","Myeloid",TRUE
0.000694455068321898,-1.07118408851869,0.049,0.086,1,"MTMR4","GSE214411","Myeloid",TRUE
0.000703095367919011,2.34448473262972,0.061,0.03,1,"PRR7","GSE214411","Myeloid",TRUE
0.000706152406306684,0.884386082424612,0.167,0.114,1,"PDLIM7","GSE214411","Myeloid",TRUE
0.000706282242828525,-0.467189460584291,0.362,0.406,1,"NUDT3","GSE214411","Myeloid",TRUE
0.000706758971990232,0.64143665114202,0.236,0.175,1,"CCND2","GSE214411","Myeloid",TRUE
0.00070764084391205,-1.46043735712945,0.08,0.122,1,"MAP2K7","GSE214411","Myeloid",TRUE
0.000708412100620687,0.13306510906687,0.111,0.161,1,"RHOBTB3","GSE214411","Myeloid",TRUE
0.000710196582668484,0.502320774015283,0.363,0.296,1,"KYNU","GSE214411","Myeloid",TRUE
0.000712678002784783,-0.979502680808432,0.05,0.087,1,"FGD6","GSE214411","Myeloid",TRUE
0.000712845463080219,1.27753014802238,0.121,0.077,1,"CDKN2D","GSE214411","Myeloid",TRUE
0.000714963029681934,-0.156037653057843,0.326,0.381,1,"POLR2J","GSE214411","Myeloid",TRUE
0.000717374473421154,-0.196833497859448,0.509,0.589,1,"RAN","GSE214411","Myeloid",TRUE
0.000720003635770567,0.864844545606849,0.326,0.253,1,"PITPNA","GSE214411","Myeloid",TRUE
0.000721781609301356,-1.20929762319847,0.058,0.096,1,"SESN1","GSE214411","Myeloid",TRUE
0.000727510078196474,-2.36493770000155,0.011,0.032,1,"NICN1","GSE214411","Myeloid",TRUE
0.000728431054434563,-0.420085191055116,0.186,0.234,1,"CHPT1","GSE214411","Myeloid",TRUE
0.00073246403394883,-0.153291236035621,0.058,0.097,1,"TLR6","GSE214411","Myeloid",TRUE
0.00073266614133298,-0.603228865768409,0.062,0.101,1,"MSH3","GSE214411","Myeloid",TRUE
0.0007335833067797,-0.649232828784728,0.026,0.055,1,"LRRC45","GSE214411","Myeloid",TRUE
0.000734266106489176,-0.733859716308094,0.029,0.058,1,"PDE1B","GSE214411","Myeloid",TRUE
0.00074131856537247,-1.04257488451884,0.039,0.072,1,"PER3","GSE214411","Myeloid",TRUE
0.000741399641812049,0.0177800458132764,0.066,0.108,1,"WLS","GSE214411","Myeloid",TRUE
0.000741783357534595,0.470120433065656,0.143,0.093,1,"UBXN11","GSE214411","Myeloid",TRUE
0.000744491420031107,-3.86632146603679,0.003,0.017,1,"LINC00865","GSE214411","Myeloid",TRUE
0.000745287528396031,-0.245716244543258,0.344,0.394,1,"GTF2I","GSE214411","Myeloid",TRUE
0.000747748779232759,-1.02655127394305,0.039,0.072,1,"PAAF1","GSE214411","Myeloid",TRUE
0.000748515382710194,2.39154026118438,0.022,0.004,1,"RP3-508I15.22","GSE214411","Myeloid",TRUE
0.000750916170734095,-0.517959628582252,0.083,0.127,1,"PHAX","GSE214411","Myeloid",TRUE
0.000753819354571979,-0.440778701356725,0.18,0.231,1,"SNAP29","GSE214411","Myeloid",TRUE
0.000753916157835803,-0.187205143496612,0.257,0.309,1,"XPO1","GSE214411","Myeloid",TRUE
0.000755248159149047,-0.500979549078786,0.279,0.328,1,"NAA10","GSE214411","Myeloid",TRUE
0.000755716658444391,-3.83702853831477,0.001,0.013,1,"ZNF284","GSE214411","Myeloid",TRUE
0.000756022583710472,-0.461089961670351,0.14,0.19,1,"DDX1","GSE214411","Myeloid",TRUE
0.000759211260922981,-2.3344674225615,0.003,0.017,1,"TTC4","GSE214411","Myeloid",TRUE
0.000759771172963621,-1.86033611522079,0.058,0.096,1,"COG4","GSE214411","Myeloid",TRUE
0.000761328197272715,-0.486217653400035,0.106,0.151,1,"QDPR","GSE214411","Myeloid",TRUE
0.00076425758658384,-1.22922294231069,0.019,0.044,1,"POC1A","GSE214411","Myeloid",TRUE
0.000767899593184952,-1.16394664215304,0.032,0.064,1,"FASTKD1","GSE214411","Myeloid",TRUE
0.000767949505339419,-0.180293316251749,0.444,0.506,1,"SKAP2","GSE214411","Myeloid",TRUE
0.000769705801516849,-0.62739712376494,0.162,0.212,1,"FKBP5","GSE214411","Myeloid",TRUE
0.000772331133858181,-0.233787560360531,0.086,0.131,1,"DAAM1","GSE214411","Myeloid",TRUE
0.000773464360004417,-0.330582824367062,0.159,0.212,1,"ETV5","GSE214411","Myeloid",TRUE
0.000774150281606861,-0.667556292228228,0.155,0.203,1,"LRRC58","GSE214411","Myeloid",TRUE
0.000774747330379041,-1.37327054404899,0.011,0.032,1,"ZBTB6","GSE214411","Myeloid",TRUE
0.000774775093632618,-0.0567222062231294,0.056,0.094,1,"EHMT2","GSE214411","Myeloid",TRUE
0.000775489356868756,-0.364620592841144,0.365,0.41,1,"PRDX3","GSE214411","Myeloid",TRUE
0.000776647439899946,-0.310192460100036,0.139,0.19,1,"EDEM2","GSE214411","Myeloid",TRUE
0.000781798407579875,-1.1855798824659,0.003,0.017,1,"ZNF2","GSE214411","Myeloid",TRUE
0.000785347563895236,0.756669788035053,0.168,0.115,1,"LFNG","GSE214411","Myeloid",TRUE
0.000788912026002458,-0.966251974439522,0.045,0.079,1,"ARV1","GSE214411","Myeloid",TRUE
0.000789283404449143,-0.168730335707874,0.351,0.403,1,"TPR","GSE214411","Myeloid",TRUE
0.000791098089317314,-0.301353588875306,0.415,0.469,1,"CAST","GSE214411","Myeloid",TRUE
0.000792981095256658,0.803521479284196,0.538,0.493,1,"UBE2B","GSE214411","Myeloid",TRUE
0.000796609769055147,-1.11916537308091,0.013,0.036,1,"BUB1","GSE214411","Myeloid",TRUE
0.000798235140314393,-0.860093908594536,0.013,0.036,1,"STIL","GSE214411","Myeloid",TRUE
0.000799898845465346,-1.68291233447536,0.037,0.069,1,"MYO7A","GSE214411","Myeloid",TRUE
0.000800610052477385,-0.429125161042763,0.049,0.085,1,"HELLS","GSE214411","Myeloid",TRUE
0.00080203944676385,-1.4533414685456,0.031,0.061,1,"ASF1B","GSE214411","Myeloid",TRUE
0.000803393597128971,-0.0946167685958173,0.43,0.492,1,"CLK1","GSE214411","Myeloid",TRUE
0.000803805022123368,0.80587224010136,0.517,0.478,1,"IRF2BP2","GSE214411","Myeloid",TRUE
0.000805271047020572,-0.423683702532675,0.274,0.323,1,"SSNA1","GSE214411","Myeloid",TRUE
0.000806317868131445,-1.12067797621919,0.074,0.114,1,"MCM7","GSE214411","Myeloid",TRUE
0.000809232651173873,-2.5005083317537,0.005,0.022,1,"POLE2","GSE214411","Myeloid",TRUE
0.000809723632673683,-2.65399505082162,0.002,0.015,1,"TICRR","GSE214411","Myeloid",TRUE
0.000809875719883886,-0.488506942364408,0.114,0.161,1,"MRPL37","GSE214411","Myeloid",TRUE
0.000811169738986811,0.151449936154298,0.831,0.916,1,"RPS6","GSE214411","Myeloid",TRUE
0.000813226830436213,-0.660845319133222,0.133,0.18,1,"PIGP","GSE214411","Myeloid",TRUE
0.000815689998933298,-0.460760336737016,0.153,0.204,1,"DDHD1","GSE214411","Myeloid",TRUE
0.000816234140347541,-0.602424703934147,0.161,0.211,1,"GNPTG","GSE214411","Myeloid",TRUE
0.000818269675854266,-0.704866580183058,0.089,0.132,1,"TRPM2","GSE214411","Myeloid",TRUE
0.000824841221165617,-0.383881727102625,0.097,0.141,1,"OTUD6B-AS1","GSE214411","Myeloid",TRUE
0.000827451392527435,-0.476654885422286,0.302,0.347,1,"PRMT1","GSE214411","Myeloid",TRUE
0.000828346544037549,-2.79195659060716,0.007,0.025,1,"IQCH-AS1","GSE214411","Myeloid",TRUE
0.000830556020993405,1.4334184247755,0.061,0.03,1,"SYNE3","GSE214411","Myeloid",TRUE
0.000831607365820232,0.635006311141688,0.195,0.141,1,"GCH1","GSE214411","Myeloid",TRUE
0.000833441078799187,-0.505914381857144,0.254,0.305,1,"ASNA1","GSE214411","Myeloid",TRUE
0.000836830959311779,-0.981494605280751,0.02,0.046,1,"RP5-899E9.1","GSE214411","Myeloid",TRUE
0.000839875046674464,-1.19472903033982,0.058,0.094,1,"FAHD2A","GSE214411","Myeloid",TRUE
0.000849256730728321,0.557263520240224,0.065,0.106,1,"IFIT1","GSE214411","Myeloid",TRUE
0.000852351366937233,-0.853111404359149,0.057,0.093,1,"ANAPC7","GSE214411","Myeloid",TRUE
0.000854745139238611,-0.470296552793817,0.274,0.326,1,"LSM5","GSE214411","Myeloid",TRUE
0.000861125779805404,-0.218043326026524,0.314,0.362,1,"SNF8","GSE214411","Myeloid",TRUE
0.000864527393558865,0.533008878309941,0.294,0.226,1,"DENND4A","GSE214411","Myeloid",TRUE
0.000868536983768416,-0.211883712795653,0.533,0.597,1,"PSMB1","GSE214411","Myeloid",TRUE
0.000874095188186311,-1.09008991043503,0.024,0.052,1,"KLHDC8B","GSE214411","Myeloid",TRUE
0.00087428016785488,-0.764114220307135,0.065,0.103,1,"DYRK2","GSE214411","Myeloid",TRUE
0.000882490767677967,5.82719990611586,0.014,0.001,1,"HSPB8","GSE214411","Myeloid",TRUE
0.000891010507952143,-0.485574877636443,0.24,0.296,1,"LILRB1","GSE214411","Myeloid",TRUE
0.000892023021984215,-0.0520267879314612,0.287,0.209,1,"THAP2","GSE214411","Myeloid",TRUE
0.000895302246600596,0.100780210129488,0.06,0.099,1,"WDR73","GSE214411","Myeloid",TRUE
0.000900425973230257,-1.27528026826379,0.021,0.047,1,"CEP128","GSE214411","Myeloid",TRUE
0.000902518060081285,1.09120509288624,0.118,0.074,1,"FFAR2","GSE214411","Myeloid",TRUE
0.000902609022742399,-0.179935247655244,0.121,0.168,1,"WDR41","GSE214411","Myeloid",TRUE
0.000909092407467289,-0.237189325176258,0.473,0.524,1,"P4HB","GSE214411","Myeloid",TRUE
0.000911132184071871,-0.481328394983568,0.244,0.291,1,"COPS6","GSE214411","Myeloid",TRUE
0.000911972870478271,-0.868861254511736,0.04,0.072,1,"TIMM22","GSE214411","Myeloid",TRUE
0.000915102929061491,-0.228887896370074,0.228,0.287,1,"MPHOSPH8","GSE214411","Myeloid",TRUE
0.000915684548070882,0.932464831712831,0.253,0.195,1,"ERGIC1","GSE214411","Myeloid",TRUE
0.000924049707636858,-1.33184336054817,0.049,0.084,1,"TRUB2","GSE214411","Myeloid",TRUE
0.000924745612526077,0.801611207534587,0.032,0.011,1,"AK4","GSE214411","Myeloid",TRUE
0.000928699560677439,-0.409760186109003,0.272,0.321,1,"RNASEH2C","GSE214411","Myeloid",TRUE
0.000928846079410252,-1.21731087541177,0.038,0.07,1,"HMBS","GSE214411","Myeloid",TRUE
0.000930315219994432,0.150340244770461,0.768,0.865,1,"RPL24","GSE214411","Myeloid",TRUE
0.000944103821444154,-0.144301933716962,0.342,0.401,1,"TRAM1","GSE214411","Myeloid",TRUE
0.000948864841037676,-0.646084068222001,0.084,0.126,1,"SLC22A18","GSE214411","Myeloid",TRUE
0.00094994811411324,-1.2106657881322,0.022,0.048,1,"SLC25A17","GSE214411","Myeloid",TRUE
0.000951020458371151,-0.425149211691561,0.26,0.312,1,"SPEN","GSE214411","Myeloid",TRUE
0.000951731775842179,-2.05059266558984,0.018,0.042,1,"KCNMB4","GSE214411","Myeloid",TRUE
0.000952350442989911,-1.59146529031597,0.04,0.072,1,"SAAL1","GSE214411","Myeloid",TRUE
0.000953463130084768,-0.363624763234808,0.407,0.454,1,"M6PR","GSE214411","Myeloid",TRUE
0.000953636251951556,-0.645052157498484,0.047,0.083,1,"THY1","GSE214411","Myeloid",TRUE
0.000954610291699766,-1.03673498368729,0.088,0.13,1,"G6PC3","GSE214411","Myeloid",TRUE
0.000958913916573012,0.55546667552985,0.323,0.26,1,"SNX9","GSE214411","Myeloid",TRUE
0.000959173317775375,-0.613642737761017,0.017,0.041,1,"TRIM47","GSE214411","Myeloid",TRUE
0.000961871600969782,1.40355417018112,0.135,0.088,1,"EPB41","GSE214411","Myeloid",TRUE
0.000963988759296095,-2.14014445420576,0.015,0.038,1,"ZNF227","GSE214411","Myeloid",TRUE
0.000969405086446704,-0.077733039368864,0.524,0.582,1,"MBNL1","GSE214411","Myeloid",TRUE
0.000973014306648574,-0.460449940310626,0.137,0.184,1,"ACAT1","GSE214411","Myeloid",TRUE
0.000974132931780795,-0.0378425051691917,0.03,0.059,1,"RAB42","GSE214411","Myeloid",TRUE
0.000976763796867264,-0.472467772537228,0.158,0.208,1,"HAGH","GSE214411","Myeloid",TRUE
0.000977398433095201,-0.13965528574362,0.766,0.88,1,"GNB2L1","GSE214411","Myeloid",TRUE
0.000979886449824434,-1.61619273857409,0.033,0.064,1,"CHST13","GSE214411","Myeloid",TRUE
0.000980268513076683,-0.406747520886273,0.083,0.124,1,"NCBP2-AS2","GSE214411","Myeloid",TRUE
0.000980456421843491,-1.70803790724759,0.004,0.02,1,"LINC00891","GSE214411","Myeloid",TRUE
0.000986378559345635,-1.14484076733006,0.026,0.054,1,"POLR3F","GSE214411","Myeloid",TRUE
0.000987094216910853,-0.351549036876103,0.188,0.238,1,"SUMF2","GSE214411","Myeloid",TRUE
0.000988987137879504,-0.166819384989762,0.525,0.59,1,"ZFAND5","GSE214411","Myeloid",TRUE
0.000994100602734511,-0.785539713069052,0.089,0.132,1,"APPL2","GSE214411","Myeloid",TRUE
0.000995156810666901,-1.49245530571075,0.076,0.115,1,"ZNF124","GSE214411","Myeloid",TRUE
0.00099744708801787,-0.0615539127967568,0.044,0.078,1,"LINC01094","GSE214411","Myeloid",TRUE
0.000998784829382623,-2.50774178881899,0.004,0.02,1,"ZNF764","GSE214411","Myeloid",TRUE
0.000998939241742181,-0.145516815503172,0.834,0.938,1,"RPS11","GSE214411","Myeloid",TRUE
0.00100357418397512,-0.308587143960197,0.264,0.315,1,"MRPS15","GSE214411","Myeloid",TRUE
0.00100588547921526,-1.50440371257006,0.052,0.088,1,"GATC","GSE214411","Myeloid",TRUE
0.00100959931215945,-0.912712145708375,0.031,0.06,1,"FBXO5","GSE214411","Myeloid",TRUE
0.00101137200623062,-0.311261024723515,0.049,0.084,1,"POLR3D","GSE214411","Myeloid",TRUE
0.00101242753176372,0.811450921309,0.049,0.021,1,"NBPF9","GSE214411","Myeloid",TRUE
0.00101429118641201,-1.14952160475418,0.014,0.037,1,"MT1H","GSE214411","Myeloid",TRUE
0.00101703075364297,-0.276272714162697,0.396,0.446,1,"PRPF40A","GSE214411","Myeloid",TRUE
0.00101806527194038,-1.51522150251973,0.039,0.071,1,"HAGHL","GSE214411","Myeloid",TRUE
0.001018256286648,-0.313431586817796,0.229,0.278,1,"MRPL43","GSE214411","Myeloid",TRUE
0.00102114227387971,-0.311466731295273,0.299,0.358,1,"LRP1","GSE214411","Myeloid",TRUE
0.00102192836828278,-1.00489054204094,0.051,0.086,1,"AC011899.9","GSE214411","Myeloid",TRUE
0.00102528557240346,-0.289578663350148,0.36,0.409,1,"TBXAS1","GSE214411","Myeloid",TRUE
0.00102945634487241,-0.792619327800622,0.107,0.149,1,"FMN1","GSE214411","Myeloid",TRUE
0.00103099674547149,-1.07487924807117,0.026,0.054,1,"CDCA7L","GSE214411","Myeloid",TRUE
0.00103154400090119,-0.369078538948844,0.022,0.048,1,"DPY19L3","GSE214411","Myeloid",TRUE
0.00103235119153711,2.36845358713995,0.045,0.019,1,"GZMA","GSE214411","Myeloid",TRUE
0.00103498831803329,-0.593119814362878,0.12,0.167,1,"TNRC6A","GSE214411","Myeloid",TRUE
0.00103718915089748,-0.345112053612066,0.13,0.179,1,"LINC00116","GSE214411","Myeloid",TRUE
0.00103855965727244,-0.438033905812652,0.245,0.293,1,"PDCD10","GSE214411","Myeloid",TRUE
0.00103856818606499,-0.0830990570730274,0.622,0.713,1,"SUMO2","GSE214411","Myeloid",TRUE
0.00104098424599842,-1.04541979731674,0.104,0.147,1,"MRPL2","GSE214411","Myeloid",TRUE
0.00104117602565468,-0.677765575681779,0.115,0.159,1,"RNF216","GSE214411","Myeloid",TRUE
0.00104196614919302,-1.75383535755211,0.024,0.051,1,"FAM213B","GSE214411","Myeloid",TRUE
0.0010432612747108,-0.169762757271934,0.026,0.054,1,"TTI2","GSE214411","Myeloid",TRUE
0.00104548642582193,1.73191625573617,0.039,0.015,1,"ZNF674-AS1","GSE214411","Myeloid",TRUE
0.00104943331877146,-0.377167997557995,0.01,0.03,1,"ETAA1","GSE214411","Myeloid",TRUE
0.00105251209116281,-0.104639953150951,0.4,0.456,1,"ATRX","GSE214411","Myeloid",TRUE
0.0010529959837161,-0.792856078665939,0.052,0.089,1,"CBLB","GSE214411","Myeloid",TRUE
0.00105428296545288,-0.0515231500106978,0.146,0.197,1,"SPIN1","GSE214411","Myeloid",TRUE
0.00105578177132335,-0.210942501454769,0.127,0.177,1,"NUP50","GSE214411","Myeloid",TRUE
0.00106196773186227,-0.381018302412425,0.075,0.114,1,"RNF20","GSE214411","Myeloid",TRUE
0.00106278729919918,0.442156663360094,0.135,0.088,1,"PXN","GSE214411","Myeloid",TRUE
0.00106330207256003,-1.10926150389018,0.036,0.067,1,"HSD17B14","GSE214411","Myeloid",TRUE
0.0010637585138178,-0.627505383129392,0.082,0.124,1,"CTSO","GSE214411","Myeloid",TRUE
0.00106521598181189,1.37464461093165,0.077,0.042,1,"MPZL2","GSE214411","Myeloid",TRUE
0.00106584728065532,0.34231004551419,0.299,0.227,1,"NQO2","GSE214411","Myeloid",TRUE
0.00106598222472947,-0.304721655533086,0.237,0.287,1,"YTHDF2","GSE214411","Myeloid",TRUE
0.00106883690349927,-2.58311071111094,0.006,0.023,1,"RFPL1S","GSE214411","Myeloid",TRUE
0.00106965572463809,0.157585129039795,0.803,0.9,1,"RPS7","GSE214411","Myeloid",TRUE
0.00107193659402889,0.807627141846794,0.157,0.106,1,"SPHK1","GSE214411","Myeloid",TRUE
0.00107263244990232,0.273714989532476,0.218,0.156,1,"AKT1","GSE214411","Myeloid",TRUE
0.00107335006431384,0.246097479099122,0.045,0.081,1,"ACTA2","GSE214411","Myeloid",TRUE
0.00107411415842634,0.29713821855599,0.428,0.369,1,"TIPARP","GSE214411","Myeloid",TRUE
0.00107596699031896,0.157987534919492,0.217,0.268,1,"IRF2","GSE214411","Myeloid",TRUE
0.00107808944986206,2.22537336790983,0.037,0.014,1,"ZNF697","GSE214411","Myeloid",TRUE
0.00107872051871232,-0.625575269313673,0.201,0.253,1,"HSD17B4","GSE214411","Myeloid",TRUE
0.00108927031850392,0.320863758881003,0.728,0.775,1,"CLIC1","GSE214411","Myeloid",TRUE
0.00108982489924723,0.784456700910265,0.107,0.065,1,"ATP9B","GSE214411","Myeloid",TRUE
0.00109408094511153,0.374934470348441,0.025,0.053,1,"FAM193B","GSE214411","Myeloid",TRUE
0.00109415103736783,-0.896523313515683,0.044,0.077,1,"ZDHHC14","GSE214411","Myeloid",TRUE
0.00109541095329551,-1.08244037764526,0.033,0.064,1,"ZNF224","GSE214411","Myeloid",TRUE
0.00109587109763568,-0.377545275416174,0.146,0.195,1,"EI24","GSE214411","Myeloid",TRUE
0.0010967181139334,-1.08424443994291,0.053,0.089,1,"MKI67","GSE214411","Myeloid",TRUE
0.00109758998438546,-0.407952414006455,0.218,0.269,1,"YIF1B","GSE214411","Myeloid",TRUE
0.00110042063843535,-3.84494177552134,0,0.01,1,"PDZD7","GSE214411","Myeloid",TRUE
0.0011018102872696,0.84705048240193,0.338,0.27,1,"CMIP","GSE214411","Myeloid",TRUE
0.00110351867209953,-0.128017258891313,0.453,0.507,1,"ITGB1","GSE214411","Myeloid",TRUE
0.00110450575567081,0.93402102226361,0.13,0.085,1,"SLC2A6","GSE214411","Myeloid",TRUE
0.00110501989950464,-0.299097308186805,0.227,0.276,1,"UBE3A","GSE214411","Myeloid",TRUE
0.00110700825075021,-0.687119632732247,0.042,0.075,1,"ICA1","GSE214411","Myeloid",TRUE
0.00110999611408379,-0.293882829229227,0.279,0.339,1,"DHRS3","GSE214411","Myeloid",TRUE
0.00111383594334667,1.266280975252,0.068,0.036,1,"AC144831.1","GSE214411","Myeloid",TRUE
0.00111444227231672,0.278762004447939,0.118,0.073,1,"PSMA6","GSE214411","Myeloid",TRUE
0.00111540676266763,-0.628541861323291,0.075,0.115,1,"ASH2L","GSE214411","Myeloid",TRUE
0.00111641255902047,-1.56583487755216,0.008,0.026,1,"RPUSD2","GSE214411","Myeloid",TRUE
0.00111689743825687,-0.129287646496173,0.355,0.409,1,"TMEM230","GSE214411","Myeloid",TRUE
0.00111917897654544,-0.772269062466389,0.252,0.297,1,"PSMB10","GSE214411","Myeloid",TRUE
0.00112010016625016,-0.190966401139652,0.303,0.359,1,"TMEM165","GSE214411","Myeloid",TRUE
0.00112356902915631,-0.869299559398114,0.058,0.095,1,"SH3PXD2A","GSE214411","Myeloid",TRUE
0.00112539637672038,-0.519142966044941,0.126,0.173,1,"SKA2","GSE214411","Myeloid",TRUE
0.00112837322242211,-0.216172454607343,0.325,0.379,1,"TMEM14B","GSE214411","Myeloid",TRUE
0.00113276045038553,0.498994450695836,0.579,0.568,1,"CFLAR","GSE214411","Myeloid",TRUE
0.00113937482384323,1.09592510549041,0.144,0.095,1,"STX3","GSE214411","Myeloid",TRUE
0.00114326793558472,-0.167215614208859,0.03,0.059,1,"IGF2","GSE214411","Myeloid",TRUE
0.00114481021030525,0.743735204025402,0.105,0.064,1,"TICAM1","GSE214411","Myeloid",TRUE
0.00114658076452496,-0.676101280297903,0.023,0.05,1,"FAM50B","GSE214411","Myeloid",TRUE
0.00114862150305823,-0.177778459857252,0.208,0.257,1,"SUZ12","GSE214411","Myeloid",TRUE
0.00115349500220252,-0.424421206258704,0.126,0.174,1,"SYNRG","GSE214411","Myeloid",TRUE
0.00115387965460524,-0.250747816305285,0.125,0.172,1,"ST3GAL6","GSE214411","Myeloid",TRUE
0.00115523709823462,-0.433950868437714,0.17,0.22,1,"KXD1","GSE214411","Myeloid",TRUE
0.00115754117266228,-1.23106189120043,0.081,0.121,1,"B4GALT7","GSE214411","Myeloid",TRUE
0.00115977554942634,1.57500402146206,0.033,0.012,1,"SERPINE1","GSE214411","Myeloid",TRUE
0.00116183906340126,-1.04480020945571,0.024,0.051,1,"ECT2","GSE214411","Myeloid",TRUE
0.00116352499323385,0.729152752235769,0.335,0.264,1,"CYTH1","GSE214411","Myeloid",TRUE
0.00116452278373343,-1.11609185539533,0.023,0.05,1,"GEMIN5","GSE214411","Myeloid",TRUE
0.00116499466808453,-1.58392379234937,0.016,0.039,1,"ZNF439","GSE214411","Myeloid",TRUE
0.00116520871902207,-2.89014500937037,0.011,0.031,1,"CDK18","GSE214411","Myeloid",TRUE
0.00116553728476779,-0.111059919317007,0.085,0.129,1,"SLFN5","GSE214411","Myeloid",TRUE
0.00116578490646509,-1.42707765073941,0.032,0.061,1,"ZBTB24","GSE214411","Myeloid",TRUE
0.00116675345788409,1.2778257891783,0.114,0.072,1,"SLC25A44","GSE214411","Myeloid",TRUE
0.0011709508310291,-0.755738545010648,0.074,0.113,1,"HYI","GSE214411","Myeloid",TRUE
0.0011739461424514,-0.334351428795353,0.433,0.488,1,"PSMA1","GSE214411","Myeloid",TRUE
0.00117733141464154,-0.649839570886429,0.19,0.234,1,"SESN3","GSE214411","Myeloid",TRUE
0.00117804855236099,-0.916869336506216,0.08,0.12,1,"ZFYVE21","GSE214411","Myeloid",TRUE
0.00117848699885418,0.846471156772984,0.185,0.132,1,"TMEM154","GSE214411","Myeloid",TRUE
0.00118578474703398,0.555964969741255,0.549,0.506,1,"MT-ND4L","GSE214411","Myeloid",TRUE
0.00118641566461356,-1.65407731347265,0.031,0.06,1,"WDR34","GSE214411","Myeloid",TRUE
0.00118744739849946,-0.75356270613362,0.139,0.185,1,"THYN1","GSE214411","Myeloid",TRUE
0.00118837232762112,0.0887761312205229,0.067,0.109,1,"MT1G","GSE214411","Myeloid",TRUE
0.00118891342338622,-0.237410162677024,0.436,0.496,1,"NSA2","GSE214411","Myeloid",TRUE
0.00118939545741321,0.049021378592891,0.022,0.049,1,"FANCI","GSE214411","Myeloid",TRUE
0.0011976138158039,-0.0509255772491923,0.225,0.278,1,"NKTR","GSE214411","Myeloid",TRUE
0.0011978988412304,-0.859699902946288,0.093,0.135,1,"DPP8","GSE214411","Myeloid",TRUE
0.00120351584541889,-1.77311047856521,0.004,0.018,1,"ZNF354C","GSE214411","Myeloid",TRUE
0.0012048891291715,-0.197236309991175,0.33,0.387,1,"GTF3C6","GSE214411","Myeloid",TRUE
0.00121075570262042,-0.549099513569743,0.004,0.018,1,"DSCC1","GSE214411","Myeloid",TRUE
0.00121253291348448,-0.166539734585141,0.128,0.174,1,"NBR1","GSE214411","Myeloid",TRUE
0.00121289862513213,-0.494035879424242,0.107,0.151,1,"CYHR1","GSE214411","Myeloid",TRUE
0.00121515426804703,-1.12406484949592,0.08,0.121,1,"TOMM70A","GSE214411","Myeloid",TRUE
0.00122483315308017,0.8272252188193,0.093,0.054,1,"SYTL3","GSE214411","Myeloid",TRUE
0.00122522681159588,0.157685929092369,0.824,0.929,1,"RPL26","GSE214411","Myeloid",TRUE
0.00123849703406665,-0.722536380319551,0.111,0.153,1,"CNTLN","GSE214411","Myeloid",TRUE
0.00124037684574402,0.954376437600463,0.326,0.263,1,"MAPKAPK2","GSE214411","Myeloid",TRUE
0.00124731300330419,0.285058392234064,0.278,0.212,1,"PAPD5","GSE214411","Myeloid",TRUE
0.00125067571190788,-0.355519498193189,0.218,0.266,1,"COMMD7","GSE214411","Myeloid",TRUE
0.00125189664584681,-0.508363815378224,0.083,0.125,1,"ZNF430","GSE214411","Myeloid",TRUE
0.00125543074789967,-0.496962841023018,0.147,0.193,1,"SSRP1","GSE214411","Myeloid",TRUE
0.00127490834054127,-0.754880315759218,0.121,0.168,1,"WDR43","GSE214411","Myeloid",TRUE
0.00127627536917398,-1.37410946675712,0.031,0.059,1,"CLSPN","GSE214411","Myeloid",TRUE
0.00128277200725455,-0.870820054019054,0.04,0.071,1,"LPAR5","GSE214411","Myeloid",TRUE
0.00128631059060001,-0.634051008744957,0.066,0.104,1,"WHSC1","GSE214411","Myeloid",TRUE
0.00128638907313302,0.703884972969856,0.339,0.272,1,"MAPK1","GSE214411","Myeloid",TRUE
0.00128700750162776,-0.481647720349441,0.088,0.129,1,"NUP37","GSE214411","Myeloid",TRUE
0.00129052946040998,-1.43987862958345,0.025,0.052,1,"TLR3","GSE214411","Myeloid",TRUE
0.00129194129892152,-0.350154867675775,0.213,0.263,1,"YIF1A","GSE214411","Myeloid",TRUE
0.00129581650267028,-0.618191129035863,0.237,0.282,1,"PSMC3","GSE214411","Myeloid",TRUE
0.00130193021039685,-0.848913548401625,0.146,0.191,1,"RABL6","GSE214411","Myeloid",TRUE
0.00130198152197877,2.15903032894203,0.024,0.006,1,"C16orf45","GSE214411","Myeloid",TRUE
0.00130266821295845,0.0781638029472376,0.862,0.909,1,"FAU","GSE214411","Myeloid",TRUE
0.00130519396970646,-1.38117236726085,0.03,0.058,1,"RITA1","GSE214411","Myeloid",TRUE
0.00131556723303451,-0.0588631488776752,0.328,0.381,1,"ROMO1","GSE214411","Myeloid",TRUE
0.00132032900085529,-0.0625837849682049,0.552,0.626,1,"SNX3","GSE214411","Myeloid",TRUE
0.00132955993515201,-0.334612344603971,0.383,0.438,1,"BCLAF1","GSE214411","Myeloid",TRUE
0.00132962168522334,-0.974882055929722,0.033,0.062,1,"ARRDC4","GSE214411","Myeloid",TRUE
0.001338056639983,0.635155950646497,0.176,0.124,1,"MIR4435-2HG","GSE214411","Myeloid",TRUE
0.0013385367391314,0.678865914645921,0.435,0.375,1,"TET2","GSE214411","Myeloid",TRUE
0.00133875387737169,-0.307429109938304,0.188,0.236,1,"PIGT","GSE214411","Myeloid",TRUE
0.00134566420897667,0.48313352351113,0.211,0.153,1,"CTA-29F11.1","GSE214411","Myeloid",TRUE
0.00135003799998488,-0.734623685543028,0.178,0.227,1,"RAP2A","GSE214411","Myeloid",TRUE
0.00135643577173091,-1.9527021499831,0.003,0.016,1,"ZNF501","GSE214411","Myeloid",TRUE
0.00136021645157529,-2.63606143419169,0.005,0.021,1,"HIST1H2BF","GSE214411","Myeloid",TRUE
0.00136092627191499,-0.638563617007943,0.031,0.06,1,"RUNDC1","GSE214411","Myeloid",TRUE
0.00136735401161958,-3.08357700527617,0.003,0.016,1,"LINC00920","GSE214411","Myeloid",TRUE
0.00136849523797875,-0.884243543105061,0.111,0.154,1,"ZNF609","GSE214411","Myeloid",TRUE
0.00137073764525944,0.936580961517251,0.082,0.047,1,"NRIP3","GSE214411","Myeloid",TRUE
0.00137369748983705,1.15123349027912,0.12,0.078,1,"ADNP2","GSE214411","Myeloid",TRUE
0.00137483556429706,-2.19630358718354,0.005,0.021,1,"TIRAP","GSE214411","Myeloid",TRUE
0.00137647489842564,-0.563131691537522,0.076,0.117,1,"NSUN5","GSE214411","Myeloid",TRUE
0.00138120605745205,6.42985726425645,0.011,0,1,"CYP26A1","GSE214411","Myeloid",TRUE
0.00138207103686788,-0.416898317491503,0.025,0.052,1,"PIGM","GSE214411","Myeloid",TRUE
0.00138225713918346,0.444595923911719,0.375,0.297,1,"PPP1R2","GSE214411","Myeloid",TRUE
0.00138231588736113,-0.328768046439306,0.084,0.125,1,"VPS8","GSE214411","Myeloid",TRUE
0.00138241336847868,-3.65855515213416,0.007,0.024,1,"ZNF367","GSE214411","Myeloid",TRUE
0.00138356340801035,1.47295276188683,0.204,0.154,1,"LRRK2","GSE214411","Myeloid",TRUE
0.00138919446411047,-0.22296217975263,0.161,0.208,1,"TSPAN3","GSE214411","Myeloid",TRUE
0.00139486854676629,-1.3798646393696,0.045,0.077,1,"TRAPPC13","GSE214411","Myeloid",TRUE
0.00139665359893149,-0.27682013561176,0.361,0.404,1,"ATP6AP1","GSE214411","Myeloid",TRUE
0.00140043737440293,-0.116828010853342,0.337,0.385,1,"CEP170","GSE214411","Myeloid",TRUE
0.00140315388654252,-0.352702941897749,0.316,0.365,1,"ACAA1","GSE214411","Myeloid",TRUE
0.00140441615107888,-0.449231558912633,0.306,0.352,1,"CLNS1A","GSE214411","Myeloid",TRUE
0.00140629537815207,-2.45011351611,0.007,0.024,1,"ALS2CL","GSE214411","Myeloid",TRUE
0.001410138627821,-2.02213906420119,0.005,0.021,1,"APOC2","GSE214411","Myeloid",TRUE
0.00141254085004064,-0.600664654684357,0.148,0.192,1,"RTCA","GSE214411","Myeloid",TRUE
0.00141482239109008,-0.222406052926437,0.255,0.304,1,"PTRHD1","GSE214411","Myeloid",TRUE
0.00141687410979264,-0.301828498879767,0.043,0.076,1,"BIRC5","GSE214411","Myeloid",TRUE
0.00141735702075228,-0.545226269648463,0.049,0.083,1,"NCAPD2","GSE214411","Myeloid",TRUE
0.00141892823173531,0.509105561578427,0.376,0.323,1,"CD300A","GSE214411","Myeloid",TRUE
0.00141956459214719,-3.0776016884615,0.001,0.012,1,"RP11-354P11.3","GSE214411","Myeloid",TRUE
0.00142184836771859,-2.56698554411961,0.007,0.024,1,"SLC4A8","GSE214411","Myeloid",TRUE
0.00142536850299779,-1.12160672000159,0.038,0.069,1,"MAGED1","GSE214411","Myeloid",TRUE
0.0014279110170434,-3.62671862221757,0.001,0.012,1,"CAPS2","GSE214411","Myeloid",TRUE
0.00142822363711409,-0.47319548632512,0.064,0.103,1,"NUPR1","GSE214411","Myeloid",TRUE
0.00143040313481244,-0.831215955948306,0.062,0.097,1,"FAH","GSE214411","Myeloid",TRUE
0.00143924327814053,0.630460835453078,0.539,0.483,1,"CSRNP1","GSE214411","Myeloid",TRUE
0.00144116818373645,-1.22679077510637,0.021,0.046,1,"MYBL2","GSE214411","Myeloid",TRUE
0.00144292725661703,-0.614811496847191,0.115,0.16,1,"MRPS18B","GSE214411","Myeloid",TRUE
0.00144389110681655,-3.82378732093635,0.002,0.014,1,"ZNF442","GSE214411","Myeloid",TRUE
0.00144405884423506,-0.405948768381554,0.066,0.103,1,"TARBP1","GSE214411","Myeloid",TRUE
0.00144502275152872,-0.57006591467367,0.218,0.268,1,"MRPS33","GSE214411","Myeloid",TRUE
0.00144641586382076,-3.09821754026133,0.002,0.014,1,"ZNF619","GSE214411","Myeloid",TRUE
0.00145140056148314,1.78674483183816,0.038,0.015,1,"P2RX1","GSE214411","Myeloid",TRUE
0.0014545172449544,-0.341843945151253,0.242,0.288,1,"SLC25A39","GSE214411","Myeloid",TRUE
0.00145526205297595,0.924628155202224,0.165,0.115,1,"RAP2C","GSE214411","Myeloid",TRUE
0.00145655563649492,-4.10331267767334,0.002,0.014,1,"PTCRA","GSE214411","Myeloid",TRUE
0.00145715937020105,-0.470806299569125,0.237,0.282,1,"HSD17B12","GSE214411","Myeloid",TRUE
0.00145868290102019,1.15518042273196,0.128,0.085,1,"PDLIM1","GSE214411","Myeloid",TRUE
0.0014659294741429,-0.998085954117296,0.031,0.058,1,"RP13-638C3.4","GSE214411","Myeloid",TRUE
0.0014685545523868,-1.21132604354354,0.032,0.061,1,"ZNF675","GSE214411","Myeloid",TRUE
0.00147008794977223,0.488365822694316,0.525,0.496,1,"HNRNPH1","GSE214411","Myeloid",TRUE
0.00147378795818344,-0.304407586287527,0.085,0.127,1,"THUMPD3","GSE214411","Myeloid",TRUE
0.00147662314214988,-0.224991908436671,0.452,0.502,1,"NDUFB8","GSE214411","Myeloid",TRUE
0.00147722681340779,0.982558600590786,0.122,0.079,1,"CXXC5","GSE214411","Myeloid",TRUE
0.00148477876788002,-1.69459091869249,0.002,0.014,1,"FEZ1","GSE214411","Myeloid",TRUE
0.0014898905761654,-0.471753589767209,0.234,0.283,1,"WDR82","GSE214411","Myeloid",TRUE
0.00149178529837712,-0.311045392406415,0.054,0.089,1,"DCLRE1C","GSE214411","Myeloid",TRUE
0.00149303154009045,-0.736508391644581,0.137,0.181,1,"UROD","GSE214411","Myeloid",TRUE
0.00149392632812521,-1.84159702471853,0.023,0.049,1,"RP3-460G2.2","GSE214411","Myeloid",TRUE
0.00149786941057487,-0.611705818755326,0.272,0.311,1,"TRIM44","GSE214411","Myeloid",TRUE
0.00150109464331913,-0.155090721529076,0.493,0.553,1,"ATP5C1","GSE214411","Myeloid",TRUE
0.00150907593413684,0.124757104524636,0.092,0.136,1,"CR1","GSE214411","Myeloid",TRUE
0.00151340158125401,-0.747485434832427,0.082,0.122,1,"SRGAP1","GSE214411","Myeloid",TRUE
0.00151401357916092,-1.72736506502811,0.029,0.056,1,"FTO","GSE214411","Myeloid",TRUE
0.00151833472368832,-0.951202681770155,0.058,0.094,1,"STX2","GSE214411","Myeloid",TRUE
0.00151913600047496,0.550281118675529,0.495,0.452,1,"LGALS3","GSE214411","Myeloid",TRUE
0.00152592881274464,-0.617193209212474,0.087,0.128,1,"TMED1","GSE214411","Myeloid",TRUE
0.00152843560618067,-0.211053647866594,0.508,0.571,1,"EIF3G","GSE214411","Myeloid",TRUE
0.00153175541790223,-0.776318327239374,0.084,0.125,1,"RCOR3","GSE214411","Myeloid",TRUE
0.0015318432562165,0.320190551957334,0.123,0.077,1,"SIRPB1","GSE214411","Myeloid",TRUE
0.00153621339699792,-1.42356923234318,0.018,0.041,1,"CDH11","GSE214411","Myeloid",TRUE
0.00154044799028623,-0.57244344495277,0.043,0.075,1,"TMEM63A","GSE214411","Myeloid",TRUE
0.00154390070748455,-0.346471695529088,0.062,0.099,1,"ZNF562","GSE214411","Myeloid",TRUE
0.00154837987859389,-0.168241810753566,0.19,0.24,1,"NSMCE1","GSE214411","Myeloid",TRUE
0.00155032597810108,-0.590614156220965,0.087,0.127,1,"AKIP1","GSE214411","Myeloid",TRUE
0.00155331514434524,-1.04895964073418,0.04,0.07,1,"GLI4","GSE214411","Myeloid",TRUE
0.00155591374275786,0.542063732917546,0.711,0.701,1,"SDCBP","GSE214411","Myeloid",TRUE
0.00155660564223455,-0.361116690773445,0.154,0.201,1,"SMC4","GSE214411","Myeloid",TRUE
0.0015598534110819,-0.483331380878213,0.16,0.204,1,"TSR3","GSE214411","Myeloid",TRUE
0.00156188020693146,-0.398209430843738,0.119,0.164,1,"HNRNPLL","GSE214411","Myeloid",TRUE
0.00156195491654317,-0.258780838426257,0.034,0.064,1,"LINC00467","GSE214411","Myeloid",TRUE
0.00157062293637682,-1.07832357957558,0.052,0.087,1,"TP53RK","GSE214411","Myeloid",TRUE
0.00157473797532413,-0.376543731608261,0.12,0.166,1,"DNAJC13","GSE214411","Myeloid",TRUE
0.001575154975153,-1.22467637241129,0.055,0.089,1,"DISC1","GSE214411","Myeloid",TRUE
0.00157680032089919,-0.535839447316841,0.063,0.1,1,"RNF113A","GSE214411","Myeloid",TRUE
0.00157702581945476,-0.402122563045329,0.194,0.247,1,"BEX4","GSE214411","Myeloid",TRUE
0.00157872997044644,-0.599234930364886,0.121,0.165,1,"GMPS","GSE214411","Myeloid",TRUE
0.00158236972752117,-1.02287645346579,0.118,0.16,1,"XPA","GSE214411","Myeloid",TRUE
0.00158330138778445,0.945913375519265,0.096,0.058,1,"SPRED2","GSE214411","Myeloid",TRUE
0.00158627201255498,0.403299461802444,0.012,0.032,1,"SLC25A10","GSE214411","Myeloid",TRUE
0.00158642796622809,-0.405308788855953,0.027,0.054,1,"ANKRD54","GSE214411","Myeloid",TRUE
0.00158894324971287,0.442044486105743,0.409,0.339,1,"DNAJC15","GSE214411","Myeloid",TRUE
0.00159377034105888,-1.42172395548182,0.049,0.082,1,"PCK2","GSE214411","Myeloid",TRUE
0.0015964976885556,0.135299647888042,0.842,0.916,1,"RPL32","GSE214411","Myeloid",TRUE
0.00159650804965223,-0.287517715990463,0.232,0.279,1,"PSMD1","GSE214411","Myeloid",TRUE
0.0016005213961752,-0.448779319385062,0.155,0.2,1,"CYB561D2","GSE214411","Myeloid",TRUE
0.00160362791227596,-0.0634366209469515,0.577,0.631,1,"CAPZB","GSE214411","Myeloid",TRUE
0.00160400633296634,-0.500190198622359,0.12,0.164,1,"ZNF524","GSE214411","Myeloid",TRUE
0.00160440141356249,-1.07192356821175,0.01,0.029,1,"MTHFSD","GSE214411","Myeloid",TRUE
0.00160568577146833,-1.13980588588686,0.018,0.041,1,"CDCA7","GSE214411","Myeloid",TRUE
0.00160767467018921,-1.61760070321557,0.024,0.05,1,"RANBP6","GSE214411","Myeloid",TRUE
0.00161242960734798,-0.225810879155999,0.313,0.365,1,"LMO2","GSE214411","Myeloid",TRUE
0.00161529051670852,-0.289445047655583,0.107,0.151,1,"CCDC82","GSE214411","Myeloid",TRUE
0.00162486792756692,-0.435811775071111,0.122,0.166,1,"PRKAG1","GSE214411","Myeloid",TRUE
0.00162837874288474,-1.53235053432825,0.031,0.059,1,"C19orf12","GSE214411","Myeloid",TRUE
0.00163215739244383,0.786219874716257,0.159,0.11,1,"GPAT4","GSE214411","Myeloid",TRUE
0.00163256833158378,1.22824616521496,0.117,0.075,1,"TMEM120A","GSE214411","Myeloid",TRUE
0.00163761400348353,-1.37588297701905,0.022,0.048,1,"CENPJ","GSE214411","Myeloid",TRUE
0.00163834312602206,-0.419336888622016,0.034,0.064,1,"ZFP90","GSE214411","Myeloid",TRUE
0.00164423605196249,-0.681618293069208,0.045,0.077,1,"RAB2B","GSE214411","Myeloid",TRUE
0.0016463711035434,0.537624856749414,0.282,0.224,1,"RXRA","GSE214411","Myeloid",TRUE
0.00164872767705574,-0.926452942712389,0.061,0.097,1,"METTL14","GSE214411","Myeloid",TRUE
0.00164983911048706,-1.35117446843667,0.054,0.088,1,"TMEM97","GSE214411","Myeloid",TRUE
0.00165188401198872,-0.61423185111812,0.279,0.321,1,"OXA1L","GSE214411","Myeloid",TRUE
0.00166208849120501,-0.534574756557716,0.274,0.319,1,"PUF60","GSE214411","Myeloid",TRUE
0.00166259519681715,-0.794474046665975,0.028,0.055,1,"PXMP4","GSE214411","Myeloid",TRUE
0.0016670458112623,-0.789852952477722,0.171,0.217,1,"P2RX4","GSE214411","Myeloid",TRUE
0.00166846676641576,-0.740647236655838,0.032,0.061,1,"TPX2","GSE214411","Myeloid",TRUE
0.00166893821989242,-0.0756882875574294,0.24,0.292,1,"LPCAT2","GSE214411","Myeloid",TRUE
0.00167120822709991,-0.345602770262235,0.105,0.148,1,"CHM","GSE214411","Myeloid",TRUE
0.00167242004954495,-2.45629994195319,0.008,0.025,1,"AC104532.4","GSE214411","Myeloid",TRUE
0.0016731251726052,-1.0796322818731,0.051,0.085,1,"ARHGEF3","GSE214411","Myeloid",TRUE
0.00168018718531046,-0.760639992377949,0.031,0.058,1,"GCFC2","GSE214411","Myeloid",TRUE
0.00168442489639323,-1.50351501338031,0.019,0.042,1,"TOP3B","GSE214411","Myeloid",TRUE
0.00168569662764045,-1.4583893363051,0.024,0.05,1,"SGK223","GSE214411","Myeloid",TRUE
0.00168613331614155,-0.375628704299245,0.18,0.226,1,"TADA3","GSE214411","Myeloid",TRUE
0.00168752628189988,-0.735126839587198,0.097,0.138,1,"ZNF791","GSE214411","Myeloid",TRUE
0.00168830439104444,-0.719357538882754,0.094,0.136,1,"CHAF1A","GSE214411","Myeloid",TRUE
0.00169102643258299,-1.00294477677149,0.037,0.067,1,"RBM19","GSE214411","Myeloid",TRUE
0.00169324366818498,0.365502718123818,0.094,0.057,1,"CYP1B1","GSE214411","Myeloid",TRUE
0.00169349343513756,0.52769395354387,0.131,0.086,1,"CD300C","GSE214411","Myeloid",TRUE
0.0016946593409376,-0.664582499071388,0.019,0.042,1,"CCNA2","GSE214411","Myeloid",TRUE
0.00169685966096145,-2.89574242630126,0.004,0.019,1,"ZNF169","GSE214411","Myeloid",TRUE
0.00169879134569984,-0.315922593470631,0.198,0.245,1,"CDK5RAP3","GSE214411","Myeloid",TRUE
0.00170047577230385,0.849851094185788,0.448,0.392,1,"MAFF","GSE214411","Myeloid",TRUE
0.00170767681960715,1.07309415859159,0.089,0.053,1,"SLC24A4","GSE214411","Myeloid",TRUE
0.00170976857881187,-0.206390056893842,0.108,0.151,1,"PARP10","GSE214411","Myeloid",TRUE
0.00171590450817572,-2.67960223021141,0.004,0.019,1,"KBTBD6","GSE214411","Myeloid",TRUE
0.00171650140289588,-0.575361756331473,0.209,0.257,1,"UBE2G2","GSE214411","Myeloid",TRUE
0.00171700679857519,-0.473509465099101,0.13,0.174,1,"TMX3","GSE214411","Myeloid",TRUE
0.00172167520019191,-1.17349094400748,0.031,0.059,1,"PXMP2","GSE214411","Myeloid",TRUE
0.00172275052082104,-0.810810364514605,0.046,0.078,1,"IL15","GSE214411","Myeloid",TRUE
0.00172286214490334,-1.07462177723543,0.047,0.079,1,"NHLRC2","GSE214411","Myeloid",TRUE
0.00172801519333488,-2.13898004258413,0.008,0.025,1,"AC079767.4","GSE214411","Myeloid",TRUE
0.00172854466859089,-0.388964492627199,0.2,0.248,1,"CAMK2D","GSE214411","Myeloid",TRUE
0.00172914398949895,0.559918474011216,0.314,0.245,1,"CHP1","GSE214411","Myeloid",TRUE
0.00173567494686737,0.776731043941972,0.225,0.169,1,"NUP98","GSE214411","Myeloid",TRUE
0.0017369464049265,-0.393119700150341,0.12,0.164,1,"MRPL19","GSE214411","Myeloid",TRUE
0.0017381427047624,-0.468222336781826,0.238,0.28,1,"SYPL1","GSE214411","Myeloid",TRUE
0.00173830853153387,-0.020579890622471,0.181,0.231,1,"MGEA5","GSE214411","Myeloid",TRUE
0.0017437739791919,-0.239007689951579,0.381,0.442,1,"PRCP","GSE214411","Myeloid",TRUE
0.00174766805433889,1.78995905315997,0.114,0.075,1,"KRT8","GSE214411","Myeloid",TRUE
0.0017486735258377,-0.459094388278997,0.057,0.091,1,"PLB1","GSE214411","Myeloid",TRUE
0.00175076135887189,-0.495208410807958,0.064,0.101,1,"DENND6A","GSE214411","Myeloid",TRUE
0.00176651830744775,-0.281349798534823,0.401,0.441,1,"PHPT1","GSE214411","Myeloid",TRUE
0.00177125865481563,-0.0994819962689966,0.041,0.073,1,"ALDH7A1","GSE214411","Myeloid",TRUE
0.00177182886648132,0.524618800174668,0.606,0.585,1,"TPM4","GSE214411","Myeloid",TRUE
0.0017723214309194,-0.322294989777345,0.053,0.088,1,"ICMT","GSE214411","Myeloid",TRUE
0.00177676193239736,-0.440007825747519,0.029,0.056,1,"GOLPH3L","GSE214411","Myeloid",TRUE
0.00178724952614825,-0.510879449030084,0.035,0.065,1,"UBE2C","GSE214411","Myeloid",TRUE
0.00179335317663149,-3.2563561546036,0.006,0.022,1,"RP11-421L21.3","GSE214411","Myeloid",TRUE
0.00179510604999815,-0.733333468260501,0.15,0.194,1,"AHSA2","GSE214411","Myeloid",TRUE
0.00179561756293103,-0.623382442259935,0.124,0.167,1,"POP4","GSE214411","Myeloid",TRUE
0.00179852666511913,0.61423813823161,0.459,0.396,1,"WTAP","GSE214411","Myeloid",TRUE
0.00179853324280135,-0.176978665616247,0.811,0.922,1,"RPL19","GSE214411","Myeloid",TRUE
0.00180113483889003,-0.378719356793828,0.308,0.35,1,"SLTM","GSE214411","Myeloid",TRUE
0.00180673206171209,-0.243229106164356,0.45,0.497,1,"UBE2L3","GSE214411","Myeloid",TRUE
0.00180815602546389,-0.688832309523625,0.023,0.049,1,"ZNF844","GSE214411","Myeloid",TRUE
0.00180952429850104,-1.98462292245816,0.013,0.034,1,"GUCY1B3","GSE214411","Myeloid",TRUE
0.00181430402715429,0.140367152529997,0.85,0.932,1,"RPS24","GSE214411","Myeloid",TRUE
0.00181706098459025,-1.48955913389563,0.042,0.073,1,"LINC01184","GSE214411","Myeloid",TRUE
0.00182305207260163,-0.66523599092302,0.046,0.078,1,"CEP78","GSE214411","Myeloid",TRUE
0.0018236824504723,-0.521785710556358,0.159,0.204,1,"ARHGEF6","GSE214411","Myeloid",TRUE
0.0018267468261296,-0.472396514640597,0.252,0.296,1,"DNAJC4","GSE214411","Myeloid",TRUE
0.00182698189966387,0.727445101966363,0.063,0.033,1,"PLCB1","GSE214411","Myeloid",TRUE
0.00182938033796648,-0.472093508739364,0.175,0.224,1,"MRPL22","GSE214411","Myeloid",TRUE
0.00182961537064096,-0.48407837085096,0.088,0.127,1,"DIRC2","GSE214411","Myeloid",TRUE
0.00184277310534737,-0.131548051644667,0.301,0.347,1,"TXNL4A","GSE214411","Myeloid",TRUE
0.00184880729327672,-2.17366727639485,0.013,0.034,1,"SWSAP1","GSE214411","Myeloid",TRUE
0.00185770676670365,-2.17634768942205,0.006,0.022,1,"WDR62","GSE214411","Myeloid",TRUE
0.00186501645281429,-0.155286038999797,0.228,0.278,1,"MMADHC","GSE214411","Myeloid",TRUE
0.00186703265124583,-1.16557623650064,0.043,0.074,1,"LIAS","GSE214411","Myeloid",TRUE
0.00186783161353454,-0.107303117428777,0.016,0.038,1,"VMAC","GSE214411","Myeloid",TRUE
0.00187034534876912,4.35829540920951,0.015,0.002,1,"CAMP","GSE214411","Myeloid",TRUE
0.00187093587405078,-0.370512248293932,0.181,0.222,1,"ARHGAP15","GSE214411","Myeloid",TRUE
0.00187179796161027,-1.3141197321255,0.04,0.071,1,"C12orf65","GSE214411","Myeloid",TRUE
0.00187395630964719,-0.295385066797997,0.037,0.067,1,"UHRF2","GSE214411","Myeloid",TRUE
0.00187399701678779,-0.403466619075913,0.057,0.091,1,"EEF2K","GSE214411","Myeloid",TRUE
0.00187896252290337,-0.38334864036475,0.225,0.27,1,"TMX1","GSE214411","Myeloid",TRUE
0.00188166986461945,0.589683193010309,0.066,0.035,1,"FADS3","GSE214411","Myeloid",TRUE
0.00188462998411983,3.35480645705565,0.015,0.002,1,"CST1","GSE214411","Myeloid",TRUE
0.00188874070653935,-0.386857304801034,0.224,0.27,1,"ABCF1","GSE214411","Myeloid",TRUE
0.00189037184426787,2.0689286868908,0.015,0.002,1,"ENO2","GSE214411","Myeloid",TRUE
0.00189170007465311,-0.0175203429758657,0.07,0.108,1,"CMTR2","GSE214411","Myeloid",TRUE
0.0018926484211274,-0.882425006217269,0.016,0.038,1,"C1orf112","GSE214411","Myeloid",TRUE
0.00189473465364395,-0.262854811032923,0.306,0.349,1,"COX14","GSE214411","Myeloid",TRUE
0.00189637971674432,-2.2892279001705,0.011,0.03,1,"AC093627.10","GSE214411","Myeloid",TRUE
0.00189990976817704,0.489660545443578,0.155,0.105,1,"VCL","GSE214411","Myeloid",TRUE
0.00190214233452603,-0.0859226482826004,0.246,0.293,1,"WAPL","GSE214411","Myeloid",TRUE
0.00190648609155985,-0.0581534429681289,0.204,0.256,1,"FEZ2","GSE214411","Myeloid",TRUE
0.00191968409986391,-0.571194277579229,0.136,0.181,1,"KRR1","GSE214411","Myeloid",TRUE
0.00192591720872875,-1.23998377817269,0.057,0.09,1,"MAP3K4","GSE214411","Myeloid",TRUE
0.00192858689676521,-0.817000047002311,0.011,0.03,1,"TMEM79","GSE214411","Myeloid",TRUE
0.00193062733140379,-0.147004777426941,0.342,0.395,1,"PSMD7","GSE214411","Myeloid",TRUE
0.00193376543731664,-0.428749624183995,0.088,0.128,1,"PRKAR2B","GSE214411","Myeloid",TRUE
0.00193693786586942,2.52760777932214,0.025,0.007,1,"GJB2","GSE214411","Myeloid",TRUE
0.00193693786586942,3.29368663597723,0.025,0.007,1,"DUSP14","GSE214411","Myeloid",TRUE
0.00194298733121348,-0.160949221843429,0.838,0.934,1,"RPL11","GSE214411","Myeloid",TRUE
0.00194451525390675,-0.857876478364977,0.049,0.082,1,"TRMT1L","GSE214411","Myeloid",TRUE
0.00194613997033639,1.30031056176353,0.029,0.01,1,"RP11-863P13.3","GSE214411","Myeloid",TRUE
0.00195180627885818,-2.41153115325508,0.014,0.035,1,"WDR24","GSE214411","Myeloid",TRUE
0.00195199588221139,0.52995564231124,0.45,0.399,1,"BHLHE40","GSE214411","Myeloid",TRUE
0.00195221490697764,1.76028576658536,0.025,0.007,1,"QPCTL","GSE214411","Myeloid",TRUE
0.00195306286056876,-0.0881875395897769,0.063,0.1,1,"GPANK1","GSE214411","Myeloid",TRUE
0.0019683954349927,-0.219335011289236,0.166,0.216,1,"TRIM33","GSE214411","Myeloid",TRUE
0.00197421771257275,-0.718860471919166,0.091,0.13,1,"RUVBL2","GSE214411","Myeloid",TRUE
0.00197428865999286,-0.243325865754877,0.055,0.089,1,"GMCL1","GSE214411","Myeloid",TRUE
0.00198595833779727,-0.451989623680961,0.093,0.135,1,"CENPB","GSE214411","Myeloid",TRUE
0.00198833612068133,0.0550850330325716,0.544,0.632,1,"FCGR2A","GSE214411","Myeloid",TRUE
0.00198849365387593,-0.248448077392223,0.248,0.298,1,"LMAN1","GSE214411","Myeloid",TRUE
0.00199442667171747,-0.191646593783268,0.052,0.086,1,"REXO4","GSE214411","Myeloid",TRUE
0.00199661126176526,-0.410707538651906,0.085,0.124,1,"MRPS9","GSE214411","Myeloid",TRUE
0.00200154550069152,0.83169765383459,0.124,0.082,1,"TRAF1","GSE214411","Myeloid",TRUE
0.0020086045645497,-0.509960991393285,0.114,0.158,1,"C4orf27","GSE214411","Myeloid",TRUE
0.00200877198627445,-0.973767497099119,0.049,0.082,1,"FAM122A","GSE214411","Myeloid",TRUE
0.00201494833477592,-0.731857204648888,0.02,0.043,1,"GPATCH1","GSE214411","Myeloid",TRUE
0.00202323057532881,-0.166154585123224,0.253,0.304,1,"RSF1","GSE214411","Myeloid",TRUE
0.00202578936665148,-3.17491352714787,0.004,0.017,1,"NRL","GSE214411","Myeloid",TRUE
0.0020282458927792,-1.60466717528631,0.011,0.03,1,"CDC6","GSE214411","Myeloid",TRUE
0.00205135195136711,1.24058730807353,0.131,0.087,1,"PATL1","GSE214411","Myeloid",TRUE
0.00205156610528395,0.707779596638271,0.527,0.485,1,"YPEL5","GSE214411","Myeloid",TRUE
0.00205344387351701,0.0441820511159049,0.377,0.434,1,"SSU72","GSE214411","Myeloid",TRUE
0.00205507602241386,-1.49713476383498,0.034,0.062,1,"NLRC4","GSE214411","Myeloid",TRUE
0.00205585851879947,-3.42393402939824,0.004,0.017,1,"FAM212A","GSE214411","Myeloid",TRUE
0.002062681824281,-0.498742336644523,0.062,0.096,1,"MFSD7","GSE214411","Myeloid",TRUE
0.00206594158219591,0.971737081775158,0.149,0.104,1,"BST1","GSE214411","Myeloid",TRUE
0.00206661849908602,-0.358272536379387,0.056,0.09,1,"PEX13","GSE214411","Myeloid",TRUE
0.00207141020160871,-0.560796578070754,0.078,0.117,1,"ZBED5","GSE214411","Myeloid",TRUE
0.00207532456145199,-0.579588937321715,0.024,0.05,1,"CENPP","GSE214411","Myeloid",TRUE
0.0020832438786175,-0.242470600036793,0.013,0.034,1,"DYX1C1","GSE214411","Myeloid",TRUE
0.00208417265825548,-0.392796622526401,0.041,0.072,1,"CGRRF1","GSE214411","Myeloid",TRUE
0.00208554631171872,1.63299432493377,0.064,0.034,1,"GTPBP2","GSE214411","Myeloid",TRUE
0.00209743213335494,-3.83939088370706,0,0.008,1,"KCTD21-AS1","GSE214411","Myeloid",TRUE
0.00210438015278997,-1.2594905926576,0.027,0.053,1,"RP11-809O17.1","GSE214411","Myeloid",TRUE
0.00210567949416179,-3.28055620661387,0.014,0.035,1,"TTK","GSE214411","Myeloid",TRUE
0.00210675126927186,0.593218559550371,0.085,0.05,1,"NCR3LG1","GSE214411","Myeloid",TRUE
0.00210830153473951,-0.121011541814523,0.341,0.399,1,"BAZ2B","GSE214411","Myeloid",TRUE
0.00210840176749559,1.18421589133133,0.107,0.067,1,"PIM2","GSE214411","Myeloid",TRUE
0.00210946410297699,-0.453929348648462,0.157,0.203,1,"PIK3C2A","GSE214411","Myeloid",TRUE
0.00211005885071031,-0.504356898611127,0.127,0.168,1,"CKS1B","GSE214411","Myeloid",TRUE
0.00211201527247069,-0.662452145886674,0.026,0.052,1,"PCED1B","GSE214411","Myeloid",TRUE
0.00213149175730681,0.431623580984911,0.308,0.242,1,"HNRNPH2","GSE214411","Myeloid",TRUE
0.00213845911108998,-0.333037870913134,0.377,0.418,1,"BLOC1S6","GSE214411","Myeloid",TRUE
0.00214538959542465,-1.78513236777322,0.004,0.017,1,"LIN9","GSE214411","Myeloid",TRUE
0.00215378546123087,-0.129821388448113,0.386,0.427,1,"SCP2","GSE214411","Myeloid",TRUE
0.00216198517334789,0.579646144852573,0.096,0.143,1,"IFIT3","GSE214411","Myeloid",TRUE
0.00217156524999284,0.88187162698546,0.106,0.067,1,"LINC00528","GSE214411","Myeloid",TRUE
0.00217605138381046,-0.297178232887621,0.421,0.482,1,"CCDC88A","GSE214411","Myeloid",TRUE
0.00218104007214762,-0.294701822779798,0.122,0.167,1,"MFAP1","GSE214411","Myeloid",TRUE
0.00218288091512392,-1.99267090152715,0.009,0.026,1,"ZNF142","GSE214411","Myeloid",TRUE
0.00218489896170858,-0.265808887211999,0.018,0.04,1,"ZGLP1","GSE214411","Myeloid",TRUE
0.00218522049062692,-0.754057415662805,0.033,0.061,1,"USP46","GSE214411","Myeloid",TRUE
0.00219541240180765,-0.456238412711071,0.152,0.196,1,"AHCY","GSE214411","Myeloid",TRUE
0.00219624419468219,-0.811882817985014,0.084,0.123,1,"ASF1A","GSE214411","Myeloid",TRUE
0.00219876436478297,-1.25914312657828,0.039,0.068,1,"SLC38A9","GSE214411","Myeloid",TRUE
0.00220918489792941,-0.495631983866958,0.12,0.163,1,"AMPD3","GSE214411","Myeloid",TRUE
0.00221942588081842,-0.0180138564594035,0.297,0.343,1,"RAD21","GSE214411","Myeloid",TRUE
0.0022208754820802,-0.603685836043369,0.079,0.119,1,"DNMT3A","GSE214411","Myeloid",TRUE
0.00223261910978848,-0.1738909603408,0.365,0.401,1,"GTF3A","GSE214411","Myeloid",TRUE
0.00223426471235942,-0.345126447627324,0.04,0.071,1,"WWC3","GSE214411","Myeloid",TRUE
0.00223430573805936,-1.20067647524095,0.007,0.023,1,"RP11-575L7.8","GSE214411","Myeloid",TRUE
0.00224277533140209,-0.136225244778729,0.057,0.091,1,"C5orf45","GSE214411","Myeloid",TRUE
0.00224842819579611,-1.21955263571277,0.04,0.071,1,"C12orf43","GSE214411","Myeloid",TRUE
0.00225171624396136,-0.0917990068580961,0.555,0.648,1,"EIF5","GSE214411","Myeloid",TRUE
0.0022520721192633,-0.0864340425204737,0.408,0.461,1,"NDUFC2","GSE214411","Myeloid",TRUE
0.00225893293952046,-0.760875131303353,0.078,0.115,1,"RPP25L","GSE214411","Myeloid",TRUE
0.00225973913593117,-0.479357420254539,0.316,0.357,1,"DDX46","GSE214411","Myeloid",TRUE
0.00226096501999373,-0.510088554918571,0.241,0.282,1,"EPRS","GSE214411","Myeloid",TRUE
0.00226172316630282,-0.460448891713157,0.315,0.356,1,"PPM1G","GSE214411","Myeloid",TRUE
0.00226478550314445,0.105972893986531,0.645,0.716,1,"BTG2","GSE214411","Myeloid",TRUE
0.00228419935797955,-0.597320752823429,0.174,0.22,1,"ITPRIPL2","GSE214411","Myeloid",TRUE
0.00229144512768292,-0.475382690663338,0.139,0.184,1,"GALK1","GSE214411","Myeloid",TRUE
0.00229419267205173,0.0481000038155281,0.044,0.075,1,"NCK1-AS1","GSE214411","Myeloid",TRUE
0.00229511221620868,0.447167807066187,0.364,0.445,1,"COL3A1","GSE214411","Myeloid",TRUE
0.00229680985367293,-0.495868915789879,0.101,0.142,1,"POLR3K","GSE214411","Myeloid",TRUE
0.00230105237996659,-0.679988249370561,0.091,0.13,1,"ANKRD40","GSE214411","Myeloid",TRUE
0.00230145692999084,-0.151021315643991,0.295,0.339,1,"UBE2M","GSE214411","Myeloid",TRUE
0.00230483768304381,-1.91474426115521,0.007,0.023,1,"OSBPL7","GSE214411","Myeloid",TRUE
0.00230774081613103,-0.255479545794598,0.26,0.31,1,"ZC3H13","GSE214411","Myeloid",TRUE
0.00232027312768253,-0.244832659874684,0.027,0.053,1,"RFC3","GSE214411","Myeloid",TRUE
0.00233264312013907,0.420635512806628,0.474,0.429,1,"HNRNPM","GSE214411","Myeloid",TRUE
0.0023344173976932,-2.02727860841577,0.005,0.02,1,"ARSK","GSE214411","Myeloid",TRUE
0.00235712495331917,0.314806752510392,0.223,0.164,1,"SLC43A3","GSE214411","Myeloid",TRUE
0.00236282162344537,-0.100017970226559,0.536,0.613,1,"PTPRE","GSE214411","Myeloid",TRUE
0.00237153089463781,-0.972339069149594,0.055,0.088,1,"PTER","GSE214411","Myeloid",TRUE
0.00237174820495668,-1.15687485416872,0.007,0.023,1,"CXCL14","GSE214411","Myeloid",TRUE
0.00237174820495668,-1.63505664304392,0.007,0.023,1,"CCNF","GSE214411","Myeloid",TRUE
0.00238129965039268,-0.328675419878665,0.015,0.036,1,"ZNF701","GSE214411","Myeloid",TRUE
0.00238730556690201,2.57653603335912,0.03,0.011,1,"LINC01506","GSE214411","Myeloid",TRUE
0.00238853000491556,-0.159435591105296,0.018,0.04,1,"TRMT5","GSE214411","Myeloid",TRUE
0.00238983625763802,-0.689999483551614,0.005,0.02,1,"EXO5","GSE214411","Myeloid",TRUE
0.00239344209309975,0.719433212481713,0.239,0.182,1,"PSEN1","GSE214411","Myeloid",TRUE
0.00239755524057511,-0.315760971836418,0.096,0.137,1,"KMT2B","GSE214411","Myeloid",TRUE
0.002397586449736,-4.32236507269674,0.003,0.015,1,"BCYRN1","GSE214411","Myeloid",TRUE
0.002397586449736,-2.66841149787367,0.003,0.015,1,"RP1-29C18.10","GSE214411","Myeloid",TRUE
0.00239760727939251,-0.452404530416262,0.129,0.174,1,"TRAPPC4","GSE214411","Myeloid",TRUE
0.0023989313220931,-0.651883659193222,0.119,0.161,1,"ATIC","GSE214411","Myeloid",TRUE
0.0024172792350067,0.044321908307511,0.032,0.06,1,"DSN1","GSE214411","Myeloid",TRUE
0.00242103873461962,0.892515597260646,0.093,0.057,1,"GBE1","GSE214411","Myeloid",TRUE
0.0024237629459648,-0.554562816067097,0.018,0.04,1,"NCAPG","GSE214411","Myeloid",TRUE
0.00242592007584403,-0.238184438785463,0.295,0.34,1,"ILK","GSE214411","Myeloid",TRUE
0.00242974871656868,1.0044401178151,0.06,0.032,1,"DGAT2","GSE214411","Myeloid",TRUE
0.00244331292771154,-3.50586271806105,0.003,0.015,1,"ZNF283","GSE214411","Myeloid",TRUE
0.0024460169051531,-0.206248564084572,0.332,0.375,1,"BTF3L4","GSE214411","Myeloid",TRUE
0.0024470057203347,-0.335270072490571,0.178,0.226,1,"ZBTB10","GSE214411","Myeloid",TRUE
0.00245121131485285,-1.21339300218498,0.024,0.049,1,"MBTPS2","GSE214411","Myeloid",TRUE
0.00245974770385325,-0.174161313664142,0.462,0.515,1,"PRDX6","GSE214411","Myeloid",TRUE
0.00246012756901311,0.539562535230385,0.425,0.362,1,"FAM107B","GSE214411","Myeloid",TRUE
0.00246343421769092,-1.439283078166,0.015,0.036,1,"IFT122","GSE214411","Myeloid",TRUE
0.0024664741992846,-1.92102403522522,0.003,0.015,1,"NPR2","GSE214411","Myeloid",TRUE
0.00247240079038623,-0.810270733599131,0.023,0.048,1,"CDR2","GSE214411","Myeloid",TRUE
0.00247413008003842,-0.259098113475276,0.073,0.11,1,"CDK1","GSE214411","Myeloid",TRUE
0.0024751661271194,-0.4856576590965,0.108,0.147,1,"NAA60","GSE214411","Myeloid",TRUE
0.00247547944615795,-1.1129418284029,0.037,0.066,1,"TIMM8A","GSE214411","Myeloid",TRUE
0.00248014553237741,-0.622483994578017,0.188,0.231,1,"HPS5","GSE214411","Myeloid",TRUE
0.00248104344400489,-0.217534612370124,0.04,0.07,1,"ZNF746","GSE214411","Myeloid",TRUE
0.0024813320861972,-1.08642391056245,0.041,0.071,1,"ATG10","GSE214411","Myeloid",TRUE
0.00248166036613532,-0.791613726391962,0.005,0.02,1,"KDELR3","GSE214411","Myeloid",TRUE
0.00248309595395391,-0.276193994407198,0.022,0.047,1,"EFNA4","GSE214411","Myeloid",TRUE
0.00249002691034586,0.669788362821746,0.465,0.405,1,"SPAG9","GSE214411","Myeloid",TRUE
0.00249913176426913,-0.902211995706266,0.12,0.159,1,"SLC52A2","GSE214411","Myeloid",TRUE
0.00250495592773582,-2.40155871407557,0.016,0.037,1,"ZNF559","GSE214411","Myeloid",TRUE
0.00251749784734035,-0.428561343590207,0.138,0.182,1,"IREB2","GSE214411","Myeloid",TRUE
0.00253666095584101,1.49203965929975,0.03,0.011,1,"SYN1","GSE214411","Myeloid",TRUE
0.00253727881679307,-0.16808582135348,0.241,0.293,1,"ENTPD1","GSE214411","Myeloid",TRUE
0.00253879569556678,-0.380337890623779,0.105,0.146,1,"REV1","GSE214411","Myeloid",TRUE
0.00253911347181193,-0.951429272068156,0.072,0.108,1,"UNC13D","GSE214411","Myeloid",TRUE
0.0025421976592227,-1.03948777850817,0.074,0.11,1,"HLTF","GSE214411","Myeloid",TRUE
0.0025481725724416,-1.22706223601701,0.013,0.032,1,"LINC00339","GSE214411","Myeloid",TRUE
0.00254850156952611,-1.45250487433387,0.025,0.05,1,"RBM48","GSE214411","Myeloid",TRUE
0.00254888642048767,1.46940890074218,0.058,0.03,1,"LILRA6","GSE214411","Myeloid",TRUE
0.00255377341743961,-1.38257282234631,0.044,0.074,1,"AC144652.1","GSE214411","Myeloid",TRUE
0.00255532494877007,-0.816968107637035,0.044,0.074,1,"LRRC28","GSE214411","Myeloid",TRUE
0.00258239083307079,-0.733712992769487,0.084,0.122,1,"CCNT2","GSE214411","Myeloid",TRUE
0.00258405728523936,-1.13801495089033,0.067,0.102,1,"FZD2","GSE214411","Myeloid",TRUE
0.00258753170040647,-0.238594992904521,0.329,0.373,1,"SNRPC","GSE214411","Myeloid",TRUE
0.00259064633086152,-0.273230082457024,0.128,0.169,1,"LMF2","GSE214411","Myeloid",TRUE
0.00260062802233581,-0.534542386519375,0.175,0.219,1,"TSPAN33","GSE214411","Myeloid",TRUE
0.00260343948842613,-0.347755457502832,0.038,0.067,1,"MTO1","GSE214411","Myeloid",TRUE
0.00260623183602752,-0.131169284368066,0.378,0.431,1,"PHB2","GSE214411","Myeloid",TRUE
0.00261276549887831,-0.186737170038238,0.172,0.216,1,"TPP2","GSE214411","Myeloid",TRUE
0.00261653640286174,1.01008822675104,0.044,0.02,1,"LINC01001","GSE214411","Myeloid",TRUE
0.00262908135038768,1.07328880496792,0.099,0.062,1,"CDA","GSE214411","Myeloid",TRUE
0.00263052502341605,-0.772725780063214,0.032,0.059,1,"ANKRD49","GSE214411","Myeloid",TRUE
0.00263187605853732,-1.89217478525537,0.013,0.032,1,"GINS1","GSE214411","Myeloid",TRUE
0.00264132709726269,-0.130863667545608,0.808,0.922,1,"RPL27A","GSE214411","Myeloid",TRUE
0.00264889526308213,-0.398970041868812,0.211,0.255,1,"GBAS","GSE214411","Myeloid",TRUE
0.0026507191970222,-3.09407981437866,0.001,0.011,1,"BTBD8","GSE214411","Myeloid",TRUE
0.00265206808161502,-0.749772429948706,0.01,0.028,1,"MESP1","GSE214411","Myeloid",TRUE
0.00265586407784731,-4.42047041697213,0.001,0.011,1,"FGF13","GSE214411","Myeloid",TRUE
0.00266768389790549,-1.17127609714546,0.025,0.05,1,"AURKB","GSE214411","Myeloid",TRUE
0.00268248050449784,-2.99861977837103,0.002,0.013,1,"ZFP3","GSE214411","Myeloid",TRUE
0.00268495877683336,-0.402647463244809,0.051,0.083,1,"BORCS6","GSE214411","Myeloid",TRUE
0.00269171429173373,-3.10236621278567,0.002,0.013,1,"HIST2H2AA4","GSE214411","Myeloid",TRUE
0.0026976075832674,-0.851678551079146,0.024,0.049,1,"GAS6-AS1","GSE214411","Myeloid",TRUE
0.00269886179072933,0.383680279830722,0.037,0.066,1,"ZBTB37","GSE214411","Myeloid",TRUE
0.00270429011675313,-0.264650782258335,0.695,0.815,1,"RPS17","GSE214411","Myeloid",TRUE
0.0027066066568778,-0.33498395490598,0.357,0.408,1,"VPS13C","GSE214411","Myeloid",TRUE
0.00270960019019187,-0.958826438526385,0.04,0.069,1,"HSBP1L1","GSE214411","Myeloid",TRUE
0.00271304574483507,-0.105408388830114,0.029,0.055,1,"FANCL","GSE214411","Myeloid",TRUE
0.00271808591019291,-0.412006556314071,0.013,0.032,1,"ST5","GSE214411","Myeloid",TRUE
0.0027195902001329,-2.30467541627018,0.002,0.013,1,"PDE7B","GSE214411","Myeloid",TRUE
0.00272849770749891,-0.651155247328683,0.142,0.184,1,"GIGYF2","GSE214411","Myeloid",TRUE
0.00272870908221443,0.183675021727886,0.013,0.032,1,"MZF1-AS1","GSE214411","Myeloid",TRUE
0.00272942062445958,-0.338348513738456,0.319,0.365,1,"HMOX1","GSE214411","Myeloid",TRUE
0.00273012641955588,0.913942591974765,0.078,0.046,1,"PARM1","GSE214411","Myeloid",TRUE
0.00274001822643959,0.877291630020895,0.049,0.023,1,"VENTX","GSE214411","Myeloid",TRUE
0.00274963345192744,1.13623628681509,0.021,0.005,1,"SLCO4C1","GSE214411","Myeloid",TRUE
0.00275573132762756,-0.356333566730753,0.238,0.285,1,"FOXP1","GSE214411","Myeloid",TRUE
0.00275645532059977,-0.380673878440899,0.019,0.041,1,"EFEMP2","GSE214411","Myeloid",TRUE
0.00275920793042389,2.8475136224039,0.034,0.014,1,"XCL1","GSE214411","Myeloid",TRUE
0.00275929652746156,0.800762076704051,0.297,0.235,1,"STK10","GSE214411","Myeloid",TRUE
0.0027667347693442,-0.691759582360802,0.043,0.073,1,"KDELC2","GSE214411","Myeloid",TRUE
0.00276735409720061,-1.00361100240891,0.059,0.093,1,"PCCB","GSE214411","Myeloid",TRUE
0.00279135939956235,-0.543029581942492,0.105,0.145,1,"HINT3","GSE214411","Myeloid",TRUE
0.00279332826450469,-0.0327322613713303,0.34,0.387,1,"SP100","GSE214411","Myeloid",TRUE
0.00279960568105937,0.760090280468779,0.189,0.139,1,"TAF13","GSE214411","Myeloid",TRUE
0.00281461214728016,-1.74793906048155,0.013,0.033,1,"ARMC7","GSE214411","Myeloid",TRUE
0.00281461985059972,-0.930020692288788,0.143,0.184,1,"CARD9","GSE214411","Myeloid",TRUE
0.00282644936885377,-0.223892003181795,0.669,0.77,1,"TYMP","GSE214411","Myeloid",TRUE
0.00284448937852476,1.15148725576997,0.03,0.011,1,"MYOM2","GSE214411","Myeloid",TRUE
0.00284943626947224,-4.13171226337435,0.004,0.018,1,"FLJ21408","GSE214411","Myeloid",TRUE
0.00285126287466756,-0.653937664164229,0.047,0.077,1,"RRS1","GSE214411","Myeloid",TRUE
0.00285388402548118,-1.16476340604652,0.026,0.051,1,"CENPQ","GSE214411","Myeloid",TRUE
0.00285673475353796,-2.11286867959303,0.008,0.024,1,"DISP1","GSE214411","Myeloid",TRUE
0.00285998006161157,-1.97768236051703,0.008,0.024,1,"B3GNT8","GSE214411","Myeloid",TRUE
0.00286112956884743,-0.481885124995195,0.199,0.244,1,"NUDT22","GSE214411","Myeloid",TRUE
0.00286469353478607,-0.401853224348958,0.303,0.342,1,"SNX17","GSE214411","Myeloid",TRUE
0.00287082690353909,-0.166503123631001,0.354,0.4,1,"OS9","GSE214411","Myeloid",TRUE
0.00287348679078923,0.403329598786466,0.218,0.162,1,"RRP12","GSE214411","Myeloid",TRUE
0.00288017858393469,-0.692742438507862,0.049,0.081,1,"GPR137","GSE214411","Myeloid",TRUE
0.00288128459231221,-0.914498361092059,0.025,0.05,1,"HSF2","GSE214411","Myeloid",TRUE
0.00288768411567845,-0.92723566315609,0.092,0.128,1,"AC016831.7","GSE214411","Myeloid",TRUE
0.00289207664226302,-1.81865493906322,0.022,0.046,1,"FBXL4","GSE214411","Myeloid",TRUE
0.00289693900131608,-0.91682963327408,0.068,0.103,1,"TMEM69","GSE214411","Myeloid",TRUE
0.0029023609365499,-0.557201245942663,0.128,0.173,1,"PCNA","GSE214411","Myeloid",TRUE
0.00290247645691817,-1.16898172729439,0.008,0.024,1,"CCDC102A","GSE214411","Myeloid",TRUE
0.0029123547243285,-2.2911630539733,0.004,0.018,1,"RP11-154H23.3","GSE214411","Myeloid",TRUE
0.00291246564577155,-2.54456407368837,0.006,0.021,1,"AC010287.1","GSE214411","Myeloid",TRUE
0.00291368726983247,-0.358395025965453,0.079,0.117,1,"SUCLA2","GSE214411","Myeloid",TRUE
0.00291905288154014,-0.132082583256721,0.107,0.149,1,"DCAF12","GSE214411","Myeloid",TRUE
0.00291928502221178,0.580539393846065,0.33,0.276,1,"RALA","GSE214411","Myeloid",TRUE
0.00292602696725757,-0.206622324307697,0.482,0.528,1,"SRRM1","GSE214411","Myeloid",TRUE
0.00292828121073447,-2.28426670056519,0.004,0.018,1,"C17orf105","GSE214411","Myeloid",TRUE
0.00292903203300219,-0.548544326767359,0.183,0.227,1,"TBC1D22A","GSE214411","Myeloid",TRUE
0.00292910703662641,-0.847832039324107,0.083,0.119,1,"MUM1","GSE214411","Myeloid",TRUE
0.00293888425972556,-0.797698992215116,0.008,0.024,1,"HIST1H2AG","GSE214411","Myeloid",TRUE
0.00294865552129125,-0.817289502104633,0.069,0.104,1,"PPWD1","GSE214411","Myeloid",TRUE
0.00295232001351124,-2.93802061411486,0.004,0.018,1,"PINLYP","GSE214411","Myeloid",TRUE
0.00296355727289013,1.30501351204676,0.092,0.056,1,"IRF9","GSE214411","Myeloid",TRUE
0.00296369504203896,-0.384836863956328,0.242,0.285,1,"UBE2V2","GSE214411","Myeloid",TRUE
0.00296605785374292,-0.214925677485086,0.113,0.156,1,"CDC27","GSE214411","Myeloid",TRUE
0.00298155064323937,-0.199224248876869,0.386,0.447,1,"DDX24","GSE214411","Myeloid",TRUE
0.00298465186829108,-2.74144030012573,0.004,0.018,1,"ZNF503-AS2","GSE214411","Myeloid",TRUE
0.002996104059937,-3.25364402195375,0.006,0.021,1,"DHFRL1","GSE214411","Myeloid",TRUE
0.00299653308075577,-0.618128923976354,0.027,0.052,1,"HSD17B8","GSE214411","Myeloid",TRUE
0.002999560621279,-0.234052748219761,0.213,0.26,1,"MTCH2","GSE214411","Myeloid",TRUE
0.00300380815508588,-0.387272123143677,0.096,0.136,1,"SOS1","GSE214411","Myeloid",TRUE
0.00300641234660864,-0.969589420773441,0.072,0.107,1,"RNU11","GSE214411","Myeloid",TRUE
0.00300932528210568,-1.81756695367054,0.011,0.029,1,"BRIP1","GSE214411","Myeloid",TRUE
0.00301252548273883,-0.241187231194713,0.456,0.511,1,"C11orf31","GSE214411","Myeloid",TRUE
0.00301290107487614,-1.18429504450787,0.04,0.068,1,"SLX4IP","GSE214411","Myeloid",TRUE
0.0030273082337587,-1.48843063597837,0.022,0.044,1,"NCAPH","GSE214411","Myeloid",TRUE
0.00302861287581813,0.492457077371027,0.063,0.034,1,"HS3ST3B1","GSE214411","Myeloid",TRUE
0.00303471456880836,-0.402917705057801,0.109,0.149,1,"TGS1","GSE214411","Myeloid",TRUE
0.00303684691477926,0.368898241783189,0.236,0.18,1,"SMU1","GSE214411","Myeloid",TRUE
0.00303801564963367,-0.755665211053334,0.115,0.156,1,"EXOSC8","GSE214411","Myeloid",TRUE
0.00303988452271648,-0.240741525967462,0.351,0.385,1,"NDFIP1","GSE214411","Myeloid",TRUE
0.00304156042754126,-0.974021859473903,0.028,0.053,1,"NUP43","GSE214411","Myeloid",TRUE
0.00305008830053001,-0.73287361043453,0.047,0.077,1,"DNAJC16","GSE214411","Myeloid",TRUE
0.0030551931906916,-0.516347300646771,0.024,0.049,1,"TMEM26","GSE214411","Myeloid",TRUE
0.00305893715293364,-0.888700038999487,0.066,0.101,1,"FAM175B","GSE214411","Myeloid",TRUE
0.00307306919643223,1.21205639561532,0.102,0.066,1,"MTMR3","GSE214411","Myeloid",TRUE
0.00307382563961507,-0.0995003118981059,0.1,0.141,1,"NUDT2","GSE214411","Myeloid",TRUE
0.00308556030082993,0.35449838530139,0.315,0.254,1,"MANF","GSE214411","Myeloid",TRUE
0.00308888021231603,-0.0878888341131181,0.105,0.146,1,"TRIM56","GSE214411","Myeloid",TRUE
0.0030898009010215,-0.572371216656646,0.124,0.163,1,"GPATCH2","GSE214411","Myeloid",TRUE
0.00309174235262931,-0.405682508122998,0.017,0.038,1,"DLEU7","GSE214411","Myeloid",TRUE
0.00309204934399544,-0.192672697774499,0.137,0.18,1,"EAPP","GSE214411","Myeloid",TRUE
0.00310177017976164,-1.74693010183699,0.052,0.084,1,"RAD1","GSE214411","Myeloid",TRUE
0.00310322503288555,-1.51078358422024,0.011,0.029,1,"CTD-2270L9.4","GSE214411","Myeloid",TRUE
0.00311099395692931,-0.81667751115228,0.054,0.086,1,"ADRB2","GSE214411","Myeloid",TRUE
0.00311150253527421,-0.178774740392711,0.368,0.424,1,"LAMP1","GSE214411","Myeloid",TRUE
0.00311218939490977,-0.0468845990536084,0.115,0.156,1,"CCDC57","GSE214411","Myeloid",TRUE
0.0031161590686331,-0.0507226866628696,0.056,0.089,1,"RCN3","GSE214411","Myeloid",TRUE
0.00312478401701426,-0.0595302224301513,0.536,0.608,1,"FUS","GSE214411","Myeloid",TRUE
0.0031275904787907,-1.45585020645968,0.006,0.021,1,"F2R","GSE214411","Myeloid",TRUE
0.0031371823508749,-0.770526033007334,0.04,0.069,1,"ZNF264","GSE214411","Myeloid",TRUE
0.00315994521526646,-0.156650190493472,0.318,0.373,1,"IQGAP2","GSE214411","Myeloid",TRUE
0.00316140980774229,0.303774671267755,0.235,0.304,1,"PLAU","GSE214411","Myeloid",TRUE
0.00317010363243568,-1.08696991871809,0.021,0.043,1,"ESCO2","GSE214411","Myeloid",TRUE
0.00317605291842379,-0.405963937292459,0.037,0.065,1,"SDHAF1","GSE214411","Myeloid",TRUE
0.00317658514871467,-0.871906625755826,0.029,0.054,1,"ZNF689","GSE214411","Myeloid",TRUE
0.00318025984209561,-1.13413849908633,0.011,0.029,1,"SCAMP5","GSE214411","Myeloid",TRUE
0.00319670169859595,-0.90133828390892,0.036,0.064,1,"TMEM255B","GSE214411","Myeloid",TRUE
0.00320487646807892,0.0754941401247216,0.712,0.767,1,"ZFP36","GSE214411","Myeloid",TRUE
0.00321750475246907,-0.25145413405497,0.075,0.111,1,"MED19","GSE214411","Myeloid",TRUE
0.00322104277383399,-0.0768423172396732,0.299,0.352,1,"VDAC3","GSE214411","Myeloid",TRUE
0.0032292027324401,-0.252772713948114,0.084,0.122,1,"AGPAT5","GSE214411","Myeloid",TRUE
0.00323225979376628,0.327490291247047,0.06,0.032,1,"STARD10","GSE214411","Myeloid",TRUE
0.00323663182612111,-0.817758540907712,0.037,0.065,1,"TTC31","GSE214411","Myeloid",TRUE
0.00325341784305373,-0.640366570106274,0.098,0.136,1,"TBC1D2B","GSE214411","Myeloid",TRUE
0.00326008090464834,-0.324332885496516,0.252,0.292,1,"NARS","GSE214411","Myeloid",TRUE
0.00326214744350087,-0.309102416978259,0.102,0.142,1,"ZBTB4","GSE214411","Myeloid",TRUE
0.00326784592176089,-0.166918230219848,0.356,0.401,1,"C1orf43","GSE214411","Myeloid",TRUE
0.0032723342544893,-0.623510839747815,0.011,0.029,1,"CC2D2A","GSE214411","Myeloid",TRUE
0.00327430137328369,-1.6829570973723,0.022,0.046,1,"FAM73B","GSE214411","Myeloid",TRUE
0.00327534369032759,-2.23011960747844,0.014,0.034,1,"OSGEPL1","GSE214411","Myeloid",TRUE
0.00329037391149782,-0.296942472966273,0.058,0.091,1,"NTHL1","GSE214411","Myeloid",TRUE
0.00330168793665807,-0.743606256741644,0.051,0.083,1,"SAMD4A","GSE214411","Myeloid",TRUE
0.0033025534995656,-0.995442694986207,0.014,0.034,1,"TRMT44","GSE214411","Myeloid",TRUE
0.00330844035754186,-0.40895199528682,0.018,0.039,1,"ADPRM","GSE214411","Myeloid",TRUE
0.00330933104440359,-0.797605453889559,0.072,0.107,1,"ATP11C","GSE214411","Myeloid",TRUE
0.0033175883898976,-0.652542690769483,0.058,0.091,1,"GOSR2","GSE214411","Myeloid",TRUE
0.00332297251687973,-0.413093584292227,0.128,0.168,1,"AASDHPPT","GSE214411","Myeloid",TRUE
0.00334388036568316,-0.32436749254451,0.049,0.081,1,"RRP8","GSE214411","Myeloid",TRUE
0.00335522528254906,-1.74893253617156,0.019,0.04,1,"TRPC6","GSE214411","Myeloid",TRUE
0.00335772197280144,-1.5184844115211,0.012,0.03,1,"HEXIM2","GSE214411","Myeloid",TRUE
0.00337618652602816,-0.405554457038231,0.217,0.261,1,"SMAP1","GSE214411","Myeloid",TRUE
0.00338735465700816,-0.593186323583193,0.017,0.038,1,"HBB","GSE214411","Myeloid",TRUE
0.00339859661383522,-0.940469096950636,0.072,0.107,1,"FBXO18","GSE214411","Myeloid",TRUE
0.00339899929024943,-0.0425479221049532,0.765,0.835,1,"HSPA1A","GSE214411","Myeloid",TRUE
0.00340127456901151,-0.205905428079317,0.058,0.091,1,"DPEP2","GSE214411","Myeloid",TRUE
0.00341394179126313,-1.07261795042184,0.046,0.076,1,"CENPU","GSE214411","Myeloid",TRUE
0.00342844718719991,-1.43272737844591,0.041,0.07,1,"MANBAL","GSE214411","Myeloid",TRUE
0.00344153652303513,-0.866390641660362,0.024,0.048,1,"SKP2","GSE214411","Myeloid",TRUE
0.00344823955193512,0.00392410843482183,0.154,0.2,1,"FCHO2","GSE214411","Myeloid",TRUE
0.00345025550723268,-0.11971533215709,0.166,0.211,1,"ARPC5L","GSE214411","Myeloid",TRUE
0.00346285957132755,-0.408281497035322,0.163,0.204,1,"RREB1","GSE214411","Myeloid",TRUE
0.0034640593981544,-0.860388219901308,0.047,0.077,1,"COLEC12","GSE214411","Myeloid",TRUE
0.00346996592846009,3.67735125634645,0.016,0.003,1,"PLOD2","GSE214411","Myeloid",TRUE
0.00348263987635523,-0.616614520530874,0.066,0.1,1,"TMEM144","GSE214411","Myeloid",TRUE
0.0034846074420049,-0.637526610473186,0.128,0.169,1,"ITGB5","GSE214411","Myeloid",TRUE
0.00348565013241542,-0.449309291428584,0.177,0.22,1,"ORMDL2","GSE214411","Myeloid",TRUE
0.00348777859709464,-0.254966349047973,0.137,0.179,1,"ECI2","GSE214411","Myeloid",TRUE
0.00349956143764416,-0.825537980410125,0.009,0.025,1,"LINC00893","GSE214411","Myeloid",TRUE
0.00350069047899412,-0.144912948742333,0.143,0.193,1,"ALDH1A1","GSE214411","Myeloid",TRUE
0.00351329090680931,-0.624796228071356,0.105,0.145,1,"GABPB1-AS1","GSE214411","Myeloid",TRUE
0.00351369353825675,-0.0125513905207124,0.049,0.082,1,"IL32","GSE214411","Myeloid",TRUE
0.00351843911232673,4.6594105129656,0.009,0,1,"LRRIQ3","GSE214411","Myeloid",TRUE
0.00351843911232673,5.08722087790493,0.009,0,1,"RP3-393E18.2","GSE214411","Myeloid",TRUE
0.00351843911232673,4.75510169251101,0.009,0,1,"OLFM2","GSE214411","Myeloid",TRUE
0.00352424819999075,-0.811715263741456,0.167,0.206,1,"SLC12A9","GSE214411","Myeloid",TRUE
0.00352748126869186,-0.267084033440882,0.19,0.232,1,"NSRP1","GSE214411","Myeloid",TRUE
0.00353599719241001,0.704298801735897,0.208,0.156,1,"UBR4","GSE214411","Myeloid",TRUE
0.00354736792713665,-0.7260912842015,0.066,0.1,1,"R3HCC1","GSE214411","Myeloid",TRUE
0.00355006546013422,-1.41803398906312,0.031,0.057,1,"RNF219","GSE214411","Myeloid",TRUE
0.00355765263760767,0.629313920457327,0.152,0.106,1,"TXNDC11","GSE214411","Myeloid",TRUE
0.00356287375748899,-0.272579350982361,0.03,0.055,1,"TFB2M","GSE214411","Myeloid",TRUE
0.0035645009678652,-1.27125240761402,0.009,0.025,1,"CHST10","GSE214411","Myeloid",TRUE
0.0035774721025758,-0.579591631553555,0.17,0.212,1,"TAF12","GSE214411","Myeloid",TRUE
0.00357993930850773,-0.781965834283093,0.009,0.025,1,"TCEB3-AS1","GSE214411","Myeloid",TRUE
0.00358564560230347,-3.27921251008224,0.004,0.016,1,"LCN2","GSE214411","Myeloid",TRUE
0.00358756105212512,-0.269316516007872,0.058,0.09,1,"RAB11FIP2","GSE214411","Myeloid",TRUE
0.0035954435711142,-0.563876776083687,0.066,0.101,1,"RMDN3","GSE214411","Myeloid",TRUE
0.00359691146704676,-0.616100275589105,0.056,0.088,1,"ECM1","GSE214411","Myeloid",TRUE
0.00360944699868944,0.0856272886326499,0.035,0.062,1,"GGH","GSE214411","Myeloid",TRUE
0.00361189000173067,-0.473083610066953,0.06,0.093,1,"DPH5","GSE214411","Myeloid",TRUE
0.00361529897082463,-0.950678249611253,0.096,0.133,1,"CPSF3","GSE214411","Myeloid",TRUE
0.00361673794475276,-2.5921511690635,0.004,0.016,1,"CCDC136","GSE214411","Myeloid",TRUE
0.00362040598182938,-0.360405227173458,0.022,0.046,1,"ASTE1","GSE214411","Myeloid",TRUE
0.00362300988892916,-0.0966670434335279,0.364,0.409,1,"PSMD4","GSE214411","Myeloid",TRUE
0.00362549471148368,-0.202892300730542,0.029,0.054,1,"DZIP3","GSE214411","Myeloid",TRUE
0.00363169997004709,-0.608971780591397,0.173,0.213,1,"RNF115","GSE214411","Myeloid",TRUE
0.00363719939470379,-1.59934353277065,0.066,0.099,1,"TMEM11","GSE214411","Myeloid",TRUE
0.00363938676996268,-0.19147544561967,0.27,0.315,1,"DECR1","GSE214411","Myeloid",TRUE
0.00365305782849707,0.148476163377688,0.339,0.391,1,"PPP1R10","GSE214411","Myeloid",TRUE
0.00366581757530644,-1.15516214711887,0.1,0.137,1,"SACM1L","GSE214411","Myeloid",TRUE
0.00366903554015214,0.599534228594973,0.155,0.109,1,"LENG8","GSE214411","Myeloid",TRUE
0.00367932075634085,-1.63839991466525,0.015,0.035,1,"HPS6","GSE214411","Myeloid",TRUE
0.00369272274127409,1.17491239996135,0.031,0.012,1,"PADI4","GSE214411","Myeloid",TRUE
0.00369328030096153,-0.381223092214946,0.066,0.102,1,"SLC2A5","GSE214411","Myeloid",TRUE
0.00370073397706228,-0.336745871006037,0.1,0.138,1,"BTN2A2","GSE214411","Myeloid",TRUE
0.00370363147048713,-0.429387844548039,0.334,0.371,1,"PNRC2","GSE214411","Myeloid",TRUE
0.00372680735478959,0.0288278065699243,0.048,0.023,1,"UTF1","GSE214411","Myeloid",TRUE
0.00373157720129619,-0.508665561284142,0.024,0.048,1,"LRRC14","GSE214411","Myeloid",TRUE
0.0037333324619441,-0.481916780531656,0.198,0.24,1,"LAGE3","GSE214411","Myeloid",TRUE
0.00373602663738589,-0.190461407795253,0.193,0.242,1,"PCMTD1","GSE214411","Myeloid",TRUE
0.00374039463510803,-0.668131199934453,0.075,0.108,1,"RNASEH1","GSE214411","Myeloid",TRUE
0.00375023104238934,-0.0976863107004196,0.66,0.753,1,"RHOA","GSE214411","Myeloid",TRUE
0.00375507161466446,-0.299646305576434,0.236,0.279,1,"NAGA","GSE214411","Myeloid",TRUE
0.00375682968835151,-0.414745456483064,0.047,0.076,1,"ABHD10","GSE214411","Myeloid",TRUE
0.00376041455447389,-0.24167329134316,0.225,0.267,1,"DPY30","GSE214411","Myeloid",TRUE
0.00376850558943178,-0.54534574941296,0.245,0.286,1,"VTI1B","GSE214411","Myeloid",TRUE
0.00378376207028261,-0.850559780116387,0.101,0.14,1,"PHC3","GSE214411","Myeloid",TRUE
0.00380086465176838,-0.108138107106845,0.256,0.302,1,"ST8SIA4","GSE214411","Myeloid",TRUE
0.00380353879357337,-0.0706278665312498,0.451,0.51,1,"CELF2","GSE214411","Myeloid",TRUE
0.00380936969712726,-1.32821601299031,0.015,0.035,1,"USP51","GSE214411","Myeloid",TRUE
0.0038153821775638,1.269984387388,0.071,0.041,1,"TUBB2A","GSE214411","Myeloid",TRUE
0.00381943602904692,0.834600195392716,0.286,0.229,1,"JMJD6","GSE214411","Myeloid",TRUE
0.00383923757977982,-2.12152130688865,0.007,0.022,1,"RP11-489O18.1","GSE214411","Myeloid",TRUE
0.00383938395637047,0.877437524970989,0.233,0.18,1,"NOTCH2","GSE214411","Myeloid",TRUE
0.00385973440161377,-0.100185293387809,0.043,0.072,1,"NME6","GSE214411","Myeloid",TRUE
0.00386506186597704,-0.49377781403347,0.025,0.049,1,"MYO18A","GSE214411","Myeloid",TRUE
0.00388154092762294,1.64832596848505,0.027,0.01,1,"TRIB3","GSE214411","Myeloid",TRUE
0.00388372471346605,-0.528524475682918,0.139,0.181,1,"DNAJB4","GSE214411","Myeloid",TRUE
0.00388678368254102,-0.319640015549418,0.133,0.175,1,"SLC39A3","GSE214411","Myeloid",TRUE
0.00388736484660371,-1.21074934958367,0.046,0.075,1,"SLC35B4","GSE214411","Myeloid",TRUE
0.00389811747696193,-0.754450221969116,0.171,0.21,1,"UBE2E2","GSE214411","Myeloid",TRUE
0.00389839575181845,0.702223872630781,0.15,0.106,1,"HIVEP1","GSE214411","Myeloid",TRUE
0.00390175194778903,-0.905465681772932,0.128,0.168,1,"TTC14","GSE214411","Myeloid",TRUE
0.00390661922879002,-1.35828039351462,0.007,0.022,1,"CH25H","GSE214411","Myeloid",TRUE
0.00390739044665222,-2.87596843262688,0.005,0.019,1,"AP001372.2","GSE214411","Myeloid",TRUE
0.00390739044665222,-2.04898688603904,0.005,0.019,1,"CH507-154B10.1","GSE214411","Myeloid",TRUE
0.00391150927249552,1.34463846248811,0.04,0.018,1,"SLC35E4","GSE214411","Myeloid",TRUE
0.00391183639861188,-0.250403659739771,0.226,0.266,1,"RPL7L1","GSE214411","Myeloid",TRUE
0.00391194208132507,-0.0804869949045526,0.046,0.076,1,"MAP2K6","GSE214411","Myeloid",TRUE
0.00391946476564098,0.719737678081381,0.282,0.22,1,"PPP4R2","GSE214411","Myeloid",TRUE
0.00393313715451791,0.696503139449314,0.562,0.506,1,"NOP10","GSE214411","Myeloid",TRUE
0.00393500924016421,2.05436799986828,0.023,0.007,1,"DAGLA","GSE214411","Myeloid",TRUE
0.00394030657164815,1.38220553149227,0.027,0.01,1,"ADORA2B","GSE214411","Myeloid",TRUE
0.00394233450632797,2.92160093090317,0.018,0.004,1,"CACNA1G","GSE214411","Myeloid",TRUE
0.00394797701093669,-0.311201310266326,0.136,0.177,1,"CBX5","GSE214411","Myeloid",TRUE
0.00395350219178142,0.0317512763826613,0.518,0.597,1,"HCLS1","GSE214411","Myeloid",TRUE
0.00395821274087414,-0.302000745431245,0.114,0.156,1,"LHFPL2","GSE214411","Myeloid",TRUE
0.00395922108884295,1.09786355421911,0.041,0.019,1,"AP1S3","GSE214411","Myeloid",TRUE
0.00396118521461128,-1.11462318256904,0.058,0.09,1,"DHFR","GSE214411","Myeloid",TRUE
0.00398261791774983,-1.13735307215809,0.005,0.019,1,"PLEKHA7","GSE214411","Myeloid",TRUE
0.00398767953627963,-0.740797682916301,0.005,0.019,1,"ARHGEF19","GSE214411","Myeloid",TRUE
0.003996675063315,-0.951701976654404,0.06,0.092,1,"STON2","GSE214411","Myeloid",TRUE
0.00399687563511419,-0.426784257268058,0.033,0.059,1,"TFB1M","GSE214411","Myeloid",TRUE
0.00399827601496609,0.461137370747999,0.15,0.107,1,"SESTD1","GSE214411","Myeloid",TRUE
0.00400194923497251,0.347221755378936,0.209,0.153,1,"BCL2L11","GSE214411","Myeloid",TRUE
0.00400289945659569,-1.70044828521602,0.005,0.019,1,"SMIM1","GSE214411","Myeloid",TRUE
0.00401280540023299,-0.282023510446363,0.155,0.195,1,"BFAR","GSE214411","Myeloid",TRUE
0.00401307535005364,-1.65434004413712,0.005,0.019,1,"FAM71F2","GSE214411","Myeloid",TRUE
0.00401907333182277,-4.32179988015527,0,0.007,1,"AC073046.25","GSE214411","Myeloid",TRUE
0.00401907333182277,-3.5627461114333,0,0.007,1,"CATIP","GSE214411","Myeloid",TRUE
0.00401907333182277,-3.08531192377383,0,0.007,1,"CLCN2","GSE214411","Myeloid",TRUE
0.00401907333182277,-3.47629090332051,0,0.007,1,"RP11-793H13.3","GSE214411","Myeloid",TRUE
0.00401907333182277,-5.15991311582693,0,0.007,1,"ADAMTS7","GSE214411","Myeloid",TRUE
0.00401907333182277,-3.33798613179433,0,0.007,1,"ZNF208","GSE214411","Myeloid",TRUE
0.00402225515070517,-0.722870022036914,0.038,0.065,1,"ICK","GSE214411","Myeloid",TRUE
0.00402915157524257,0.366373553902226,0.572,0.576,1,"PKM","GSE214411","Myeloid",TRUE
0.00403145142240407,-0.969649791144703,0.013,0.031,1,"FAXDC2","GSE214411","Myeloid",TRUE
0.00403337444293471,0.748158110069064,0.103,0.067,1,"CRTC2","GSE214411","Myeloid",TRUE
0.00405594996447017,-0.140079643561094,0.248,0.294,1,"NEMF","GSE214411","Myeloid",TRUE
0.00406522349326657,2.82231093935005,0.023,0.007,1,"RP11-706O15.1","GSE214411","Myeloid",TRUE
0.00407415159479981,-0.447238049515307,0.032,0.058,1,"MYNN","GSE214411","Myeloid",TRUE
0.00407740862498423,-0.208992155976549,0.234,0.283,1,"CAMLG","GSE214411","Myeloid",TRUE
0.00407742084201697,0.490105539844889,0.179,0.129,1,"TYK2","GSE214411","Myeloid",TRUE
0.00407868838322259,-1.80780423854981,0.021,0.042,1,"ZNF891","GSE214411","Myeloid",TRUE
0.00409097590677223,0.706249678948467,0.06,0.033,1,"RP11-373D23.3","GSE214411","Myeloid",TRUE
0.00409956711371265,0.449606383562762,0.208,0.157,1,"USP12","GSE214411","Myeloid",TRUE
0.00410089249769633,-1.31739077214608,0.041,0.069,1,"PTPRO","GSE214411","Myeloid",TRUE
0.00410244111702199,0.0836998577669699,0.426,0.478,1,"ATPIF1","GSE214411","Myeloid",TRUE
0.00411848323161654,2.914467718056,0.02,0.005,1,"TIGD3","GSE214411","Myeloid",TRUE
0.00413281875336376,-0.645578341317082,0.025,0.049,1,"HGH1","GSE214411","Myeloid",TRUE
0.00413444812856181,0.997078545107287,0.025,0.008,1,"TEX14","GSE214411","Myeloid",TRUE
0.00413843639614802,-0.585218326268542,0.161,0.204,1,"GOSR1","GSE214411","Myeloid",TRUE
0.00414448126967188,-1.10692189916786,0.016,0.036,1,"ICA1L","GSE214411","Myeloid",TRUE
0.00414813003949749,-2.24541192093113,0.013,0.031,1,"TLN2","GSE214411","Myeloid",TRUE
0.00417844442195233,0.211511503316548,0.809,0.86,1,"ARPC3","GSE214411","Myeloid",TRUE
0.00418157047491572,-0.590406168556927,0.033,0.059,1,"CDC23","GSE214411","Myeloid",TRUE
0.0041825110084729,-0.975016149737781,0.054,0.085,1,"TMEM39B","GSE214411","Myeloid",TRUE
0.00419196310053718,0.712323983731728,0.084,0.052,1,"TMEM184B","GSE214411","Myeloid",TRUE
0.00420238224261859,0.214642626940782,0.084,0.12,1,"NINJ2","GSE214411","Myeloid",TRUE
0.00421224579541798,-1.79242182230694,0.01,0.026,1,"NAPEPLD","GSE214411","Myeloid",TRUE
0.0042166065736532,-0.832754355337171,0.01,0.026,1,"KIF27","GSE214411","Myeloid",TRUE
0.00421827748944465,-0.177401377264172,0.074,0.109,1,"RNF125","GSE214411","Myeloid",TRUE
0.00423935772479902,-0.262022981726732,0.252,0.293,1,"PIN1","GSE214411","Myeloid",TRUE
0.00425717813032137,-1.36164835379142,0.037,0.064,1,"PDK2","GSE214411","Myeloid",TRUE
0.00428116350793592,-0.936058523667677,0.107,0.143,1,"PLBD2","GSE214411","Myeloid",TRUE
0.00428213115616905,0.554791584891012,0.282,0.219,1,"DIAPH1","GSE214411","Myeloid",TRUE
0.00428380139673809,-0.369330767282653,0.147,0.189,1,"KIAA1109","GSE214411","Myeloid",TRUE
0.00428969002708761,-1.1121030236672,0.022,0.043,1,"ENKD1","GSE214411","Myeloid",TRUE
0.0042932944482041,-0.360296066123726,0.052,0.083,1,"CUEDC1","GSE214411","Myeloid",TRUE
0.00429379601202873,-0.757198014288821,0.06,0.092,1,"NUDCD3","GSE214411","Myeloid",TRUE
0.00429782914992578,-0.703582236492516,0.162,0.204,1,"APOBEC3C","GSE214411","Myeloid",TRUE
0.00430293576168758,0.994218347683623,0.107,0.07,1,"TMEM43","GSE214411","Myeloid",TRUE
0.00432431121531468,-0.629345902457939,0.157,0.198,1,"VPS25","GSE214411","Myeloid",TRUE
0.00433910468035897,-0.364612400168355,0.19,0.232,1,"GAS6","GSE214411","Myeloid",TRUE
0.00434466338681019,-0.461756016684099,0.202,0.246,1,"TOX4","GSE214411","Myeloid",TRUE
0.00435227131623919,-0.445449095253453,0.155,0.196,1,"ARRDC1","GSE214411","Myeloid",TRUE
0.00435754755533472,0.813517304287868,0.192,0.143,1,"TFDP1","GSE214411","Myeloid",TRUE
0.0043606630132387,0.594811424619193,0.212,0.158,1,"GPR132","GSE214411","Myeloid",TRUE
0.00436213193339812,-0.101874893349171,0.214,0.264,1,"FBXL5","GSE214411","Myeloid",TRUE
0.004364854228359,-0.64733817742415,0.235,0.276,1,"SRM","GSE214411","Myeloid",TRUE
0.00436605769896913,-0.248030904525454,0.276,0.318,1,"TBCB","GSE214411","Myeloid",TRUE
0.00436672189809299,-0.789445675784664,0.079,0.113,1,"PSMG4","GSE214411","Myeloid",TRUE
0.00437082946049606,-2.28231852674859,0.003,0.014,1,"HIST1H2AH","GSE214411","Myeloid",TRUE
0.00439698944728331,0.515100319985227,0.298,0.24,1,"CYB5D1","GSE214411","Myeloid",TRUE
0.00440306341237828,0.854546683543131,0.108,0.071,1,"PIGA","GSE214411","Myeloid",TRUE
0.00440732224489888,-1.23700879270635,0.038,0.065,1,"C19orf52","GSE214411","Myeloid",TRUE
0.00440908213825465,-0.499419732219877,0.046,0.075,1,"TMEM168","GSE214411","Myeloid",TRUE
0.00440948922780905,-0.408934543670363,0.153,0.195,1,"URI1","GSE214411","Myeloid",TRUE
0.00441730056795083,-0.806290933198739,0.025,0.049,1,"RP11-334C17.5","GSE214411","Myeloid",TRUE
0.00442615670828442,-0.884587682072624,0.087,0.123,1,"CH17-340M24.3","GSE214411","Myeloid",TRUE
0.00442841642271908,-0.637623078218963,0.037,0.064,1,"PRR4","GSE214411","Myeloid",TRUE
0.00442920206913925,-0.276380865598018,0.341,0.382,1,"GADD45GIP1","GSE214411","Myeloid",TRUE
0.00447672557655306,-0.157031801439214,0.221,0.264,1,"PLCB2","GSE214411","Myeloid",TRUE
0.00447938542908746,-0.974257581395999,0.022,0.043,1,"CASC5","GSE214411","Myeloid",TRUE
0.00448276206551433,-0.0134323286632794,0.207,0.154,1,"FAM102B","GSE214411","Myeloid",TRUE
0.00448308561589894,-0.298928967653456,0.175,0.217,1,"REST","GSE214411","Myeloid",TRUE
0.00449165393370542,-0.877969409597044,0.013,0.032,1,"LINC00294","GSE214411","Myeloid",TRUE
0.00452128235083128,0.151735642264395,0.8,0.897,1,"GAPDH","GSE214411","Myeloid",TRUE
0.00452661961913833,-0.686444341790307,0.116,0.155,1,"ALDH3B1","GSE214411","Myeloid",TRUE
0.00453765105775474,0.707394277372477,0.423,0.362,1,"C16orf72","GSE214411","Myeloid",TRUE
0.00453808598862828,0.697462416626483,0.038,0.017,1,"MFI2","GSE214411","Myeloid",TRUE
0.00455271140451818,-0.575068434780965,0.016,0.036,1,"CDCA3","GSE214411","Myeloid",TRUE
0.00455329591354351,0.0374486764051178,0.107,0.147,1,"MGLL","GSE214411","Myeloid",TRUE
0.00456861616443194,-0.446686765425766,0.217,0.255,1,"MRPL55","GSE214411","Myeloid",TRUE
0.00457321365142813,-0.248853997597668,0.439,0.478,1,"EIF3D","GSE214411","Myeloid",TRUE
0.004579600175395,-0.386337746997271,0.323,0.362,1,"CHMP4A","GSE214411","Myeloid",TRUE
0.00458230415674384,3.86185601991351,0.013,0.002,1,"TKTL1","GSE214411","Myeloid",TRUE
0.00458393615537815,0.505051318607571,0.645,0.679,1,"PCBP1","GSE214411","Myeloid",TRUE
0.00459445044402098,-2.39500654473407,0.014,0.033,1,"KLHDC7B","GSE214411","Myeloid",TRUE
0.00460695600597555,-0.0706496819420013,0.137,0.182,1,"REXO2","GSE214411","Myeloid",TRUE
0.00461365123547705,-1.26191374674435,0.011,0.028,1,"CDCA2","GSE214411","Myeloid",TRUE
0.00461929839020176,0.71235915809891,0.298,0.247,1,"FNDC3B","GSE214411","Myeloid",TRUE
0.00462005824636273,-0.392736603119581,0.066,0.099,1,"TTBK2","GSE214411","Myeloid",TRUE
0.00463021376562156,-1.91893870626039,0.008,0.023,1,"RP11-1391J7.1","GSE214411","Myeloid",TRUE
0.00463021376562156,-2.22580314268464,0.008,0.023,1,"NANP","GSE214411","Myeloid",TRUE
0.00463956006969732,0.779872240914831,0.436,0.392,1,"GK","GSE214411","Myeloid",TRUE
0.00464044673776551,-0.027835919795506,0.008,0.023,1,"ZNF485","GSE214411","Myeloid",TRUE
0.0046410185437655,-0.421790941704649,0.118,0.161,1,"RCAN1","GSE214411","Myeloid",TRUE
0.0046425083412914,-0.0871389013134833,0.554,0.627,1,"SRRM2","GSE214411","Myeloid",TRUE
0.00465138482237732,-0.144978606281443,0.366,0.401,1,"RBMX","GSE214411","Myeloid",TRUE
0.00465154848079423,-0.405995096288347,0.013,0.032,1,"ZNF383","GSE214411","Myeloid",TRUE
0.00465705635641124,-0.0139168455436742,0.247,0.293,1,"ZNF292","GSE214411","Myeloid",TRUE
0.00466436885700545,0.36384375587726,0.168,0.123,1,"TUBB6","GSE214411","Myeloid",TRUE
0.00466917671836084,1.39659672520091,0.232,0.186,1,"CLEC12A","GSE214411","Myeloid",TRUE
0.00467488019849822,-0.357449409233464,0.171,0.213,1,"SLC25A36","GSE214411","Myeloid",TRUE
0.00469272626001041,-2.09793142887618,0.023,0.046,1,"DARS2","GSE214411","Myeloid",TRUE
0.00469273983447076,-0.831596306156389,0.054,0.084,1,"MARVELD1","GSE214411","Myeloid",TRUE
0.0046965199722487,-0.183244864959243,0.119,0.159,1,"FMR1","GSE214411","Myeloid",TRUE
0.00469742128817296,-0.10404370369971,0.549,0.589,1,"SOCS3","GSE214411","Myeloid",TRUE
0.0047012664895545,-0.262678937579726,0.027,0.051,1,"RNASEL","GSE214411","Myeloid",TRUE
0.00472160541123327,-0.0721430096104865,0.201,0.254,1,"SOX4","GSE214411","Myeloid",TRUE
0.00473986676324886,-0.168241045936172,0.19,0.231,1,"CORO7","GSE214411","Myeloid",TRUE
0.00474934251850218,-0.25732822725691,0.113,0.153,1,"COQ4","GSE214411","Myeloid",TRUE
0.00476148986757993,0.387440769799886,0.033,0.059,1,"MMP2","GSE214411","Myeloid",TRUE
0.00476953502230671,-0.138690808649075,0.055,0.087,1,"PDGFC","GSE214411","Myeloid",TRUE
0.00478211254122858,-0.691454939385137,0.178,0.219,1,"PHACTR4","GSE214411","Myeloid",TRUE
0.00479106368385544,0.0503213303951386,0.191,0.237,1,"FNDC3A","GSE214411","Myeloid",TRUE
0.00479333066526361,-0.559400775038458,0.018,0.038,1,"ZG16B","GSE214411","Myeloid",TRUE
0.00479516157851958,-0.0868496077213892,0.155,0.197,1,"THUMPD1","GSE214411","Myeloid",TRUE
0.00480641226979953,-0.397784850812505,0.2,0.237,1,"ETHE1","GSE214411","Myeloid",TRUE
0.00481366779066459,-0.722115781054095,0.038,0.065,1,"NFRKB","GSE214411","Myeloid",TRUE
0.00481480547305222,-0.54964546923753,0.119,0.159,1,"PAFAH1B3","GSE214411","Myeloid",TRUE
0.00485091206082556,-0.659157718202641,0.03,0.054,1,"PRMT7","GSE214411","Myeloid",TRUE
0.0048678804247738,-0.671838244019597,0.06,0.092,1,"ABHD14A","GSE214411","Myeloid",TRUE
0.00487168032990075,-0.141136639820757,0.094,0.13,1,"NFU1","GSE214411","Myeloid",TRUE
0.00487358085687786,-2.77241338998923,0.006,0.02,1,"CHADL","GSE214411","Myeloid",TRUE
0.00488683979328847,-0.207544136932168,0.429,0.485,1,"KIF5B","GSE214411","Myeloid",TRUE
0.00489944947975933,-4.23045186924323,0.002,0.012,1,"SDC1","GSE214411","Myeloid",TRUE
0.00492713566480983,-1.12694536895584,0.023,0.046,1,"DHX57","GSE214411","Myeloid",TRUE
0.00493202091178664,-1.14864632109677,0.011,0.028,1,"ZNF181","GSE214411","Myeloid",TRUE
0.00493551395889728,0.342611071158586,0.158,0.114,1,"PID1","GSE214411","Myeloid",TRUE
0.00493990249685031,2.58943750670023,0.045,0.022,1,"RP5-906C1.1","GSE214411","Myeloid",TRUE
0.00494096246004763,-2.58514591877261,0.002,0.012,1,"C15orf52","GSE214411","Myeloid",TRUE
0.00494284245329894,-0.393856340433615,0.206,0.248,1,"BCL7C","GSE214411","Myeloid",TRUE
0.00495765653574274,-2.25546377642464,0.002,0.012,1,"CCR10","GSE214411","Myeloid",TRUE
0.00496602268783943,-2.64213965467606,0.002,0.012,1,"RP11-701P16.2","GSE214411","Myeloid",TRUE
0.0049677673966919,-1.49410650116075,0.042,0.07,1,"MAN1C1","GSE214411","Myeloid",TRUE
0.004968169293532,-0.2411209001197,0.555,0.621,1,"SON","GSE214411","Myeloid",TRUE
0.00496856994071694,-0.266235993271869,0.135,0.176,1,"POGZ","GSE214411","Myeloid",TRUE
0.00497503789827346,-0.486387563521123,0.267,0.311,1,"BLVRA","GSE214411","Myeloid",TRUE
0.00497861764550121,-0.659472947462691,0.099,0.135,1,"OGFOD3","GSE214411","Myeloid",TRUE
0.00498279330547036,-0.310060215312142,0.002,0.012,1,"EME1","GSE214411","Myeloid",TRUE
0.00498879712501934,0.475006299034134,0.1,0.066,1,"PDE8A","GSE214411","Myeloid",TRUE
0.004989635869265,-4.29654016074012,0.001,0.01,1,"PLA2G2D","GSE214411","Myeloid",TRUE
0.004989635869265,-5.05767544905833,0.001,0.01,1,"AGAP1","GSE214411","Myeloid",TRUE
0.004989635869265,-3.04334843758979,0.001,0.01,1,"AC110615.1","GSE214411","Myeloid",TRUE
0.004989635869265,-3.32442367492793,0.001,0.01,1,"BACH1-AS1","GSE214411","Myeloid",TRUE
0.00500265846433382,-1.3269101519597,0.018,0.038,1,"CENPA","GSE214411","Myeloid",TRUE
0.00500882955267148,-3.33303378972415,0.001,0.01,1,"UFSP1","GSE214411","Myeloid",TRUE
0.00501845140710051,-4.34119564164423,0.001,0.01,1,"CTD-2366F13.1","GSE214411","Myeloid",TRUE
0.00502015283814455,-0.0435725579001763,0.361,0.409,1,"BSG","GSE214411","Myeloid",TRUE
0.005034306425617,-0.659148175570094,0.065,0.096,1,"ZC3H4","GSE214411","Myeloid",TRUE
0.00503567536525672,-0.581566776831406,0.109,0.145,1,"CD180","GSE214411","Myeloid",TRUE
0.00503774526787373,-3.8158310109304,0.001,0.01,1,"TMEM169","GSE214411","Myeloid",TRUE
0.0050574353589132,-0.0185667710220728,0.47,0.533,1,"CLEC7A","GSE214411","Myeloid",TRUE
0.00506681181914666,-2.12068926626076,0.001,0.01,1,"UBXN10","GSE214411","Myeloid",TRUE
0.00506681181914666,-2.07831730688449,0.001,0.01,1,"CCDC141","GSE214411","Myeloid",TRUE
0.00506681181914666,-2.1093724457575,0.001,0.01,1,"AMDHD1","GSE214411","Myeloid",TRUE
0.00506681181914666,-1.16849475672704,0.001,0.01,1,"MACROD2","GSE214411","Myeloid",TRUE
0.00508781412841197,-0.131906938344029,0.162,0.2,1,"MRPL16","GSE214411","Myeloid",TRUE
0.00510954296778878,-0.412639410177997,0.182,0.227,1,"DNAJC1","GSE214411","Myeloid",TRUE
0.00511002713126036,-0.206180174404612,0.181,0.222,1,"SETD2","GSE214411","Myeloid",TRUE
0.00511679793988911,-0.974022217643335,0.075,0.108,1,"DNAJC9","GSE214411","Myeloid",TRUE
0.00514106693723511,-0.188159933979705,0.119,0.161,1,"CXorf38","GSE214411","Myeloid",TRUE
0.00514322661939228,-0.286730835494777,0.077,0.112,1,"SNX11","GSE214411","Myeloid",TRUE
0.00517566203407458,-1.03578960998736,0.014,0.033,1,"GIN1","GSE214411","Myeloid",TRUE
0.00518027302234323,-0.993575481461287,0.014,0.033,1,"ZNF320","GSE214411","Myeloid",TRUE
0.00518723733345224,1.63684389724465,0.034,0.015,1,"TNFRSF10A","GSE214411","Myeloid",TRUE
0.0051889819989102,1.31803171546887,0.088,0.056,1,"SLC7A1","GSE214411","Myeloid",TRUE
0.00519690247394722,-1.81414275851236,0.004,0.017,1,"ZNF684","GSE214411","Myeloid",TRUE
0.00522030759723455,-0.16465406670922,0.583,0.671,1,"UQCRH","GSE214411","Myeloid",TRUE
0.00522248433026836,-0.444069212291449,0.181,0.224,1,"HEBP1","GSE214411","Myeloid",TRUE
0.00523069304261829,0.397613470567145,0.641,0.697,1,"ANXA1","GSE214411","Myeloid",TRUE
0.00523996559451418,-0.232291308481817,0.383,0.436,1,"AKAP9","GSE214411","Myeloid",TRUE
0.00524761898999357,-0.148613731384726,0.528,0.614,1,"GPR183","GSE214411","Myeloid",TRUE
0.00525027350580165,-0.444130868698182,0.125,0.164,1,"TMEM18","GSE214411","Myeloid",TRUE
0.00525061479776111,-2.35914785947634,0.009,0.024,1,"PRUNE2","GSE214411","Myeloid",TRUE
0.00525382155972552,-0.401682963979894,0.248,0.293,1,"GPRIN3","GSE214411","Myeloid",TRUE
0.00525643467218986,-0.615080200105778,0.156,0.195,1,"DCTPP1","GSE214411","Myeloid",TRUE
0.00525939932591989,-0.186367992159434,0.077,0.111,1,"SLC2A8","GSE214411","Myeloid",TRUE
0.00526372180832983,-1.35663890368116,0.056,0.086,1,"IFT74","GSE214411","Myeloid",TRUE
0.00526806855346489,-1.07247318898651,0.04,0.066,1,"NVL","GSE214411","Myeloid",TRUE
0.00527010045876956,-0.565770588125211,0.137,0.175,1,"PPP2R4","GSE214411","Myeloid",TRUE
0.00527320299124932,2.06922925001961,0.062,0.035,1,"HSH2D","GSE214411","Myeloid",TRUE
0.00530373655548632,0.865127452326884,0.036,0.016,1,"GLT1D1","GSE214411","Myeloid",TRUE
0.00532293799208842,0.603580654602775,0.367,0.312,1,"EWSR1","GSE214411","Myeloid",TRUE
0.00533393579979177,0.190303524224801,0.084,0.121,1,"CDKN2AIP","GSE214411","Myeloid",TRUE
0.00534115508426021,0.801560422359171,0.03,0.012,1,"RNF139-AS1","GSE214411","Myeloid",TRUE
0.00536177954694036,-0.444619959316875,0.126,0.165,1,"GBA","GSE214411","Myeloid",TRUE
0.00536775280745147,-0.904031508698024,0.06,0.091,1,"PPFIBP2","GSE214411","Myeloid",TRUE
0.00536845855062876,-0.341140970581006,0.238,0.282,1,"TRPS1","GSE214411","Myeloid",TRUE
0.00537973505723549,-0.600252495807535,0.157,0.196,1,"FOXN2","GSE214411","Myeloid",TRUE
0.00538470031140901,0.812021682483509,0.276,0.22,1,"NEDD9","GSE214411","Myeloid",TRUE
0.00538575345459351,-1.49077305758955,0.052,0.081,1,"ZNF688","GSE214411","Myeloid",TRUE
0.00541523785853256,1.56522508047176,0.028,0.011,1,"RARG","GSE214411","Myeloid",TRUE
0.00544222682192959,-0.542861807395897,0.056,0.086,1,"HPS4","GSE214411","Myeloid",TRUE
0.00545359679215143,0.424030334964006,0.109,0.073,1,"MTHFD2L","GSE214411","Myeloid",TRUE
0.00546551895225981,-0.544027395270128,0.009,0.024,1,"ETV7","GSE214411","Myeloid",TRUE
0.00546672119578521,1.25658599378845,0.161,0.118,1,"R3HDM4","GSE214411","Myeloid",TRUE
0.0054701295988288,-0.394973229981067,0.165,0.202,1,"UTP18","GSE214411","Myeloid",TRUE
0.00547412472142107,-1.13283267128885,0.012,0.029,1,"CCDC142","GSE214411","Myeloid",TRUE
0.00547673618393915,0.82300206003394,0.099,0.064,1,"RNGTT","GSE214411","Myeloid",TRUE
0.00550147451282878,0.436041122953812,0.336,0.275,1,"TMED5","GSE214411","Myeloid",TRUE
0.00550195962723141,-0.47338228241232,0.131,0.169,1,"ITFG1","GSE214411","Myeloid",TRUE
0.0055028125569781,-1.73798673221877,0.019,0.039,1,"SETD4","GSE214411","Myeloid",TRUE
0.00550787253649773,-0.311411561114995,0.025,0.048,1,"PIK3R3","GSE214411","Myeloid",TRUE
0.00552052098417982,-0.219779704151238,0.114,0.154,1,"TFAM","GSE214411","Myeloid",TRUE
0.00552099536269463,0.380753605292262,0.19,0.141,1,"MPHOSPH6","GSE214411","Myeloid",TRUE
0.00552408699836373,-0.510954245318446,0.057,0.087,1,"WDR7","GSE214411","Myeloid",TRUE
0.00552827840365341,-0.017858154483406,0.033,0.058,1,"RP11-141B14.1","GSE214411","Myeloid",TRUE
0.0055355028056203,-0.79276594075534,0.057,0.087,1,"CDK5RAP1","GSE214411","Myeloid",TRUE
0.00555048372116319,-0.551288811824751,0.086,0.121,1,"RPRD2","GSE214411","Myeloid",TRUE
0.00555122419714152,-0.0438667189087298,0.546,0.609,1,"ARPC4","GSE214411","Myeloid",TRUE
0.00559325226031201,0.242435254297185,0.065,0.037,1,"GOLM1","GSE214411","Myeloid",TRUE
0.00559577917180745,-0.582538691118264,0.172,0.211,1,"TMEM107","GSE214411","Myeloid",TRUE
0.00559708051512155,-0.901502014191947,0.034,0.059,1,"ERV3-1","GSE214411","Myeloid",TRUE
0.00559917043469149,-0.325792315586996,0.032,0.057,1,"NIF3L1","GSE214411","Myeloid",TRUE
0.00561020641164361,-0.283985758644342,0.03,0.054,1,"HMMR","GSE214411","Myeloid",TRUE
0.00563155007379988,0.846950323638773,0.125,0.086,1,"SEC24A","GSE214411","Myeloid",TRUE
0.00563673738329867,-0.342379360120855,0.07,0.103,1,"FAM58A","GSE214411","Myeloid",TRUE
0.00564150593881529,3.42968913248246,0.008,0,1,"CRLF2","GSE214411","Myeloid",TRUE
0.00564150593881529,4.8125965667651,0.008,0,1,"NCCRP1","GSE214411","Myeloid",TRUE
0.00565337211365996,0.587498421497617,0.295,0.237,1,"FAM129A","GSE214411","Myeloid",TRUE
0.00566434655152578,-1.60234280603177,0.027,0.05,1,"RP11-4B16.4","GSE214411","Myeloid",TRUE
0.00566955386306791,-0.340518260675323,0.174,0.216,1,"TRIOBP","GSE214411","Myeloid",TRUE
0.00567834223631199,-0.370518227875601,0.106,0.143,1,"C6orf1","GSE214411","Myeloid",TRUE
0.00567953551930702,-0.174272655528618,0.025,0.048,1,"HARS2","GSE214411","Myeloid",TRUE
0.00568555305943349,-0.191305670519271,0.378,0.408,1,"LSM3","GSE214411","Myeloid",TRUE
0.00569999777255737,-0.486476235111042,0.192,0.231,1,"ELOVL1","GSE214411","Myeloid",TRUE
0.0057198015743042,-0.484493890499508,0.035,0.06,1,"FPGT","GSE214411","Myeloid",TRUE
0.00572583865542738,0.538708904073995,0.597,0.614,1,"ATP2B1","GSE214411","Myeloid",TRUE
0.00573300133620318,0.365734910710118,0.268,0.327,1,"COL1A2","GSE214411","Myeloid",TRUE
0.00574024572889196,-1.09277473723119,0.034,0.059,1,"ATG9A","GSE214411","Myeloid",TRUE
0.00575056445756551,-0.27712632037638,0.221,0.258,1,"ZRANB2","GSE214411","Myeloid",TRUE
0.00576493849440917,-0.605140531058351,0.02,0.04,1,"NEIL2","GSE214411","Myeloid",TRUE
0.00577202338262234,-2.26301801544928,0.013,0.03,1,"IQCD","GSE214411","Myeloid",TRUE
0.00577826525979432,-0.456741436773799,0.127,0.164,1,"ST6GAL1","GSE214411","Myeloid",TRUE
0.00579294689155499,0.167369614217548,0.244,0.289,1,"RALBP1","GSE214411","Myeloid",TRUE
0.00581151347595422,-0.477332867040958,0.063,0.094,1,"TMEM106B","GSE214411","Myeloid",TRUE
0.00582758341100174,0.63491189176925,0.195,0.146,1,"CLIC4","GSE214411","Myeloid",TRUE
0.00582884669724114,-0.615031054489226,0.14,0.177,1,"ZBTB8OS","GSE214411","Myeloid",TRUE
0.00583756515665025,-0.730317909781185,0.046,0.074,1,"WDR5","GSE214411","Myeloid",TRUE
0.00585168234367606,-1.01970633526531,0.063,0.094,1,"TECPR1","GSE214411","Myeloid",TRUE
0.00586571807368435,-0.765059876995507,0.173,0.212,1,"TOMM40","GSE214411","Myeloid",TRUE
0.00587347599999359,2.85413875470358,0.022,0.007,1,"RP11-519G16.5","GSE214411","Myeloid",TRUE
0.00587493950868642,-1.17978246130344,0.013,0.03,1,"DZIP1L","GSE214411","Myeloid",TRUE
0.00587703177314945,0.634302540951834,0.106,0.07,1,"UBASH3B","GSE214411","Myeloid",TRUE
0.0058783187009,0.710413194473795,0.382,0.321,1,"AC090498.1","GSE214411","Myeloid",TRUE
0.00589695174526047,0.290047394387321,0.322,0.257,1,"RPN1","GSE214411","Myeloid",TRUE
0.00589847747627849,2.63467291391652,0.022,0.007,1,"SFN","GSE214411","Myeloid",TRUE
0.00592553557186978,-0.322692982137516,0.199,0.237,1,"VPS51","GSE214411","Myeloid",TRUE
0.0059275675263694,-0.246064487926739,0.034,0.059,1,"GTPBP3","GSE214411","Myeloid",TRUE
0.00594600309559794,-0.283887410849064,0.365,0.401,1,"PSMA3","GSE214411","Myeloid",TRUE
0.00596425372432701,-0.291774765602633,0.102,0.137,1,"IGFLR1","GSE214411","Myeloid",TRUE
0.00597172130079354,0.392839302432719,0.323,0.257,1,"UFM1","GSE214411","Myeloid",TRUE
0.00597685441224014,-1.03202600259545,0.036,0.061,1,"POLD1","GSE214411","Myeloid",TRUE
0.00597932137692315,2.35318293793256,0.017,0.004,1,"RP1-40E16.12","GSE214411","Myeloid",TRUE
0.00600343194098875,-0.39603445671673,0.12,0.158,1,"PLOD3","GSE214411","Myeloid",TRUE
0.00601289757520013,-0.371230220931475,0.311,0.346,1,"NDUFA6","GSE214411","Myeloid",TRUE
0.00601367438725573,-0.513237816676448,0.136,0.173,1,"DKC1","GSE214411","Myeloid",TRUE
0.00603072406884608,-0.886463620635542,0.016,0.035,1,"ORC5","GSE214411","Myeloid",TRUE
0.00603503688755619,0.0654673387616178,0.045,0.073,1,"LRRCC1","GSE214411","Myeloid",TRUE
0.00604344551078099,-0.143977132812688,0.453,0.51,1,"MGAT1","GSE214411","Myeloid",TRUE
0.00605111108265405,-0.262624697762867,0.124,0.163,1,"DEF8","GSE214411","Myeloid",TRUE
0.00605435280262556,0.0113621158111097,0.192,0.238,1,"SPOP","GSE214411","Myeloid",TRUE
0.00605977821827958,-0.755646505741614,0.046,0.073,1,"C16orf70","GSE214411","Myeloid",TRUE
0.00606333842714444,2.24267173370294,0.022,0.007,1,"AGR3","GSE214411","Myeloid",TRUE
0.00606979111523635,-0.136311947817056,0.834,0.934,1,"PTMA","GSE214411","Myeloid",TRUE
0.00608152073008389,-0.389099019430263,0.212,0.253,1,"MRPS18C","GSE214411","Myeloid",TRUE
0.0060854498077029,-2.17816959471131,0.007,0.021,1,"AC005253.2","GSE214411","Myeloid",TRUE
0.00608733987251189,0.335500743016298,0.155,0.201,1,"HCAR2","GSE214411","Myeloid",TRUE
0.00608964471723217,-1.03211385898512,0.04,0.066,1,"ATG4A","GSE214411","Myeloid",TRUE
0.00609574296774404,0.0189050338266963,0.091,0.128,1,"GCSH","GSE214411","Myeloid",TRUE
0.00611103723300827,-0.0593212691550851,0.067,0.101,1,"APOL2","GSE214411","Myeloid",TRUE
0.00611964952347384,-0.427656676138535,0.013,0.03,1,"NAIF1","GSE214411","Myeloid",TRUE
0.00611978387605424,0.459836581485884,0.233,0.181,1,"RNF139","GSE214411","Myeloid",TRUE
0.00612191398594212,-0.0901587099734051,0.537,0.599,1,"QKI","GSE214411","Myeloid",TRUE
0.00612226046940602,-0.437389454723645,0.095,0.131,1,"FEM1B","GSE214411","Myeloid",TRUE
0.00613594867780444,0.961327032125082,0.079,0.049,1,"TRIP10","GSE214411","Myeloid",TRUE
0.00615599982502348,-0.311480652975055,0.026,0.049,1,"ZFP62","GSE214411","Myeloid",TRUE
0.00619752266813355,-0.64228922912051,0.095,0.131,1,"UCHL5","GSE214411","Myeloid",TRUE
0.00619923623480407,-0.46766566083837,0.067,0.1,1,"THAP7","GSE214411","Myeloid",TRUE
0.00619972688421144,-1.34422751720081,0.025,0.048,1,"C12orf29","GSE214411","Myeloid",TRUE
0.00620514837973935,-0.928062364562705,0.013,0.03,1,"LL22NC03-86G7.1","GSE214411","Myeloid",TRUE
0.00621305594980099,1.362100264459,0.058,0.032,1,"RAI1","GSE214411","Myeloid",TRUE
0.00621688819867679,-0.042532683621898,0.208,0.25,1,"NUDT5","GSE214411","Myeloid",TRUE
0.00623029715268944,-0.877599866300682,0.021,0.041,1,"C1S","GSE214411","Myeloid",TRUE
0.00623332153282372,-0.96598683135948,0.113,0.147,1,"DPM2","GSE214411","Myeloid",TRUE
0.00623819369401248,-1.19534003984732,0.041,0.068,1,"RP11-452F19.3","GSE214411","Myeloid",TRUE
0.00624246939690507,-1.35060043895229,0.022,0.042,1,"RP11-12G12.7","GSE214411","Myeloid",TRUE
0.00625257509096918,-1.9585530946275,0.007,0.021,1,"F8A3","GSE214411","Myeloid",TRUE
0.00625257509096918,-2.77808625359593,0.007,0.021,1,"SKA3","GSE214411","Myeloid",TRUE
0.00626366374438727,-0.609951885256265,0.223,0.264,1,"AP3D1","GSE214411","Myeloid",TRUE
0.00626370081052987,-3.03670896773893,0.004,0.015,1,"HSD11B1","GSE214411","Myeloid",TRUE
0.00626514901061941,0.618273938746173,0.128,0.088,1,"MMP9","GSE214411","Myeloid",TRUE
0.00628014559702335,-0.863969961589405,0.022,0.042,1,"MRO","GSE214411","Myeloid",TRUE
0.00628674313741608,-1.11651622952963,0.017,0.036,1,"CREB3L4","GSE214411","Myeloid",TRUE
0.00629420295033217,-0.460104332777113,0.084,0.118,1,"GPR82","GSE214411","Myeloid",TRUE
0.00630020378803792,-0.936761604487838,0.04,0.066,1,"TMEM129","GSE214411","Myeloid",TRUE
0.00630424372544414,-0.687731462615254,0.09,0.125,1,"ZCCHC8","GSE214411","Myeloid",TRUE
0.00631096835672457,-1.16084980818328,0.016,0.035,1,"PMS2","GSE214411","Myeloid",TRUE
0.00632092674678544,0.222676693626046,0.066,0.097,1,"FAM134C","GSE214411","Myeloid",TRUE
0.00634017358331656,-0.692684429438746,0.038,0.064,1,"RMI1","GSE214411","Myeloid",TRUE
0.0063532573838133,0.0114729019279742,0.324,0.365,1,"GALNT1","GSE214411","Myeloid",TRUE
0.00635588042940262,-1.06897650507836,0.112,0.147,1,"BRD3","GSE214411","Myeloid",TRUE
0.00635602908964361,0.494464073486296,0.547,0.712,1,"HLA-DQA1","GSE214411","Myeloid",TRUE
0.00637883449797739,0.11773562441177,0.004,0.015,1,"ZNF554","GSE214411","Myeloid",TRUE
0.00639325321542839,-0.0921073400007803,0.288,0.331,1,"CYTH4","GSE214411","Myeloid",TRUE
0.00639559122555769,-0.318529826969292,0.222,0.26,1,"SMIM7","GSE214411","Myeloid",TRUE
0.00639608072445598,-0.0812460448059658,0.323,0.371,1,"SYK","GSE214411","Myeloid",TRUE
0.00639715827782191,0.112624759719029,0.073,0.106,1,"CEP135","GSE214411","Myeloid",TRUE
0.00639940858574433,0.334018756708454,0.103,0.144,1,"SERPINH1","GSE214411","Myeloid",TRUE
0.00640357054413046,0.0456530463619034,0.191,0.239,1,"CPNE1","GSE214411","Myeloid",TRUE
0.00640576933081943,-0.752932707449257,0.043,0.07,1,"MCPH1","GSE214411","Myeloid",TRUE
0.00641907928454275,-0.139857799514617,0.022,0.043,1,"AC109826.1","GSE214411","Myeloid",TRUE
0.0064231421538232,-0.481081235155822,0.173,0.211,1,"PLEKHM2","GSE214411","Myeloid",TRUE
0.00643887176874536,-0.575104435611451,0.135,0.171,1,"KRCC1","GSE214411","Myeloid",TRUE
0.00644048778615476,0.607086826904058,0.176,0.13,1,"SDE2","GSE214411","Myeloid",TRUE
0.00644161517992041,-2.09880649270788,0.004,0.015,1,"RAD54B","GSE214411","Myeloid",TRUE
0.00644296200549295,-1.36087455854917,0.034,0.058,1,"FTCDNL1","GSE214411","Myeloid",TRUE
0.00645090892142932,-0.534089647998162,0.031,0.054,1,"MFSD5","GSE214411","Myeloid",TRUE
0.00645438533662203,-2.71798161066947,0.005,0.018,1,"CCBL1","GSE214411","Myeloid",TRUE
0.00646639797521085,0.482839737862765,0.058,0.032,1,"CCZ1B","GSE214411","Myeloid",TRUE
0.00647792649869785,0.934629508828571,0.037,0.017,1,"TRGV5","GSE214411","Myeloid",TRUE
0.00653500993108685,-0.239423798426518,0.394,0.441,1,"RPL22L1","GSE214411","Myeloid",TRUE
0.00655792393456885,-0.449242603618389,0.023,0.044,1,"MSANTD4","GSE214411","Myeloid",TRUE
0.00656924562947081,-0.225610650971873,0.407,0.449,1,"CAPNS1","GSE214411","Myeloid",TRUE
0.00657317623532682,-0.279321433003798,0.318,0.354,1,"FAM50A","GSE214411","Myeloid",TRUE
0.00657554697991363,0.976087909122538,0.089,0.058,1,"FLNB","GSE214411","Myeloid",TRUE
0.00658043555979162,0.13787201078286,0.172,0.216,1,"ZCCHC6","GSE214411","Myeloid",TRUE
0.00662070185353583,-0.107568275270141,0.19,0.231,1,"COA3","GSE214411","Myeloid",TRUE
0.00663105204207355,-0.239882855076619,0.353,0.383,1,"LSM4","GSE214411","Myeloid",TRUE
0.00663816345769999,-1.16081523808388,0.01,0.025,1,"ZNF18","GSE214411","Myeloid",TRUE
0.00665146400143701,-0.874587978898997,0.104,0.14,1,"OPA3","GSE214411","Myeloid",TRUE
0.00665687920186786,0.146550916871963,0.217,0.262,1,"IDH1","GSE214411","Myeloid",TRUE
0.00666325764440058,-0.689592366919937,0.066,0.096,1,"DOCK7","GSE214411","Myeloid",TRUE
0.00667971795255194,0.561404772892094,0.463,0.428,1,"GNA13","GSE214411","Myeloid",TRUE
0.00668496441217449,-0.817890552542234,0.01,0.025,1,"KRBA1","GSE214411","Myeloid",TRUE
0.00669793063286486,-0.102814182123424,0.54,0.584,1,"COX6A1","GSE214411","Myeloid",TRUE
0.00671938715246142,-0.151232176889319,0.04,0.066,1,"ZBTB41","GSE214411","Myeloid",TRUE
0.00672411006938039,-0.316731554957339,0.187,0.227,1,"PLEKHJ1","GSE214411","Myeloid",TRUE
0.00673135468126635,-0.00490602607344126,0.005,0.018,1,"CTD-2350C19.2","GSE214411","Myeloid",TRUE
0.00673950602082678,0.0317284387950362,0.446,0.498,1,"NFKBID","GSE214411","Myeloid",TRUE
0.00674732517155113,-0.320929237023984,0.115,0.154,1,"FCGR1B","GSE214411","Myeloid",TRUE
0.00675062575499708,-0.120846610247738,0.086,0.122,1,"MAVS","GSE214411","Myeloid",TRUE
0.00675907750340796,-0.42645645350684,0.029,0.052,1,"MFSD8","GSE214411","Myeloid",TRUE
0.00676356747452431,-0.583804687637516,0.048,0.075,1,"ADO","GSE214411","Myeloid",TRUE
0.00676434634684134,0.627069046278584,0.254,0.307,1,"CREBRF","GSE214411","Myeloid",TRUE
0.0067687330623115,-0.433519527309129,0.076,0.109,1,"DPF2","GSE214411","Myeloid",TRUE
0.00677255922679582,-0.950012660653235,0.049,0.076,1,"TKFC","GSE214411","Myeloid",TRUE
0.00677262502023387,-0.439450886762515,0.181,0.22,1,"CDC123","GSE214411","Myeloid",TRUE
0.00678395917695209,-1.01299922719799,0.022,0.043,1,"NUF2","GSE214411","Myeloid",TRUE
0.00679410075411405,-0.229320115066139,0.542,0.614,1,"DNAJB6","GSE214411","Myeloid",TRUE
0.0067980493453299,-1.21178141939459,0.037,0.061,1,"CAPN10","GSE214411","Myeloid",TRUE
0.00679805694774146,-0.77903669017009,0.005,0.018,1,"LDB2","GSE214411","Myeloid",TRUE
0.00682145051184103,-0.394524725456846,0.156,0.196,1,"CD2BP2","GSE214411","Myeloid",TRUE
0.00686542395211359,-0.150457763990682,0.196,0.235,1,"LMBRD1","GSE214411","Myeloid",TRUE
0.00686738395492345,-1.35409347519118,0.018,0.037,1,"UNG","GSE214411","Myeloid",TRUE
0.00687236420535044,0.377289058358179,0.034,0.059,1,"PRR5L","GSE214411","Myeloid",TRUE
0.00687618355157754,-0.525037925842158,0.141,0.181,1,"MDFIC","GSE214411","Myeloid",TRUE
0.00687664340708051,-0.0189324111587147,0.399,0.441,1,"DYNLT1","GSE214411","Myeloid",TRUE
0.00689805762612668,0.272986315611849,0.281,0.219,1,"ACOT9","GSE214411","Myeloid",TRUE
0.00689864552203051,-0.53919905337583,0.055,0.085,1,"GXYLT1","GSE214411","Myeloid",TRUE
0.0069197396762406,-0.230268935850297,0.03,0.053,1,"SAP130","GSE214411","Myeloid",TRUE
0.00693446362733148,-0.625006957932316,0.029,0.052,1,"TMEM161B","GSE214411","Myeloid",TRUE
0.00694669408342705,0.66538241680093,0.157,0.117,1,"GADD45A","GSE214411","Myeloid",TRUE
0.00694695115142692,-0.358395779908111,0.191,0.232,1,"UPF2","GSE214411","Myeloid",TRUE
0.00696053049845185,-0.969672053624257,0.022,0.043,1,"LANCL1","GSE214411","Myeloid",TRUE
0.00696086486188365,-0.479648474881976,0.064,0.094,1,"ABHD8","GSE214411","Myeloid",TRUE
0.00697215953988395,-1.9747106970068,0.011,0.026,1,"FIZ1","GSE214411","Myeloid",TRUE
0.00697813822889134,0.180290746562158,0.869,0.903,1,"MT-ND2","GSE214411","Myeloid",TRUE
0.006980441003313,0.26195339221093,0.305,0.356,1,"ADAR","GSE214411","Myeloid",TRUE
0.00698230390233961,-1.20352077503056,0.055,0.084,1,"MCM6","GSE214411","Myeloid",TRUE
0.00699414116756069,-0.131016854461871,0.013,0.031,1,"CIT","GSE214411","Myeloid",TRUE
0.00700696732174155,-0.505135641023442,0.228,0.267,1,"PQBP1","GSE214411","Myeloid",TRUE
0.0070189774155927,0.455402349200626,0.149,0.107,1,"DOT1L","GSE214411","Myeloid",TRUE
0.00702501218878739,0.0685340826895298,0.457,0.513,1,"HN1","GSE214411","Myeloid",TRUE
0.00702771669676252,-0.904895396019927,0.102,0.138,1,"UQCC3","GSE214411","Myeloid",TRUE
0.00703197100582813,-0.537648674504337,0.088,0.122,1,"PRKRIP1","GSE214411","Myeloid",TRUE
0.00703748864526596,-0.290188618291614,0.474,0.52,1,"ZNF331","GSE214411","Myeloid",TRUE
0.00704120514705659,-0.196001328117868,0.086,0.12,1,"HDAC5","GSE214411","Myeloid",TRUE
0.0070882992436284,-1.06660860384113,0.083,0.115,1,"PLCL2","GSE214411","Myeloid",TRUE
0.00710617758350843,0.268436626156001,0.036,0.061,1,"FDX1L","GSE214411","Myeloid",TRUE
0.00712843961963928,-0.0688218003264371,0.181,0.222,1,"SRPK2","GSE214411","Myeloid",TRUE
0.00713639245811856,-0.854535113658654,0.049,0.077,1,"ORC3","GSE214411","Myeloid",TRUE
0.00716757275951174,0.205398280934138,0.142,0.1,1,"RHOF","GSE214411","Myeloid",TRUE
0.00716928501896088,2.04275234353509,0.04,0.019,1,"CRIM1","GSE214411","Myeloid",TRUE
0.00718303569533255,-0.540635240031833,0.253,0.296,1,"SENP6","GSE214411","Myeloid",TRUE
0.00719225349337342,-0.696094296656879,0.074,0.105,1,"DENND6B","GSE214411","Myeloid",TRUE
0.00719249308028167,-0.319913119615405,0.09,0.124,1,"CTDSPL2","GSE214411","Myeloid",TRUE
0.00720362250418278,-0.681100637905968,0.164,0.203,1,"RSRC1","GSE214411","Myeloid",TRUE
0.0072136684231231,-0.322690860324018,0.065,0.096,1,"PWWP2A","GSE214411","Myeloid",TRUE
0.00723129675361394,-0.576394992601505,0.045,0.072,1,"SPIRE1","GSE214411","Myeloid",TRUE
0.00723725651971478,-0.531061846966065,0.173,0.216,1,"OAS1","GSE214411","Myeloid",TRUE
0.00724122165807116,-0.964466333196844,0.058,0.086,1,"RIOK2","GSE214411","Myeloid",TRUE
0.00724677298429254,0.561445151598811,0.316,0.258,1,"YTHDF3","GSE214411","Myeloid",TRUE
0.00727027340363045,-0.0474972547107633,0.627,0.692,1,"HINT1","GSE214411","Myeloid",TRUE
0.0072750558571924,-0.437340675633074,0.132,0.169,1,"RASSF1","GSE214411","Myeloid",TRUE
0.00727643021171421,-1.12650977393973,0.039,0.064,1,"PCNXL2","GSE214411","Myeloid",TRUE
0.00728684387621016,0.919356442365944,0.186,0.141,1,"EGLN1","GSE214411","Myeloid",TRUE
0.00729663955896149,0.583799319381922,0.192,0.143,1,"PPTC7","GSE214411","Myeloid",TRUE
0.00729729067881449,0.536731504816632,0.049,0.025,1,"LINC01481","GSE214411","Myeloid",TRUE
0.00730130937014157,-0.334585986263177,0.023,0.044,1,"PCDH12","GSE214411","Myeloid",TRUE
0.00731445428247888,-0.892391395518555,0.014,0.032,1,"SETMAR","GSE214411","Myeloid",TRUE
0.00731554412592664,-0.140638158325404,0.031,0.055,1,"SPRYD4","GSE214411","Myeloid",TRUE
0.00731792901552265,-0.30887824791972,0.345,0.383,1,"IDH3G","GSE214411","Myeloid",TRUE
0.00733702951974433,0.379125909681367,0.148,0.105,1,"PPP1R12C","GSE214411","Myeloid",TRUE
0.00736112654310251,-2.32605691566013,0.011,0.026,1,"RAD51","GSE214411","Myeloid",TRUE
0.0073699133467142,0.26206208590558,0.181,0.133,1,"NXF1","GSE214411","Myeloid",TRUE
0.00737433822972298,0.335499582497005,0.022,0.043,1,"YTHDF3-AS1","GSE214411","Myeloid",TRUE
0.00738039139320109,-0.00841165444565073,0.673,0.771,1,"NPM1","GSE214411","Myeloid",TRUE
0.00738444511296907,-1.38590162399787,0.013,0.031,1,"TMEM186","GSE214411","Myeloid",TRUE
0.00740910822491177,-0.28044525822737,0.259,0.302,1,"SPATS2L","GSE214411","Myeloid",TRUE
0.00743259847016498,0.2341988822963,0.011,0.026,1,"ZNF629","GSE214411","Myeloid",TRUE
0.00745322400037981,-0.283161486522039,0.181,0.226,1,"FLI1","GSE214411","Myeloid",TRUE
0.00745501070939896,-0.38054677336797,0.14,0.18,1,"DDX42","GSE214411","Myeloid",TRUE
0.00746856731477385,-1.78009396392768,0.011,0.026,1,"DET1","GSE214411","Myeloid",TRUE
0.00748778139065529,-0.417421468159358,0.088,0.122,1,"RENBP","GSE214411","Myeloid",TRUE
0.00751597199187665,2.14277061139705,0.027,0.011,1,"RASL11A","GSE214411","Myeloid",TRUE
0.00754474795799727,-0.722762314662986,0.068,0.1,1,"METTL2B","GSE214411","Myeloid",TRUE
0.00756544099478072,0.515355263501913,0.196,0.15,1,"PLEC","GSE214411","Myeloid",TRUE
0.00756720625368121,-1.63827597707725,0.008,0.022,1,"SEC31B","GSE214411","Myeloid",TRUE
0.00757941982948762,-0.895915728150361,0.014,0.032,1,"FAM200A","GSE214411","Myeloid",TRUE
0.00760644398959906,1.22163877768073,0.055,0.031,1,"CSRP2","GSE214411","Myeloid",TRUE
0.00763940098819958,-0.153122848636423,0.379,0.426,1,"MYO1F","GSE214411","Myeloid",TRUE
0.00765719195626069,-4.02022412198963,0.003,0.013,1,"FRS3","GSE214411","Myeloid",TRUE
0.00769827503343697,-0.397803420082762,0.084,0.117,1,"C8orf76","GSE214411","Myeloid",TRUE
0.00770733787270612,-0.56983324912555,0.186,0.226,1,"CLN8","GSE214411","Myeloid",TRUE
0.00771150327479108,-0.62381975740572,0.168,0.206,1,"ABHD12","GSE214411","Myeloid",TRUE
0.00771497031059018,-2.76096210001829,0.003,0.013,1,"TICAM2","GSE214411","Myeloid",TRUE
0.00772387173168954,-0.405114960269736,0.141,0.18,1,"EVI5","GSE214411","Myeloid",TRUE
0.00774750384642166,-0.594107023866122,0.03,0.053,1,"GJA1","GSE214411","Myeloid",TRUE
0.00775216005821322,-0.0214175991995046,0.266,0.316,1,"IGFBP7","GSE214411","Myeloid",TRUE
0.00775474813619736,-3.12341115368584,0,0.006,1,"RP11-160H22.3","GSE214411","Myeloid",TRUE
0.00775474813619736,-3.53143196757176,0,0.006,1,"RP11-342I1.2","GSE214411","Myeloid",TRUE
0.00775474813619736,-3.65657896320426,0,0.006,1,"FOXD1","GSE214411","Myeloid",TRUE
0.00775474813619736,-2.92184801623705,0,0.006,1,"PNLDC1","GSE214411","Myeloid",TRUE
0.00775474813619736,-3.03683472108715,0,0.006,1,"RP3-428L16.2","GSE214411","Myeloid",TRUE
0.00775474813619736,-4.97556816890098,0,0.006,1,"RP11-1E4.1","GSE214411","Myeloid",TRUE
0.00775474813619736,-2.97770329793462,0,0.006,1,"AC145124.2","GSE214411","Myeloid",TRUE
0.00775474813619736,-2.47297760748697,0,0.006,1,"LINC01451","GSE214411","Myeloid",TRUE
0.00775474813619736,-3.44102807376822,0,0.006,1,"LA16c-349E10.1","GSE214411","Myeloid",TRUE
0.00775474813619736,-3.36167661691774,0,0.006,1,"RP11-303E16.6","GSE214411","Myeloid",TRUE
0.00775474813619736,-3.34385662223318,0,0.006,1,"SEL1L2","GSE214411","Myeloid",TRUE
0.00775474813619736,-3.73209056840072,0,0.006,1,"RP3-522P13.3","GSE214411","Myeloid",TRUE
0.00777965486585206,-0.0633491650436402,0.315,0.357,1,"TCEA1","GSE214411","Myeloid",TRUE
0.00778583629185479,0.01927514270881,0.182,0.225,1,"RAB13","GSE214411","Myeloid",TRUE
0.00781854090217485,-0.269409677054204,0.162,0.2,1,"TMEM126B","GSE214411","Myeloid",TRUE
0.00782172626899666,-1.00472832054359,0.092,0.126,1,"RPS6KB1","GSE214411","Myeloid",TRUE
0.00783948216806439,-0.429741643083492,0.112,0.147,1,"NSMCE4A","GSE214411","Myeloid",TRUE
0.00784346009033321,-1.93448453844848,0.003,0.013,1,"SYT6","GSE214411","Myeloid",TRUE
0.0078616357449899,-0.52132870762725,0.106,0.142,1,"MAGED2","GSE214411","Myeloid",TRUE
0.00786753310535929,-0.0953134397351096,0.534,0.619,1,"RBM3","GSE214411","Myeloid",TRUE
0.00786990563124285,-0.624442032740371,0.067,0.099,1,"CEP290","GSE214411","Myeloid",TRUE
0.00787056329090921,-1.14926894025402,0.024,0.046,1,"RBBP9","GSE214411","Myeloid",TRUE
0.00788490808972898,0.676073714591963,0.072,0.044,1,"SLC16A6","GSE214411","Myeloid",TRUE
0.00788559557748263,-0.187571375932291,0.118,0.154,1,"RHOT2","GSE214411","Myeloid",TRUE
0.0078860463235642,-0.716816795657073,0.026,0.048,1,"ZNF780B","GSE214411","Myeloid",TRUE
0.00789326058851419,-0.113019174736168,0.053,0.083,1,"MORN2","GSE214411","Myeloid",TRUE
0.00789913523793323,-0.519605583130479,0.084,0.118,1,"TMEM138","GSE214411","Myeloid",TRUE
0.00790590604535278,-0.203483221664748,0.027,0.049,1,"SPHK2","GSE214411","Myeloid",TRUE
0.00792910486119913,0.758630849790576,0.233,0.18,1,"MEF2D","GSE214411","Myeloid",TRUE
0.00793715636211538,-0.295947501715434,0.078,0.109,1,"TMEM175","GSE214411","Myeloid",TRUE
0.0079408374957821,-0.788713012437787,0.062,0.092,1,"CASP10","GSE214411","Myeloid",TRUE
0.00795001042854112,-0.757136281210487,0.003,0.013,1,"ZNF788","GSE214411","Myeloid",TRUE
0.00797120961310001,-0.121658423501043,0.031,0.055,1,"HIST2H2BE","GSE214411","Myeloid",TRUE
0.00797404687113823,-1.20221441950622,0.076,0.108,1,"LACTB2","GSE214411","Myeloid",TRUE
0.00798110945879668,-2.32128609531721,0.006,0.019,1,"C22orf34","GSE214411","Myeloid",TRUE
0.00798996437524696,-1.77196131220755,0.035,0.059,1,"TAF6L","GSE214411","Myeloid",TRUE
0.00800899545338563,-3.10910369270699,0.006,0.019,1,"NKAPL","GSE214411","Myeloid",TRUE
0.00801009514686258,-0.391832155096842,0.192,0.23,1,"FAM32A","GSE214411","Myeloid",TRUE
0.0080273594013069,-1.41309601964012,0.02,0.039,1,"PEX14","GSE214411","Myeloid",TRUE
0.00804398935441475,-0.155319931476602,0.472,0.523,1,"MPEG1","GSE214411","Myeloid",TRUE
0.00806629210907451,-0.706993263351438,0.042,0.069,1,"BNC2","GSE214411","Myeloid",TRUE
0.00808248930267197,-1.41835306153686,0.049,0.075,1,"CENPN","GSE214411","Myeloid",TRUE
0.00808361165640166,0.45261835947569,0.377,0.442,1,"NCF1","GSE214411","Myeloid",TRUE
0.0080860012550444,1.0693485260816,0.055,0.031,1,"ADGRE3","GSE214411","Myeloid",TRUE
0.00808821454748593,0.181819901257352,0.066,0.099,1,"FARP1","GSE214411","Myeloid",TRUE
0.00808911855387391,-0.939792132537056,0.037,0.061,1,"CTSF","GSE214411","Myeloid",TRUE
0.00809430925622426,0.327195180151572,0.234,0.182,1,"UBQLN1","GSE214411","Myeloid",TRUE
0.00809497013491764,-1.13933458178636,0.02,0.039,1,"PCGF6","GSE214411","Myeloid",TRUE
0.00809991388596212,0.325162987685692,0.631,0.638,1,"HNRNPK","GSE214411","Myeloid",TRUE
0.00810887971070445,-0.578095217914163,0.015,0.033,1,"TMTC4","GSE214411","Myeloid",TRUE
0.00811732484420886,-0.183970788274717,0.18,0.217,1,"NSD1","GSE214411","Myeloid",TRUE
0.00812159456297549,-0.283242372170902,0.065,0.095,1,"MCCC2","GSE214411","Myeloid",TRUE
0.00812833793268427,-0.288928104387317,0.123,0.159,1,"PANK2","GSE214411","Myeloid",TRUE
0.00813084554645919,-2.08207498428458,0.006,0.019,1,"ZNF222","GSE214411","Myeloid",TRUE
0.00813805497320829,-0.879088002506702,0.058,0.087,1,"UHRF1BP1","GSE214411","Myeloid",TRUE
0.00813953977040446,-0.464190619758811,0.081,0.113,1,"TATDN3","GSE214411","Myeloid",TRUE
0.00814426705127183,0.00284792874384299,0.515,0.567,1,"TLN1","GSE214411","Myeloid",TRUE
0.00814855857763316,0.537843859879311,0.058,0.088,1,"CLDN7","GSE214411","Myeloid",TRUE
0.00815885131915955,1.32488991753383,0.025,0.01,1,"GLIS3","GSE214411","Myeloid",TRUE
0.00816522622609126,-0.444938123406459,0.156,0.193,1,"ADSL","GSE214411","Myeloid",TRUE
0.00817783214508704,-1.27911710243104,0.055,0.083,1,"SMUG1","GSE214411","Myeloid",TRUE
0.00819293055902675,0.0803451987469472,0.863,0.905,1,"OAZ1","GSE214411","Myeloid",TRUE
0.00819760295639279,0.424098777563861,0.474,0.405,1,"SF1","GSE214411","Myeloid",TRUE
0.00821025960360401,-0.000989222970836423,0.423,0.462,1,"MYDGF","GSE214411","Myeloid",TRUE
0.00821194267604275,-1.55397844426788,0.015,0.033,1,"PKMYT1","GSE214411","Myeloid",TRUE
0.00822409435151942,-0.622098667562807,0.214,0.247,1,"MPG","GSE214411","Myeloid",TRUE
0.00822918825009655,-0.0939618222438909,0.121,0.158,1,"LTN1","GSE214411","Myeloid",TRUE
0.00823018336825429,-2.29540305377203,0.016,0.034,1,"VWA8","GSE214411","Myeloid",TRUE
0.00823219631277087,-0.654336005316335,0.034,0.058,1,"MKRN2","GSE214411","Myeloid",TRUE
0.0082363460392346,-0.839240662759395,0.102,0.136,1,"RFNG","GSE214411","Myeloid",TRUE
0.0082445862954557,-0.533315563185183,0.11,0.145,1,"POLD4","GSE214411","Myeloid",TRUE
0.00826045999831999,-0.580718823930692,0.147,0.186,1,"GPS1","GSE214411","Myeloid",TRUE
0.00827697761326104,-1.59030248782193,0.012,0.028,1,"CDCA8","GSE214411","Myeloid",TRUE
0.00829275976911231,-0.993732699218441,0.034,0.058,1,"EXOSC2","GSE214411","Myeloid",TRUE
0.00829615020166818,-0.49254745059746,0.117,0.153,1,"C15orf57","GSE214411","Myeloid",TRUE
0.00830011550939242,-1.99328663615364,0.012,0.028,1,"RP11-536K7.3","GSE214411","Myeloid",TRUE
0.00832071712909883,-0.555521701906108,0.025,0.047,1,"DONSON","GSE214411","Myeloid",TRUE
0.00832154903815087,-1.99318946950973,0.006,0.019,1,"ZNF717","GSE214411","Myeloid",TRUE
0.00832936541755919,0.474711458148371,0.392,0.349,1,"SLC43A2","GSE214411","Myeloid",TRUE
0.00833118840516058,-0.953390250409443,0.006,0.019,1,"ZNF74","GSE214411","Myeloid",TRUE
0.00833524002953354,-0.387644378291084,0.177,0.214,1,"GINM1","GSE214411","Myeloid",TRUE
0.00835925568797692,-0.0490036754723748,0.26,0.299,1,"C1D","GSE214411","Myeloid",TRUE
0.00836360457840966,-0.565534610307542,0.027,0.049,1,"HCFC2","GSE214411","Myeloid",TRUE
0.00838048346379521,-0.0556502703278787,0.169,0.212,1,"FAM198B","GSE214411","Myeloid",TRUE
0.00838879016689125,0.112459403001265,0.09,0.125,1,"ZC3H14","GSE214411","Myeloid",TRUE
0.00839227525349131,0.118727033395516,0.08,0.114,1,"ODF2L","GSE214411","Myeloid",TRUE
0.00840511736347605,-0.755446650115042,0.064,0.094,1,"FLAD1","GSE214411","Myeloid",TRUE
0.00840854208918531,-2.05183002265262,0.009,0.023,1,"ZNF35","GSE214411","Myeloid",TRUE
0.00840961958697898,-0.45213539189752,0.049,0.077,1,"CNRIP1","GSE214411","Myeloid",TRUE
0.00841308165641926,0.944772047395766,0.023,0.008,1,"ACKR3","GSE214411","Myeloid",TRUE
0.00841334270775767,0.258680891026995,0.101,0.068,1,"NRGN","GSE214411","Myeloid",TRUE
0.00841839322420845,-1.31773559785995,0.006,0.019,1,"ZNRD1-AS1","GSE214411","Myeloid",TRUE
0.00842295913715358,-0.940968267137313,0.026,0.048,1,"SPATA7","GSE214411","Myeloid",TRUE
0.00842873780622454,-0.555277539528163,0.083,0.115,1,"APPBP2","GSE214411","Myeloid",TRUE
0.00844661626136538,0.154977037288941,0.079,0.112,1,"STAM2","GSE214411","Myeloid",TRUE
0.00846719230314765,0.146994413057535,0.006,0.019,1,"GGT5","GSE214411","Myeloid",TRUE
0.00847267085693973,0.421281962213475,0.14,0.101,1,"FURIN","GSE214411","Myeloid",TRUE
0.00847943717187956,-0.0507137238131756,0.012,0.028,1,"POLQ","GSE214411","Myeloid",TRUE
0.00848382473137823,-0.885221194329645,0.066,0.095,1,"GCHFR","GSE214411","Myeloid",TRUE
0.00849266189689037,-0.258089640516818,0.143,0.181,1,"RCN2","GSE214411","Myeloid",TRUE
0.00852129228975918,0.734782504843627,0.622,0.615,1,"TXN","GSE214411","Myeloid",TRUE
0.00852460186300056,-0.366813718745951,0.059,0.089,1,"RNF34","GSE214411","Myeloid",TRUE
0.00852804933081699,0.683444835938349,0.024,0.046,1,"FAM120B","GSE214411","Myeloid",TRUE
0.00854796065908184,-0.263388706169322,0.233,0.271,1,"MRPS7","GSE214411","Myeloid",TRUE
0.00854892103063537,-0.365592015702599,0.315,0.36,1,"SDF2L1","GSE214411","Myeloid",TRUE
0.0085691909903415,-0.519443737010361,0.094,0.126,1,"NUDT14","GSE214411","Myeloid",TRUE
0.0085962728732641,3.94950060738816,0.016,0.004,1,"CCL17","GSE214411","Myeloid",TRUE
0.00860136081688916,-2.27900430984691,0.004,0.016,1,"AC005082.12","GSE214411","Myeloid",TRUE
0.00860873082511798,-0.572259139735042,0.02,0.039,1,"TMEM62","GSE214411","Myeloid",TRUE
0.00861079348414806,-0.294582847375231,0.028,0.05,1,"EXOG","GSE214411","Myeloid",TRUE
0.00865053764820037,-0.259074882947216,0.373,0.412,1,"CKS2","GSE214411","Myeloid",TRUE
0.00865692745494127,-2.77201158447277,0.004,0.016,1,"NFYC-AS1","GSE214411","Myeloid",TRUE
0.0086680792078053,-1.80545278975569,0.004,0.016,1,"ACVR2B","GSE214411","Myeloid",TRUE
0.00866978932847221,0.547011538333413,0.495,0.461,1,"BAZ1A","GSE214411","Myeloid",TRUE
0.00867498547506179,-0.295009377193962,0.027,0.049,1,"DNAJC24","GSE214411","Myeloid",TRUE
0.00867575184360857,-0.248466513689084,0.134,0.169,1,"MRPS25","GSE214411","Myeloid",TRUE
0.00867870802148719,-2.19863778471345,0.013,0.029,1,"RP11-262H14.3","GSE214411","Myeloid",TRUE
0.00868206036361848,-0.925518260404557,0.016,0.034,1,"POMT1","GSE214411","Myeloid",TRUE
0.00868528296479073,-0.0553109037322913,0.31,0.347,1,"CHMP5","GSE214411","Myeloid",TRUE
0.00869822554957467,-0.0188982549688507,0.343,0.409,1,"ATP1B1","GSE214411","Myeloid",TRUE
0.00869959420557232,-0.277568404521645,0.543,0.6,1,"CYCS","GSE214411","Myeloid",TRUE
0.00870792863614312,0.465919941899769,0.189,0.142,1,"NCSTN","GSE214411","Myeloid",TRUE
0.00871171996956735,-0.348956558181588,0.195,0.233,1,"PRDX4","GSE214411","Myeloid",TRUE
0.0087185382863249,-1.40927038258964,0.012,0.028,1,"PSRC1","GSE214411","Myeloid",TRUE
0.00873126132454608,-0.524328057571808,0.225,0.261,1,"MRPL11","GSE214411","Myeloid",TRUE
0.00873141991214941,-0.414673288581422,0.184,0.224,1,"EMC4","GSE214411","Myeloid",TRUE
0.00874650164558473,0.139661398874377,0.004,0.016,1,"RNF144A","GSE214411","Myeloid",TRUE
0.00875502521475349,1.58422050482943,0.022,0.007,1,"PLXNA2","GSE214411","Myeloid",TRUE
0.00876392010007116,-1.26193435357696,0.031,0.053,1,"ELAC1","GSE214411","Myeloid",TRUE
0.0087725061959143,4.52460117339015,0.01,0.001,1,"KCNK1","GSE214411","Myeloid",TRUE
0.00877719153784617,-0.926593298847421,0.009,0.023,1,"ANOS1","GSE214411","Myeloid",TRUE
0.0087834280221596,-0.195810378618928,0.359,0.395,1,"NDUFAB1","GSE214411","Myeloid",TRUE
0.00879236370199768,0.0816780499850374,0.259,0.299,1,"FAM53C","GSE214411","Myeloid",TRUE
0.00879302777661096,-0.735029531171548,0.049,0.075,1,"DNAJC30","GSE214411","Myeloid",TRUE
0.00879643924611534,-1.10489553971844,0.12,0.153,1,"ISCA2","GSE214411","Myeloid",TRUE
0.00881331042609979,-0.95880881934948,0.056,0.084,1,"ELAC2","GSE214411","Myeloid",TRUE
0.00882307634082449,0.814676587896738,0.023,0.008,1,"MTRNR2L12","GSE214411","Myeloid",TRUE
0.00882516173025165,-0.243969341811283,0.168,0.209,1,"ST3GAL1","GSE214411","Myeloid",TRUE
0.00886443605759797,2.35627081282505,0.022,0.007,1,"CLCF1","GSE214411","Myeloid",TRUE
0.00886829345246352,-0.353988363343731,0.076,0.108,1,"MAN2B2","GSE214411","Myeloid",TRUE
0.008868345438587,-0.176897040088505,0.241,0.283,1,"GGA1","GSE214411","Myeloid",TRUE
0.0088700357062673,-0.0696999132944076,0.132,0.172,1,"PDS5B","GSE214411","Myeloid",TRUE
0.00887060310029324,-0.852634542009929,0.028,0.05,1,"PEX1","GSE214411","Myeloid",TRUE
0.00888241614941843,-1.10424145924468,0.004,0.016,1,"ACOT4","GSE214411","Myeloid",TRUE
0.00889989881956048,-1.07981203434776,0.028,0.05,1,"RABEPK","GSE214411","Myeloid",TRUE
0.00890416649761042,2.21850091755294,0.01,0.001,1,"MMP10","GSE214411","Myeloid",TRUE
0.00892049376959924,-0.825360012286557,0.041,0.067,1,"VPS33A","GSE214411","Myeloid",TRUE
0.00892715158791262,-1.36773707969298,0.016,0.034,1,"C11orf63","GSE214411","Myeloid",TRUE
0.00894447079157402,0.334843273947191,0.135,0.094,1,"SAMD8","GSE214411","Myeloid",TRUE
0.0089490711724728,-1.71012130905583,0.016,0.034,1,"PRMT6","GSE214411","Myeloid",TRUE
0.00896324662790811,-3.72529571476229,0.002,0.011,1,"PPP1R32","GSE214411","Myeloid",TRUE
0.0089641523452537,-0.574513252533711,0.226,0.266,1,"C17orf89","GSE214411","Myeloid",TRUE
0.00897807125376223,-3.75251396858292,0.002,0.011,1,"RP11-793H13.11","GSE214411","Myeloid",TRUE
0.00899431837933636,-0.314833400812291,0.02,0.039,1,"ZNF273","GSE214411","Myeloid",TRUE
0.00899473046068562,-0.226083500333252,0.135,0.172,1,"ERLEC1","GSE214411","Myeloid",TRUE
0.00900273029733402,0.605278521230013,0.363,0.317,1,"WARS","GSE214411","Myeloid",TRUE
0.00900778621023696,-2.61525646130263,0.002,0.011,1,"TRIM16L","GSE214411","Myeloid",TRUE
0.00901147805278288,-0.148740680920191,0.338,0.374,1,"RAP2B","GSE214411","Myeloid",TRUE
0.00902157412926331,0.556659031925274,0.324,0.27,1,"USP36","GSE214411","Myeloid",TRUE
0.00903098485488919,-0.328031685478232,0.182,0.22,1,"RPS6KB2","GSE214411","Myeloid",TRUE
0.00906819902642176,1.54389856502976,0.022,0.007,1,"PPFIBP1","GSE214411","Myeloid",TRUE
0.00907680165509,-0.92524970115802,0.094,0.126,1,"HMGXB3","GSE214411","Myeloid",TRUE
0.00907787919571169,-0.0869781366409982,0.257,0.298,1,"MAP3K1","GSE214411","Myeloid",TRUE
0.00908210926707698,4.80031696643446,0.007,0,1,"CTB-114C7.4","GSE214411","Myeloid",TRUE
0.00908210926707698,2.53879960059109,0.007,0,1,"DIRAS1","GSE214411","Myeloid",TRUE
0.00908210926707698,2.79300207661169,0.007,0,1,"CTB-50L17.9","GSE214411","Myeloid",TRUE
0.00908245816850974,0.216156168610802,0.002,0.011,1,"AFAP1L1","GSE214411","Myeloid",TRUE
0.00908917818606071,-0.71172714394246,0.04,0.066,1,"PCBD2","GSE214411","Myeloid",TRUE
0.00909089896800981,-0.852681472429514,0.151,0.185,1,"ATXN3","GSE214411","Myeloid",TRUE
0.00911729385875889,-0.314443837207289,0.137,0.175,1,"UBLCP1","GSE214411","Myeloid",TRUE
0.0091197113345957,-1.60697391509178,0.013,0.029,1,"GDPGP1","GSE214411","Myeloid",TRUE
0.00912087810848117,-1.10449723457329,0.021,0.04,1,"DCBLD2","GSE214411","Myeloid",TRUE
0.00912907818225889,1.37609764838556,0.059,0.091,1,"SLPI","GSE214411","Myeloid",TRUE
0.00913039134805236,-1.47675551711917,0.022,0.042,1,"HFE","GSE214411","Myeloid",TRUE
0.00914894974871888,-0.037566633145246,0.588,0.685,1,"CEBPD","GSE214411","Myeloid",TRUE
0.00918069793580265,0.462771476520037,0.146,0.105,1,"NBEAL2","GSE214411","Myeloid",TRUE
0.00919337807917103,-1.13027410843327,0.016,0.034,1,"ANXA2R","GSE214411","Myeloid",TRUE
0.00920267877460652,0.0901161901909329,0.097,0.133,1,"RAMP1","GSE214411","Myeloid",TRUE
0.00922952398563692,1.5587408546013,0.075,0.047,1,"RP3-508I15.21","GSE214411","Myeloid",TRUE
0.0092404607934606,-0.265252894120246,0.216,0.255,1,"FGD5-AS1","GSE214411","Myeloid",TRUE
0.00925556242863134,0.948264916500269,0.02,0.006,1,"SPAG4","GSE214411","Myeloid",TRUE
0.00931834034030629,-1.22916977468968,0.013,0.029,1,"FLJ20021","GSE214411","Myeloid",TRUE
0.00935236497877353,-0.80732556813971,0.022,0.042,1,"TRPV4","GSE214411","Myeloid",TRUE
0.00935877083397713,-0.106391364660856,0.074,0.106,1,"HMGB3","GSE214411","Myeloid",TRUE
0.00935927191384425,0.783778910016333,0.093,0.061,1,"TOMM34","GSE214411","Myeloid",TRUE
0.00938540266084704,-1.51957406983615,0.013,0.029,1,"SFXN2","GSE214411","Myeloid",TRUE
0.00939283500468742,-0.717084251162149,0.028,0.05,1,"RRM2","GSE214411","Myeloid",TRUE
0.00942147647468209,-0.145729216746092,0.356,0.392,1,"SRA1","GSE214411","Myeloid",TRUE
0.00942806029211542,-0.629260177557327,0.123,0.157,1,"EMG1","GSE214411","Myeloid",TRUE
0.00945993902910853,0.071019986378456,0.046,0.073,1,"GOT1","GSE214411","Myeloid",TRUE
0.00946165503545898,-0.254486394566895,0.109,0.141,1,"OARD1","GSE214411","Myeloid",TRUE
0.00947065373607255,-2.577356837302,0.001,0.008,1,"ZNF695","GSE214411","Myeloid",TRUE
0.00947214370560919,-0.160859936385565,0.279,0.318,1,"PUM1","GSE214411","Myeloid",TRUE
0.00948529003384497,1.12593128172853,0.112,0.077,1,"F11R","GSE214411","Myeloid",TRUE
0.00948862281481265,-2.66419424163863,0.001,0.008,1,"RP11-299H21.1","GSE214411","Myeloid",TRUE
0.00949053558095405,-0.49166998864903,0.107,0.141,1,"INTS1","GSE214411","Myeloid",TRUE
0.00949579339258822,-0.323274680920722,0.132,0.169,1,"EXOC1","GSE214411","Myeloid",TRUE
0.00950547495709323,-0.84403739879149,0.14,0.177,1,"HCFC1R1","GSE214411","Myeloid",TRUE
0.00950662229339043,-2.86760524627323,0.001,0.008,1,"SATB2","GSE214411","Myeloid",TRUE
0.00950662229339043,-3.5960797508551,0.001,0.008,1,"RNF157","GSE214411","Myeloid",TRUE
0.00951987283520178,0.924872954600942,0.169,0.131,1,"HIST3H2A","GSE214411","Myeloid",TRUE
0.00952465221557936,-3.46210618923026,0.001,0.008,1,"LINC01320","GSE214411","Myeloid",TRUE
0.00952934146576778,-0.862514665818365,0.013,0.029,1,"SPR","GSE214411","Myeloid",TRUE
0.00954173875422107,-0.902592621296199,0.107,0.14,1,"ATXN7L3B","GSE214411","Myeloid",TRUE
0.00954271262520101,-2.12266684121029,0.001,0.008,1,"PINK1-AS","GSE214411","Myeloid",TRUE
0.00954271262520101,-2.65595513536667,0.001,0.008,1,"ADNP-AS1","GSE214411","Myeloid",TRUE
0.0095628604278147,-0.8006262727499,0.084,0.115,1,"RNF111","GSE214411","Myeloid",TRUE
0.0095744846830569,-0.0734725031423552,0.341,0.381,1,"EIF6","GSE214411","Myeloid",TRUE
0.00957892508226991,0.539112485825235,0.001,0.008,1,"FGF14-AS2","GSE214411","Myeloid",TRUE
0.00958323361477658,-1.03057423543396,0.017,0.035,1,"WDR25","GSE214411","Myeloid",TRUE
0.00965253046777009,0.274921287398067,0.076,0.108,1,"ANKS1A","GSE214411","Myeloid",TRUE
0.00967229730300048,0.0257315245211029,0.506,0.566,1,"ELF1","GSE214411","Myeloid",TRUE
0.00968039491069136,-0.330783599065858,0.315,0.339,1,"PSMD13","GSE214411","Myeloid",TRUE
0.0096804624220198,0.00357888922454896,0.577,0.638,1,"TCEB2","GSE214411","Myeloid",TRUE
0.00969853969417319,-0.682835358554081,0.176,0.211,1,"SLC1A5","GSE214411","Myeloid",TRUE
0.00972817117345246,-0.154393457945134,0.093,0.126,1,"APH1B","GSE214411","Myeloid",TRUE
0.00974890261401724,0.332807528906962,0.307,0.248,1,"RAPGEF1","GSE214411","Myeloid",TRUE
0.00975643325151042,-0.132163824636206,0.588,0.672,1,"EIF3E","GSE214411","Myeloid",TRUE
0.00977816165097409,0.423156068535361,0.107,0.073,1,"INHBA","GSE214411","Myeloid",TRUE
0.00978267506784595,0.501724046025426,0.485,0.429,1,"SHFM1","GSE214411","Myeloid",TRUE
0.00980852432584919,-0.952051370688747,0.039,0.062,1,"USP40","GSE214411","Myeloid",TRUE
0.00982260815024619,0.191741672903131,0.044,0.07,1,"WDR83","GSE214411","Myeloid",TRUE
0.00982829424469661,-0.173649250005534,0.022,0.042,1,"COG8","GSE214411","Myeloid",TRUE
0.00984632426336876,-0.333508990895572,0.275,0.317,1,"CCDC107","GSE214411","Myeloid",TRUE
0.00985796574144534,-0.619050095689404,0.033,0.056,1,"HEATR6","GSE214411","Myeloid",TRUE
0.00986414393934568,0.300558728688141,0.235,0.185,1,"CD58","GSE214411","Myeloid",TRUE
0.00986836117726343,1.81966899422995,0.15,0.115,1,"SCGB2A1","GSE214411","Myeloid",TRUE
0.00986892410884095,-0.954732918573431,0.032,0.055,1,"CEP120","GSE214411","Myeloid",TRUE
0.00987259342933464,0.48338601296124,0.091,0.059,1,"POLG","GSE214411","Myeloid",TRUE
0.00987336077140225,-2.074361570568,0.007,0.02,1,"ZNF615","GSE214411","Myeloid",TRUE
0.00990253511015066,-0.0301478681788867,0.614,0.682,1,"CCNL1","GSE214411","Myeloid",TRUE
0.00990770409524982,-0.578879830968624,0.081,0.112,1,"MRPS27","GSE214411","Myeloid",TRUE
0.00992266408623703,-0.0504337132151826,0.2,0.24,1,"UHMK1","GSE214411","Myeloid",TRUE
0.0099404195846893,-0.0556653096200348,0.146,0.106,1,"CCDC69","GSE214411","Myeloid",TRUE
0.00996537342545255,-1.10860030877624,0.013,0.03,1,"MYLK","GSE214411","Myeloid",TRUE
0.00996736371452427,-1.09566951675777,0.018,0.036,1,"ACOT11","GSE214411","Myeloid",TRUE
0.009998182711222,0.304345406663167,0.451,0.409,1,"CDKN1A","GSE214411","Myeloid",TRUE
0.0100002621338484,-1.13974682021313,0.032,0.055,1,"KIF11","GSE214411","Myeloid",TRUE
0.0100148409258013,0.62808690668879,0.043,0.022,1,"EFNB1","GSE214411","Myeloid",TRUE
0.0100181064718131,1.55824196780179,0.037,0.018,1,"ACRC","GSE214411","Myeloid",TRUE
0.010026409102326,-0.229248051564075,0.127,0.162,1,"PAIP1","GSE214411","Myeloid",TRUE
0.0100345756749159,-0.2347910930082,0.077,0.108,1,"ALPK1","GSE214411","Myeloid",TRUE
0.0100441266281657,-0.312626996139328,0.041,0.067,1,"CENPT","GSE214411","Myeloid",TRUE
0.010052473470943,-0.623030812248645,0.111,0.143,1,"MRPS31","GSE214411","Myeloid",TRUE
0.0100720489481475,-0.568322205803794,0.146,0.181,1,"TERF1","GSE214411","Myeloid",TRUE
0.0100756844274171,-0.365044103471449,0.063,0.092,1,"PLA2G12A","GSE214411","Myeloid",TRUE
0.0100835973778185,0.493835858622774,0.117,0.082,1,"CD109","GSE214411","Myeloid",TRUE
0.0100842305722466,0.295059626671757,0.243,0.192,1,"IRAK1","GSE214411","Myeloid",TRUE
0.0100844966893417,0.262974583852685,0.106,0.072,1,"STK3","GSE214411","Myeloid",TRUE
0.0100889137969357,-0.254746380862657,0.339,0.38,1,"EMILIN2","GSE214411","Myeloid",TRUE
0.0101173044580292,-0.297676758302067,0.043,0.068,1,"SAP25","GSE214411","Myeloid",TRUE
0.0101293891946317,-0.10202591765881,0.557,0.604,1,"SET","GSE214411","Myeloid",TRUE
0.0101474895744005,-0.252630615562588,0.092,0.126,1,"KIF22","GSE214411","Myeloid",TRUE
0.0101545938339782,0.18649914056169,0.023,0.043,1,"AP5S1","GSE214411","Myeloid",TRUE
0.0102031564152094,-0.325120671508874,0.058,0.086,1,"NDRG3","GSE214411","Myeloid",TRUE
0.0102241735720589,-0.103605356367693,0.23,0.178,1,"DPM1","GSE214411","Myeloid",TRUE
0.0102557312190399,-0.149044452404062,0.082,0.117,1,"CALD1","GSE214411","Myeloid",TRUE
0.0102661120939707,0.046121900088405,0.116,0.153,1,"CDC34","GSE214411","Myeloid",TRUE
0.0103094743544752,-1.48657882527167,0.056,0.083,1,"RXRB","GSE214411","Myeloid",TRUE
0.0103365720015104,-0.752128099440458,0.007,0.02,1,"FBF1","GSE214411","Myeloid",TRUE
0.010340232869754,-0.515706461346094,0.053,0.081,1,"SLC37A4","GSE214411","Myeloid",TRUE
0.0103423632942366,-0.0709521524703983,0.169,0.207,1,"NME4","GSE214411","Myeloid",TRUE
0.0103634631010064,-0.508210179875229,0.17,0.207,1,"ARL1","GSE214411","Myeloid",TRUE
0.0103772354890104,-0.35525374136746,0.137,0.174,1,"CDK4","GSE214411","Myeloid",TRUE
0.0103893706413283,-0.629798110234792,0.075,0.105,1,"FAM210B","GSE214411","Myeloid",TRUE
0.0103935483879885,-0.193850204335138,0.137,0.176,1,"RNF167","GSE214411","Myeloid",TRUE
0.0103945572430128,-1.65803298040172,0.019,0.037,1,"WDR76","GSE214411","Myeloid",TRUE
0.0104196139954398,-0.273992129544654,0.024,0.044,1,"BUD13","GSE214411","Myeloid",TRUE
0.0104269639121348,-0.530705391576808,0.007,0.02,1,"DNHD1","GSE214411","Myeloid",TRUE
0.0104318840573639,-2.55297108718172,0.02,0.038,1,"TTLL5","GSE214411","Myeloid",TRUE
0.0104347610473546,-0.856889236964721,0.041,0.066,1,"FO538757.2","GSE214411","Myeloid",TRUE
0.0104358231306397,-0.410816307891348,0.059,0.088,1,"HEATR5A","GSE214411","Myeloid",TRUE
0.01045280298515,0.920955327926065,0.375,0.323,1,"BIRC3","GSE214411","Myeloid",TRUE
0.0104537054955589,0.0713815893563177,0.148,0.186,1,"TAX1BP3","GSE214411","Myeloid",TRUE
0.0104539555407212,-0.304784199928414,0.058,0.087,1,"RNF8","GSE214411","Myeloid",TRUE
0.0104618984790005,-0.530644513899925,0.049,0.075,1,"ZFPL1","GSE214411","Myeloid",TRUE
0.0104714017617182,-0.384420813895279,0.023,0.043,1,"AC009948.5","GSE214411","Myeloid",TRUE
0.0104731893543251,-0.749564433739931,0.058,0.086,1,"RASA1","GSE214411","Myeloid",TRUE
0.0104836812243324,0.354151839480894,0.309,0.252,1,"IL6R","GSE214411","Myeloid",TRUE
0.0105174692749618,-0.547597007305405,0.2,0.234,1,"OGFR","GSE214411","Myeloid",TRUE
0.010575264692876,-0.246998295573858,0.01,0.024,1,"PTCD2","GSE214411","Myeloid",TRUE
0.0105885539312818,0.147887428547401,0.625,0.749,1,"HLA-DQB1","GSE214411","Myeloid",TRUE
0.0105907574756615,-0.485458710611961,0.199,0.24,1,"SNAPC1","GSE214411","Myeloid",TRUE
0.0106329946813606,-2.85370699773981,0.005,0.017,1,"AKAP6","GSE214411","Myeloid",TRUE
0.0106341606171491,-0.518262126449643,0.096,0.129,1,"HRAS","GSE214411","Myeloid",TRUE
0.0106563272175557,-0.352446189574256,0.109,0.142,1,"PI4K2A","GSE214411","Myeloid",TRUE
0.0106563880942477,-0.81850067084861,0.037,0.06,1,"TMEM41A","GSE214411","Myeloid",TRUE
0.010665728332473,0.400695726906276,0.711,0.742,1,"MYL12A","GSE214411","Myeloid",TRUE
0.0106847611671418,0.50461057997124,0.366,0.317,1,"BACH1","GSE214411","Myeloid",TRUE
0.0107037298986915,0.262954671891995,0.336,0.285,1,"RUNX3","GSE214411","Myeloid",TRUE
0.010722045516111,0.496433678297875,0.026,0.011,1,"HOXA5","GSE214411","Myeloid",TRUE
0.0107357337461116,0.152722828056797,0.05,0.076,1,"GCNT1","GSE214411","Myeloid",TRUE
0.010745002253844,-0.418427082250492,0.08,0.111,1,"POP7","GSE214411","Myeloid",TRUE
0.0107625025490801,0.941461843694492,0.054,0.031,1,"TNFRSF9","GSE214411","Myeloid",TRUE
0.0107753310317637,0.048836421320106,0.067,0.097,1,"DCAF10","GSE214411","Myeloid",TRUE
0.0107781788830831,0.562489779779018,0.044,0.023,1,"CCDC88C","GSE214411","Myeloid",TRUE
0.0108001730523327,-1.72613762461925,0.005,0.017,1,"RP11-1114A5.4","GSE214411","Myeloid",TRUE
0.0108057695500443,2.20708556585188,0.024,0.01,1,"LRIG1","GSE214411","Myeloid",TRUE
0.0108107031438928,-1.00436320760995,0.063,0.091,1,"IPO8","GSE214411","Myeloid",TRUE
0.0108207023087101,-0.238123790580817,0.443,0.498,1,"VDAC2","GSE214411","Myeloid",TRUE
0.010824465884297,1.21737648862928,0.037,0.018,1,"EID3","GSE214411","Myeloid",TRUE
0.0108378056364863,-0.75962700624343,0.019,0.037,1,"RCCD1","GSE214411","Myeloid",TRUE
0.0108497363181848,-0.345858413813039,0.21,0.246,1,"MRPL4","GSE214411","Myeloid",TRUE
0.0108542021901604,-1.16218608636322,0.049,0.074,1,"GAMT","GSE214411","Myeloid",TRUE
0.0108575434383722,0.741144254689473,0.146,0.109,1,"HIVEP3","GSE214411","Myeloid",TRUE
0.0108894192461265,-0.462049779729488,0.112,0.147,1,"TM7SF3","GSE214411","Myeloid",TRUE
0.0109111392654007,-1.35886460795354,0.036,0.059,1,"C5orf42","GSE214411","Myeloid",TRUE
0.0109134064606494,-2.37106149900686,0.004,0.014,1,"RP11-298J20.3","GSE214411","Myeloid",TRUE
0.0109207655441079,-1.41536087819352,0.032,0.055,1,"THTPA","GSE214411","Myeloid",TRUE
0.010922138381178,-0.347009909403538,0.062,0.091,1,"TRNT1","GSE214411","Myeloid",TRUE
0.0109434524347576,-1.82544629605426,0.005,0.017,1,"RNFT2","GSE214411","Myeloid",TRUE
0.0109765629179198,-0.392803284723177,0.084,0.114,1,"TP53TG1","GSE214411","Myeloid",TRUE
0.0109900718806619,2.32068669968057,0.024,0.01,1,"F2RL1","GSE214411","Myeloid",TRUE
0.010994118835305,-0.839576671077778,0.089,0.121,1,"IRF5","GSE214411","Myeloid",TRUE
0.0110056522972159,-0.803409195657038,0.084,0.115,1,"RRP1B","GSE214411","Myeloid",TRUE
0.0110072808777689,3.34158544064451,0.012,0.002,1,"CTD-2540F13.2","GSE214411","Myeloid",TRUE
0.011009135996632,-0.384612999724875,0.005,0.017,1,"KCNAB3","GSE214411","Myeloid",TRUE
0.011016659034931,-0.196292497299077,0.469,0.508,1,"HNRNPD","GSE214411","Myeloid",TRUE
0.0110370359364336,0.364863008625558,0.695,0.722,1,"MYL12B","GSE214411","Myeloid",TRUE
0.0110551393480806,3.00860010099916,0.012,0.002,1,"LINC00664","GSE214411","Myeloid",TRUE
0.0110686795660154,-1.19054063288959,0.035,0.058,1,"ALG1","GSE214411","Myeloid",TRUE
0.0110743684929069,0.654516481839755,0.159,0.119,1,"SKI","GSE214411","Myeloid",TRUE
0.0110757685083833,-0.575032084382116,0.169,0.202,1,"CIAO1","GSE214411","Myeloid",TRUE
0.0110929052220764,-2.12722066239155,0.004,0.014,1,"HBA1","GSE214411","Myeloid",TRUE
0.0111090523524543,0.546054845937527,0.196,0.15,1,"AAED1","GSE214411","Myeloid",TRUE
0.0111282495977706,0.200837728263481,0.005,0.017,1,"EPM2A","GSE214411","Myeloid",TRUE
0.0111548742346624,-1.28620405005803,0.005,0.017,1,"ZNF17","GSE214411","Myeloid",TRUE
0.0111815554354933,-1.74229264072219,0.005,0.017,1,"RPS6KL1","GSE214411","Myeloid",TRUE
0.0111911048306094,-0.149551362766017,0.19,0.229,1,"LNPEP","GSE214411","Myeloid",TRUE
0.0111998258222144,1.82335677859203,0.012,0.002,1,"LINC01433","GSE214411","Myeloid",TRUE
0.0112153779141621,-1.27297824064583,0.047,0.072,1,"PRC1","GSE214411","Myeloid",TRUE
0.0112200201428119,-0.742172924605184,0.039,0.062,1,"TRMT61B","GSE214411","Myeloid",TRUE
0.011225880249859,-0.229162722405754,0.109,0.143,1,"SIPA1L2","GSE214411","Myeloid",TRUE
0.0112452094960567,0.604977135353492,0.051,0.029,1,"RP11-670E13.6","GSE214411","Myeloid",TRUE
0.0112454417207679,-0.800945243895606,0.028,0.049,1,"ATXN7L1","GSE214411","Myeloid",TRUE
0.0112485677138231,0.00517484297549542,0.04,0.064,1,"CD320","GSE214411","Myeloid",TRUE
0.0112823187058452,1.73067892049008,0.024,0.01,1,"IGFBP3","GSE214411","Myeloid",TRUE
0.0112962894632453,-0.223090364099875,0.376,0.409,1,"ABRACL","GSE214411","Myeloid",TRUE
0.0112964479318785,-1.31906044193789,0.028,0.049,1,"SLC27A4","GSE214411","Myeloid",TRUE
0.0113037054301382,0.0290336241292712,0.307,0.349,1,"AES","GSE214411","Myeloid",TRUE
0.0113258463803881,1.14598224667088,0.124,0.091,1,"KRT18","GSE214411","Myeloid",TRUE
0.0113611331531614,-0.774249725273102,0.049,0.075,1,"EMP2","GSE214411","Myeloid",TRUE
0.0113713484178783,-0.892158942231738,0.014,0.031,1,"TBCEL","GSE214411","Myeloid",TRUE
0.0113795384642505,-0.933320772281179,0.057,0.085,1,"NT5DC2","GSE214411","Myeloid",TRUE
0.0113883038537845,-0.341404681347494,0.163,0.198,1,"RABEP1","GSE214411","Myeloid",TRUE
0.011391923461879,-0.305697299520738,0.162,0.199,1,"OSBPL11","GSE214411","Myeloid",TRUE
0.0114027573171778,-1.16797943741792,0.028,0.049,1,"HENMT1","GSE214411","Myeloid",TRUE
0.0114156760769923,0.749877968102542,0.112,0.078,1,"FEM1C","GSE214411","Myeloid",TRUE
0.011423517538747,0.174309423586389,0.251,0.298,1,"LBR","GSE214411","Myeloid",TRUE
0.0114252079318944,-0.821515999535863,0.116,0.149,1,"SRFBP1","GSE214411","Myeloid",TRUE
0.0114340848404505,0.262664194620404,0.037,0.06,1,"OXSM","GSE214411","Myeloid",TRUE
0.0114599081215831,0.469132319984711,0.353,0.304,1,"ARIH1","GSE214411","Myeloid",TRUE
0.0114613579384656,0.832097368524655,0.195,0.154,1,"SLC9A3R1","GSE214411","Myeloid",TRUE
0.0114623288578809,-0.56229494326305,0.131,0.165,1,"IL18BP","GSE214411","Myeloid",TRUE
0.0114742403716567,-2.26967594847311,0.008,0.021,1,"RAD52","GSE214411","Myeloid",TRUE
0.0114911487527417,-0.10568685486377,0.119,0.156,1,"NGFRAP1","GSE214411","Myeloid",TRUE
0.0114995033474878,-1.68947016003821,0.02,0.038,1,"ZNF692","GSE214411","Myeloid",TRUE
0.0115150631719638,0.623595956142876,0.203,0.159,1,"MESDC1","GSE214411","Myeloid",TRUE
0.0115248558410448,-0.0430940540904756,0.034,0.057,1,"XPO4","GSE214411","Myeloid",TRUE
0.0115353241365729,-0.17482708281633,0.028,0.05,1,"CCL8","GSE214411","Myeloid",TRUE
0.0115694795136534,-1.55516125651029,0.028,0.049,1,"RP3-522D1.1","GSE214411","Myeloid",TRUE
0.0115868613255212,-0.169483385975042,0.161,0.197,1,"SNX29","GSE214411","Myeloid",TRUE
0.0115908647910032,-1.13478878755437,0.047,0.072,1,"PEX19","GSE214411","Myeloid",TRUE
0.0115918717579985,-0.516253361792111,0.028,0.049,1,"MFSD3","GSE214411","Myeloid",TRUE
0.0116040159313801,1.95095602650028,0.038,0.019,1,"INPP5A","GSE214411","Myeloid",TRUE
0.0116060507995377,-1.9863240665858,0.008,0.021,1,"POU5F2","GSE214411","Myeloid",TRUE
0.0116089333207036,0.75657392411245,0.393,0.346,1,"CDC42SE1","GSE214411","Myeloid",TRUE
0.0116278821172812,-0.0293720329240074,0.416,0.452,1,"MRFAP1","GSE214411","Myeloid",TRUE
0.0116312189812593,-0.362144371926558,0.269,0.303,1,"RNF114","GSE214411","Myeloid",TRUE
0.0116839618147674,0.05122827373351,0.25,0.292,1,"ORMDL1","GSE214411","Myeloid",TRUE
0.0116841241645928,-0.229294058922914,0.129,0.163,1,"PPIE","GSE214411","Myeloid",TRUE
0.0116915551697954,-0.523990415930744,0.108,0.142,1,"MAPK3","GSE214411","Myeloid",TRUE
0.0117023133283413,0.0742250516393706,0.37,0.416,1,"FAM120A","GSE214411","Myeloid",TRUE
0.0117032646674204,-0.447082468618885,0.091,0.123,1,"MGAT5","GSE214411","Myeloid",TRUE
0.0117065297667249,-0.595371812409386,0.037,0.06,1,"FTX","GSE214411","Myeloid",TRUE
0.0117079472479473,0.747466996818283,0.259,0.206,1,"ZC3H11A","GSE214411","Myeloid",TRUE
0.0117086277341184,-0.455878954628986,0.204,0.237,1,"CNOT6L","GSE214411","Myeloid",TRUE
0.0117382553548372,-1.32350799092613,0.027,0.048,1,"TEC","GSE214411","Myeloid",TRUE
0.0117493489700789,-0.568159458532807,0.044,0.069,1,"CHEK2","GSE214411","Myeloid",TRUE
0.0117635575327695,-1.85387232427167,0.008,0.021,1,"ZNF624","GSE214411","Myeloid",TRUE
0.0117878724462595,-0.516758337220069,0.026,0.047,1,"HOXB7","GSE214411","Myeloid",TRUE
0.0117931611634595,-0.040732399488054,0.09,0.122,1,"CYBRD1","GSE214411","Myeloid",TRUE
0.0117964051588137,1.65942403615513,0.029,0.013,1,"HOPX","GSE214411","Myeloid",TRUE
0.0117974646359504,-0.621927749913125,0.039,0.062,1,"PMS1","GSE214411","Myeloid",TRUE
0.0118006864770085,-0.900913160609626,0.02,0.038,1,"GTF3C4","GSE214411","Myeloid",TRUE
0.0118034410425412,-0.336497902078262,0.026,0.047,1,"OGFOD2","GSE214411","Myeloid",TRUE
0.0118086114369186,-0.343910237769441,0.345,0.378,1,"SCPEP1","GSE214411","Myeloid",TRUE
0.0118591157595692,-0.306539812031661,0.122,0.157,1,"JAGN1","GSE214411","Myeloid",TRUE
0.0118695505198859,-0.482682119091291,0.204,0.238,1,"GLB1","GSE214411","Myeloid",TRUE
0.0118812809014293,-0.656648198153905,0.04,0.064,1,"CENPE","GSE214411","Myeloid",TRUE
0.0118842247719459,0.198088247631337,0.137,0.176,1,"IFIH1","GSE214411","Myeloid",TRUE
0.0118923909307808,0.509634557077857,0.613,0.582,1,"ATP6V1G1","GSE214411","Myeloid",TRUE
0.0118993425285548,0.603073714842515,0.04,0.02,1,"MCTP2","GSE214411","Myeloid",TRUE
0.0118996220205128,-0.091169802512862,0.267,0.306,1,"WHSC1L1","GSE214411","Myeloid",TRUE
0.0119494839313107,-0.691401966599714,0.02,0.038,1,"ZKSCAN8","GSE214411","Myeloid",TRUE
0.011970068501851,0.0379421305934786,0.219,0.262,1,"PGRMC1","GSE214411","Myeloid",TRUE
0.0119770267343212,-0.553025596404249,0.171,0.204,1,"UBTF","GSE214411","Myeloid",TRUE
0.0119847729796149,-1.41862596121089,0.008,0.021,1,"C16orf59","GSE214411","Myeloid",TRUE
0.0120365324977516,-0.0414365473854079,0.234,0.271,1,"MARCH7","GSE214411","Myeloid",TRUE
0.0120468726295379,-1.51519230547297,0.008,0.021,1,"PARP3","GSE214411","Myeloid",TRUE
0.0120469981446148,-0.547390790513078,0.066,0.095,1,"VAPB","GSE214411","Myeloid",TRUE
0.0120602921242511,-0.632553128560778,0.102,0.135,1,"TRNAU1AP","GSE214411","Myeloid",TRUE
0.0120650455769754,-0.285893039184051,0.236,0.274,1,"GGNBP2","GSE214411","Myeloid",TRUE
0.0120743151291431,-1.02232265683137,0.047,0.072,1,"FEN1","GSE214411","Myeloid",TRUE
0.0120800080941915,-0.782659621073492,0.064,0.092,1,"UTP14A","GSE214411","Myeloid",TRUE
0.0121013315652295,-0.691851811412715,0.025,0.046,1,"DCLRE1B","GSE214411","Myeloid",TRUE
0.0121184816135074,-0.153933281626163,0.092,0.124,1,"KIAA1429","GSE214411","Myeloid",TRUE
0.0121752681072721,-0.613614596172873,0.212,0.248,1,"SPNS1","GSE214411","Myeloid",TRUE
0.0121955410288379,-0.597767242532981,0.028,0.049,1,"TRIM23","GSE214411","Myeloid",TRUE
0.0122219066411809,-0.117512604665633,0.047,0.073,1,"COL4A2","GSE214411","Myeloid",TRUE
0.012279484232857,-0.0525459699795521,0.04,0.02,1,"NBPF26","GSE214411","Myeloid",TRUE
0.0122828061951155,-1.28194681862319,0.031,0.052,1,"IL15RA","GSE214411","Myeloid",TRUE
0.0122839520616906,0.298248957887122,0.281,0.219,1,"KDM2A","GSE214411","Myeloid",TRUE
0.0122882042906364,-1.33997087196491,0.022,0.04,1,"ZNF557","GSE214411","Myeloid",TRUE
0.012316941582539,0.845817949080716,0.071,0.044,1,"BZRAP1","GSE214411","Myeloid",TRUE
0.0123519981141728,-0.213303714041316,0.765,0.762,1,"IER3","GSE214411","Myeloid",TRUE
0.0123534610107296,-1.43066573177556,0.015,0.032,1,"MAN1B1-AS1","GSE214411","Myeloid",TRUE
0.0123639842429863,-0.948593860802889,0.074,0.103,1,"SFXN4","GSE214411","Myeloid",TRUE
0.0123678200028041,0.726245795253342,0.022,0.008,1,"ENTPD7","GSE214411","Myeloid",TRUE
0.0124626387658205,0.111380470302428,0.322,0.36,1,"GOLGB1","GSE214411","Myeloid",TRUE
0.0124725935801412,-0.354944945347881,0.134,0.168,1,"ARMCX6","GSE214411","Myeloid",TRUE
0.0125025414752827,-0.226690753860445,0.177,0.224,1,"SDS","GSE214411","Myeloid",TRUE
0.0125067778579521,-0.0740208500092345,0.021,0.039,1,"LCLAT1","GSE214411","Myeloid",TRUE
0.0125217940381756,-0.258484711289724,0.305,0.337,1,"PSMC1","GSE214411","Myeloid",TRUE
0.0125290215658162,-0.687890544467905,0.054,0.081,1,"CCDC159","GSE214411","Myeloid",TRUE
0.0125453425594108,-0.0748462920427859,0.24,0.279,1,"PPCS","GSE214411","Myeloid",TRUE
0.0125557653587425,0.132881375765867,0.015,0.032,1,"ENTPD5","GSE214411","Myeloid",TRUE
0.0125666773776466,2.17293014845474,0.013,0.003,1,"NHLH1","GSE214411","Myeloid",TRUE
0.0125716045412942,0.0242632468567315,0.428,0.463,1,"TMED10","GSE214411","Myeloid",TRUE
0.0125757535404365,-1.19575377591527,0.012,0.026,1,"HTRA4","GSE214411","Myeloid",TRUE
0.0126123895177878,-0.221543738325811,0.125,0.161,1,"MT1X","GSE214411","Myeloid",TRUE
0.012623985002578,-0.409638787615919,0.04,0.065,1,"C20orf196","GSE214411","Myeloid",TRUE
0.0126497487747229,0.886752604964572,0.066,0.04,1,"CBWD5","GSE214411","Myeloid",TRUE
0.0126636063257489,-0.591773277880048,0.016,0.033,1,"PAXIP1-AS2","GSE214411","Myeloid",TRUE
0.0126847591917416,3.33044525471966,0.015,0.004,1,"C6orf223","GSE214411","Myeloid",TRUE
0.0127032937078191,-0.857748977711977,0.055,0.082,1,"XRCC1","GSE214411","Myeloid",TRUE
0.012704872218931,-1.85710849248942,0.022,0.04,1,"AF213884.2","GSE214411","Myeloid",TRUE
0.0127434828314475,-0.106238874876637,0.096,0.065,1,"CDC42EP2","GSE214411","Myeloid",TRUE
0.0127516267139086,0.155685176502848,0.048,0.073,1,"MTUS1","GSE214411","Myeloid",TRUE
0.0127946442761368,0.7189867886968,0.162,0.122,1,"TRIM8","GSE214411","Myeloid",TRUE
0.0128255102172176,-0.265555040593449,0.046,0.071,1,"ATG14","GSE214411","Myeloid",TRUE
0.0128385484677175,-1.57006300252782,0.012,0.026,1,"KIF15","GSE214411","Myeloid",TRUE
0.0128591115095264,-1.24154781842952,0.017,0.034,1,"TNFRSF25","GSE214411","Myeloid",TRUE
0.0128692982669992,-1.2470015441421,0.037,0.059,1,"NPRL2","GSE214411","Myeloid",TRUE
0.0128786093222407,1.49991785245533,0.021,0.007,1,"GPR146","GSE214411","Myeloid",TRUE
0.0128815953148759,-2.35220343228983,0.006,0.018,1,"ZNF660","GSE214411","Myeloid",TRUE
0.012920623983128,2.07959966282812,0.019,0.006,1,"LINC00694","GSE214411","Myeloid",TRUE
0.012925766451634,-0.758059967230752,0.101,0.133,1,"EXOSC7","GSE214411","Myeloid",TRUE
0.0129369654151399,-0.193236624441711,0.133,0.167,1,"WDR46","GSE214411","Myeloid",TRUE
0.0129498483029225,-0.722650048124674,0.022,0.04,1,"FANCG","GSE214411","Myeloid",TRUE
0.0129760861689311,0.384251815657335,0.169,0.126,1,"AP1G1","GSE214411","Myeloid",TRUE
0.0129876763056467,-0.387358834935517,0.05,0.076,1,"EIF2B4","GSE214411","Myeloid",TRUE
0.0129881617912639,-0.284409184418541,0.17,0.208,1,"GTF2F1","GSE214411","Myeloid",TRUE
0.0130416351367595,-0.153368447185271,0.022,0.04,1,"DIEXF","GSE214411","Myeloid",TRUE
0.0130522226611486,-0.569525315081901,0.234,0.268,1,"FDPS","GSE214411","Myeloid",TRUE
0.0130628606553757,0.871793358323243,0.152,0.2,1,"ASRGL1","GSE214411","Myeloid",TRUE
0.0130790823845728,-0.433059368279911,0.109,0.143,1,"PGGT1B","GSE214411","Myeloid",TRUE
0.0130820093468075,-1.31807568393253,0.016,0.033,1,"PLK1","GSE214411","Myeloid",TRUE
0.0130906143769722,-0.815656483979085,0.079,0.11,1,"MRPS30","GSE214411","Myeloid",TRUE
0.013169107286062,0.776898106704587,0.282,0.228,1,"HIPK1","GSE214411","Myeloid",TRUE
0.013191704612531,0.168530069840105,0.035,0.058,1,"CLUAP1","GSE214411","Myeloid",TRUE
0.0131980541499717,1.74523758675673,0.015,0.004,1,"P2RY2","GSE214411","Myeloid",TRUE
0.0132029410634311,0.316601648758582,0.232,0.282,1,"TLR4","GSE214411","Myeloid",TRUE
0.0132031725022532,2.1754332931122,0.036,0.018,1,"PAWR","GSE214411","Myeloid",TRUE
0.0132138911949686,2.39596456086774,0.015,0.004,1,"CCDC151","GSE214411","Myeloid",TRUE
0.0132172028911019,-0.320325871779829,0.016,0.033,1,"SLC25A35","GSE214411","Myeloid",TRUE
0.013218515511424,0.698963962246664,0.04,0.021,1,"SIK1","GSE214411","Myeloid",TRUE
0.0132440800252885,-2.06007955589665,0.017,0.034,1,"ASB16-AS1","GSE214411","Myeloid",TRUE
0.0132784684193806,3.01318737684891,0.017,0.005,1,"OTUB2","GSE214411","Myeloid",TRUE
0.0132875274551609,0.440973108483673,0.311,0.253,1,"PIK3AP1","GSE214411","Myeloid",TRUE
0.0133060076524281,-0.129335300070492,0.077,0.107,1,"SLC25A26","GSE214411","Myeloid",TRUE
0.0133317740848775,0.816391203878088,0.068,0.042,1,"SYTL1","GSE214411","Myeloid",TRUE
0.0133323190826269,-0.348231866679863,0.265,0.299,1,"VIMP","GSE214411","Myeloid",TRUE
0.0133453601922821,0.834089893518506,0.128,0.093,1,"SLC16A10","GSE214411","Myeloid",TRUE
0.0133681166459407,-1.71227291600135,0.006,0.018,1,"ZNF484","GSE214411","Myeloid",TRUE
0.0133893009819838,-0.959912707990045,0.103,0.136,1,"MOB2","GSE214411","Myeloid",TRUE
0.0134166993919555,-0.267235121758585,0.182,0.22,1,"FCHSD2","GSE214411","Myeloid",TRUE
0.0134375739564048,-1.12029133115896,0.039,0.061,1,"STRADB","GSE214411","Myeloid",TRUE
0.013447014742597,-1.22133207040963,0.051,0.076,1,"NEK3","GSE214411","Myeloid",TRUE
0.013455196375817,-0.497316737007744,0.141,0.174,1,"MIIP","GSE214411","Myeloid",TRUE
0.0134583556979163,-0.634324621389113,0.101,0.132,1,"EXOSC9","GSE214411","Myeloid",TRUE
0.0134615724350153,-0.758092225565778,0.061,0.088,1,"APOOL","GSE214411","Myeloid",TRUE
0.0134867575946087,0.545736068669517,0.302,0.244,1,"ZMIZ1","GSE214411","Myeloid",TRUE
0.0135157028294112,-0.0405682848611265,0.359,0.396,1,"TXNL1","GSE214411","Myeloid",TRUE
0.0135261438641138,0.178869459292422,0.031,0.052,1,"ZNF513","GSE214411","Myeloid",TRUE
0.0135656132761265,0.971838087537196,0.061,0.037,1,"TMEM63B","GSE214411","Myeloid",TRUE
0.0135885218370695,0.191402714028503,0.081,0.112,1,"TMEM192","GSE214411","Myeloid",TRUE
0.0136140683132509,1.23098765735575,0.137,0.106,1,"VNN2","GSE214411","Myeloid",TRUE
0.0136325999521823,-2.71948994154279,0.003,0.012,1,"KRBA2","GSE214411","Myeloid",TRUE
0.0136516429165228,-0.86316041332069,0.094,0.124,1,"UBL7","GSE214411","Myeloid",TRUE
0.0136574508947453,-0.88564138801839,0.009,0.022,1,"SRP14-AS1","GSE214411","Myeloid",TRUE
0.0136724815396188,-3.88474454731585,0.003,0.012,1,"FRRS1","GSE214411","Myeloid",TRUE
0.0136724815396188,-2.1570366202913,0.003,0.012,1,"RP11-252A24.3","GSE214411","Myeloid",TRUE
0.0136724815396188,-2.54909453674096,0.003,0.012,1,"ZNF225","GSE214411","Myeloid",TRUE
0.0136746249350713,0.44743090570022,0.295,0.24,1,"CHMP4B","GSE214411","Myeloid",TRUE
0.0136908187660762,0.361983431058293,0.493,0.562,1,"EVI2B","GSE214411","Myeloid",TRUE
0.0137256998982521,-0.380634107086872,0.031,0.052,1,"TMEM14A","GSE214411","Myeloid",TRUE
0.0137329385215587,0.863668547148176,0.094,0.13,1,"GBP5","GSE214411","Myeloid",TRUE
0.0137525539949429,-2.0389628777736,0.003,0.012,1,"UNC119B","GSE214411","Myeloid",TRUE
0.0137927453076396,-1.74494788751657,0.003,0.012,1,"RP5-1092A3.4","GSE214411","Myeloid",TRUE
0.0138201290144927,-0.300177085333556,0.084,0.115,1,"FAM63B","GSE214411","Myeloid",TRUE
0.0138330403074781,-2.06599053832699,0.003,0.012,1,"TMEM177","GSE214411","Myeloid",TRUE
0.0138545500458377,-0.0503123409937847,0.092,0.123,1,"PISD","GSE214411","Myeloid",TRUE
0.0138975187278711,0.187705232667419,0.128,0.165,1,"ATXN2","GSE214411","Myeloid",TRUE
0.0139018039803658,-0.383257244939678,0.006,0.018,1,"ZNF212","GSE214411","Myeloid",TRUE
0.01390452911363,-0.220567820124877,0.039,0.061,1,"ADCK3","GSE214411","Myeloid",TRUE
0.013908645461902,0.30866351236925,0.161,0.122,1,"GPR35","GSE214411","Myeloid",TRUE
0.0139265606223229,3.41481473409591,0.025,0.011,1,"C19orf33","GSE214411","Myeloid",TRUE
0.0139266601730046,-0.416431055591232,0.048,0.073,1,"GLE1","GSE214411","Myeloid",TRUE
0.013954549664322,-0.715953068700799,0.003,0.012,1,"FLJ37035","GSE214411","Myeloid",TRUE
0.0139707488696079,2.63495522107904,0.009,0.001,1,"RP11-46A10.5","GSE214411","Myeloid",TRUE
0.0139794407699748,-1.25586062253718,0.026,0.046,1,"ZNF714","GSE214411","Myeloid",TRUE
0.0139867198794964,-1.13012307922238,0.038,0.06,1,"NDUFAF6","GSE214411","Myeloid",TRUE
0.0139889891762905,-1.52641405447116,0.013,0.028,1,"AC079922.3","GSE214411","Myeloid",TRUE
0.0139902643993773,0.548091405009527,0.115,0.151,1,"RPS6KA5","GSE214411","Myeloid",TRUE
0.0139951582364548,-0.250594386373647,0.006,0.018,1,"HIST1H4H","GSE214411","Myeloid",TRUE
0.0139952616489459,-1.34062205835817,0.003,0.012,1,"COL16A1","GSE214411","Myeloid",TRUE
0.0139990101465465,-0.715261636146199,0.035,0.057,1,"PPP2R5D","GSE214411","Myeloid",TRUE
0.0140270549353274,2.50613180558291,0.031,0.015,1,"MIR194-2HG","GSE214411","Myeloid",TRUE
0.0140356301341616,-1.12060677377055,0.036,0.058,1,"USP28","GSE214411","Myeloid",TRUE
0.0140507240177984,0.47890395496373,0.227,0.179,1,"TOB2","GSE214411","Myeloid",TRUE
0.0140508520622769,-0.339174014585316,0.182,0.217,1,"SNX8","GSE214411","Myeloid",TRUE
0.0140580102566214,-0.462781131297493,0.122,0.155,1,"VPS4A","GSE214411","Myeloid",TRUE
0.0141090001520163,3.31781101516186,0.009,0.001,1,"STX1A","GSE214411","Myeloid",TRUE
0.0141179369674499,-0.143116405623395,0.193,0.229,1,"CCNDBP1","GSE214411","Myeloid",TRUE
0.0141313491762416,-0.461158508226842,0.141,0.175,1,"TM6SF1","GSE214411","Myeloid",TRUE
0.0141321590398571,2.0469648307698,0.009,0.001,1,"AC114730.3","GSE214411","Myeloid",TRUE
0.0141436273690561,1.61075015990968,0.119,0.088,1,"IFITM1","GSE214411","Myeloid",TRUE
0.0141503906149636,-0.025408219676497,0.334,0.374,1,"LIMD2","GSE214411","Myeloid",TRUE
0.0141586427312694,-1.19473254938657,0.047,0.071,1,"ABCC3","GSE214411","Myeloid",TRUE
0.0141785774714268,1.41083366621739,0.009,0.001,1,"PLSCR2","GSE214411","Myeloid",TRUE
0.0141785774714268,2.02268007253852,0.009,0.001,1,"CA4","GSE214411","Myeloid",TRUE
0.0141870316190898,-1.30922108411553,0.031,0.053,1,"ASPM","GSE214411","Myeloid",TRUE
0.0142155742840912,1.00145614239008,0.04,0.021,1,"RP11-519G16.3","GSE214411","Myeloid",TRUE
0.0142251612308233,-0.825133602169304,0.053,0.078,1,"GANC","GSE214411","Myeloid",TRUE
0.0142472048533504,0.614319606951103,0.009,0.022,1,"ZNF883","GSE214411","Myeloid",TRUE
0.0142761090350722,-0.0644694334821223,0.615,0.7,1,"SLC25A3","GSE214411","Myeloid",TRUE
0.0143047990015739,-0.725917409377433,0.076,0.106,1,"SMC6","GSE214411","Myeloid",TRUE
0.0143140537208609,-0.0957380770322758,0.477,0.523,1,"ST13","GSE214411","Myeloid",TRUE
0.0143342059996112,-0.893231617714105,0.039,0.061,1,"FKBP14","GSE214411","Myeloid",TRUE
0.0143447171865467,0.606661230185176,0.265,0.214,1,"ARL8A","GSE214411","Myeloid",TRUE
0.0143571247979961,-1.24039173611803,0.044,0.068,1,"MAP3K14","GSE214411","Myeloid",TRUE
0.0143605861491603,-0.834722513142787,0.058,0.084,1,"GLCE","GSE214411","Myeloid",TRUE
0.0143638402830956,0.447033439229053,0.155,0.113,1,"APOBR","GSE214411","Myeloid",TRUE
0.0143754048578377,0.446891203985181,0.084,0.055,1,"INPP1","GSE214411","Myeloid",TRUE
0.0143848755714833,-0.489856972774569,0.252,0.285,1,"PRPF4B","GSE214411","Myeloid",TRUE
0.0143999827005335,-0.302666551854462,0.281,0.312,1,"ERCC1","GSE214411","Myeloid",TRUE
0.014407888834366,-0.182882778458839,0.116,0.15,1,"RPF1","GSE214411","Myeloid",TRUE
0.0144101319762363,-0.352776259733315,0.256,0.292,1,"HSD17B10","GSE214411","Myeloid",TRUE
0.0144327200235429,-0.245780670815637,0.14,0.176,1,"UBE4A","GSE214411","Myeloid",TRUE
0.0144442232729078,-1.3628283265258,0.114,0.142,1,"MILR1","GSE214411","Myeloid",TRUE
0.0144459625775455,0.991503920553733,0.156,0.119,1,"SLC35B2","GSE214411","Myeloid",TRUE
0.0144459655963673,0.192187712567366,0.052,0.078,1,"PEMT","GSE214411","Myeloid",TRUE
0.0144980452309573,-2.08439759657154,0.004,0.015,1,"ZNF280B","GSE214411","Myeloid",TRUE
0.0145161265057754,-1.79944737268179,0.004,0.015,1,"TRIM68","GSE214411","Myeloid",TRUE
0.0145274893358639,0.0885570492825902,0.017,0.034,1,"RP11-596C23.2","GSE214411","Myeloid",TRUE
0.0145425360836833,0.170283509315469,0.371,0.418,1,"PAK1","GSE214411","Myeloid",TRUE
0.0145470073611978,-0.882641667796181,0.082,0.11,1,"CSTF3","GSE214411","Myeloid",TRUE
0.0145476623074104,-0.551523967166512,0.074,0.103,1,"BATF","GSE214411","Myeloid",TRUE
0.0145490755545552,0.18994547589678,0.058,0.034,1,"MARK4","GSE214411","Myeloid",TRUE
0.0145569001593773,-0.369902906746163,0.013,0.028,1,"HJURP","GSE214411","Myeloid",TRUE
0.0145721524743267,-0.650324466548929,0.131,0.165,1,"DDX39B","GSE214411","Myeloid",TRUE
0.0145755213132458,0.457309323838219,0.058,0.035,1,"SEMA7A","GSE214411","Myeloid",TRUE
0.0145886505945931,-0.48688836876968,0.004,0.015,1,"EIF4EBP3","GSE214411","Myeloid",TRUE
0.0146105669349491,-0.293435453869222,0.229,0.267,1,"EMC10","GSE214411","Myeloid",TRUE
0.0146238856306963,-2.31580095321506,0.02,0.037,1,"C16orf86","GSE214411","Myeloid",TRUE
0.0146334224011965,-0.281201706174383,0.085,0.115,1,"DTWD1","GSE214411","Myeloid",TRUE
0.0146365365512803,-0.222623733427225,0.184,0.215,1,"RAB4B","GSE214411","Myeloid",TRUE
0.0146529045367618,-0.370664149708672,0.117,0.149,1,"PRR14L","GSE214411","Myeloid",TRUE
0.0146614939414013,-2.68738887934362,0.004,0.015,1,"LINC00649","GSE214411","Myeloid",TRUE
0.0146630314351902,-0.13113299095838,0.101,0.135,1,"GALNT7","GSE214411","Myeloid",TRUE
0.0146664771742789,0.435045460566406,0.244,0.197,1,"NGLY1","GSE214411","Myeloid",TRUE
0.0146797547990632,-1.02413653387271,0.004,0.015,1,"CYTL1","GSE214411","Myeloid",TRUE
0.0146797547990632,-1.60506742967186,0.004,0.015,1,"TIGD2","GSE214411","Myeloid",TRUE
0.0146834836033455,-0.621070852752935,0.17,0.202,1,"TBC1D5","GSE214411","Myeloid",TRUE
0.0146951024603582,4.75851298175124,0.006,0,1,"SERTAD4-AS1","GSE214411","Myeloid",TRUE
0.0146951024603582,3.92644774747738,0.006,0,1,"CSF2","GSE214411","Myeloid",TRUE
0.0146951024603582,3.9682522299437,0.006,0,1,"LINC00472","GSE214411","Myeloid",TRUE
0.0146951024603582,5.93608999628473,0.006,0,1,"TPSB2","GSE214411","Myeloid",TRUE
0.0146951024603582,3.82859999691684,0.006,0,1,"RP11-435I10.4","GSE214411","Myeloid",TRUE
0.0146951024603582,3.56368963953433,0.006,0,1,"TRIM72","GSE214411","Myeloid",TRUE
0.0146951024603582,2.47623310278117,0.006,0,1,"CTC-529I10.1","GSE214411","Myeloid",TRUE
0.0146951024603582,6.44521115101749,0.006,0,1,"RP11-678G14.4","GSE214411","Myeloid",TRUE
0.0146951024603582,2.62410300595007,0.006,0,1,"AC093802.1","GSE214411","Myeloid",TRUE
0.0146951024603582,3.82348927476626,0.006,0,1,"PPP1R17","GSE214411","Myeloid",TRUE
0.0146980357016753,-1.30843102331041,0.004,0.015,1,"CGNL1","GSE214411","Myeloid",TRUE
0.0147105783989008,0.16057163603637,0.154,0.192,1,"DOCK11","GSE214411","Myeloid",TRUE
0.0147144678713154,-0.623421075339591,0.112,0.145,1,"KIF2A","GSE214411","Myeloid",TRUE
0.0147209879449332,-0.0166665365090237,0.111,0.143,1,"EMC2","GSE214411","Myeloid",TRUE
0.0147404115394659,-0.114914774006508,0.226,0.266,1,"C12orf57","GSE214411","Myeloid",TRUE
0.0147593360601409,-0.344827230703677,0.385,0.413,1,"MACF1","GSE214411","Myeloid",TRUE
0.0147743258138533,-0.0976331352805637,0.017,0.034,1,"COG1","GSE214411","Myeloid",TRUE
0.0148183930621179,-1.297222972234,0.03,0.05,1,"RWDD2B","GSE214411","Myeloid",TRUE
0.0148253340704123,0.00914801785623115,0.332,0.369,1,"PILRA","GSE214411","Myeloid",TRUE
0.0148504379288542,-0.290028673843381,0.235,0.266,1,"FNBP4","GSE214411","Myeloid",TRUE
0.0148612102516418,-0.254976807479609,0.086,0.117,1,"SLC16A1","GSE214411","Myeloid",TRUE
0.0149743943063702,-0.27495897812366,0.024,0.043,1,"ARHGEF9","GSE214411","Myeloid",TRUE
0.0149845350995702,-0.481478634385381,0.187,0.222,1,"SMIM20","GSE214411","Myeloid",TRUE
0.0150130379634597,-0.175025441847969,0.353,0.391,1,"UQCRC2","GSE214411","Myeloid",TRUE
0.0150350791212027,1.4650341209099,0.083,0.055,1,"MMP7","GSE214411","Myeloid",TRUE
0.0150421816378468,1.16761278513361,0.046,0.025,1,"MAST2","GSE214411","Myeloid",TRUE
0.0150523078849646,-0.167307493857216,0.026,0.046,1,"ENTPD3-AS1","GSE214411","Myeloid",TRUE
0.015070179543452,-0.605602888911669,0.038,0.06,1,"TMEM254","GSE214411","Myeloid",TRUE
0.0150838171591145,-0.397600671857545,0.045,0.069,1,"ZNF160","GSE214411","Myeloid",TRUE
0.015102382092408,-2.90680192737098,0,0.005,1,"HORMAD1","GSE214411","Myeloid",TRUE
0.015102382092408,-3.49304920597006,0,0.005,1,"PLEKHA6","GSE214411","Myeloid",TRUE
0.015102382092408,-2.95451254460303,0,0.005,1,"FBLN7","GSE214411","Myeloid",TRUE
0.015102382092408,-2.37070705509274,0,0.005,1,"MDH1B","GSE214411","Myeloid",TRUE
0.015102382092408,-4.65393313006437,0,0.005,1,"ZNF454","GSE214411","Myeloid",TRUE
0.015102382092408,-2.97618700415611,0,0.005,1,"HIST1H2BI","GSE214411","Myeloid",TRUE
0.015102382092408,-3.02983898885924,0,0.005,1,"C6orf163","GSE214411","Myeloid",TRUE
0.015102382092408,-3.40935298031094,0,0.005,1,"GJB1","GSE214411","Myeloid",TRUE
0.015102382092408,-4.46421877680401,0,0.005,1,"NKAIN3","GSE214411","Myeloid",TRUE
0.015102382092408,-3.16785125341515,0,0.005,1,"IGSF22","GSE214411","Myeloid",TRUE
0.015102382092408,-3.84344013305535,0,0.005,1,"SLC15A1","GSE214411","Myeloid",TRUE
0.015102382092408,-3.0382660398958,0,0.005,1,"LA16c-390H2.4","GSE214411","Myeloid",TRUE
0.015102382092408,-4.0543373403118,0,0.005,1,"TUBB1","GSE214411","Myeloid",TRUE
0.015102382092408,-2.67275862725433,0,0.005,1,"ZNF564","GSE214411","Myeloid",TRUE
0.015102382092408,-3.01843277434382,0,0.005,1,"COMP","GSE214411","Myeloid",TRUE
0.0151291968380575,-0.495236853932723,0.112,0.146,1,"VEZT","GSE214411","Myeloid",TRUE
0.0151536167852209,-1.14292383312385,0.013,0.029,1,"PIP4K2C","GSE214411","Myeloid",TRUE
0.0151815957799872,-0.750645086320582,0.083,0.112,1,"R3HDM1","GSE214411","Myeloid",TRUE
0.0151932024618845,-0.635903293417471,0.051,0.076,1,"CEACAM4","GSE214411","Myeloid",TRUE
0.0151942127329996,-0.364109847767087,0.223,0.257,1,"SLC5A3","GSE214411","Myeloid",TRUE
0.0152085483238384,-0.807938261828754,0.026,0.046,1,"ZSCAN29","GSE214411","Myeloid",TRUE
0.0152227370457883,-1.05182131303649,0.025,0.044,1,"SEPSECS","GSE214411","Myeloid",TRUE
0.0152289312190312,-1.29129748135908,0.019,0.036,1,"KCTD6","GSE214411","Myeloid",TRUE
0.0152294847728749,0.19996859973073,0.152,0.112,1,"VAMP7","GSE214411","Myeloid",TRUE
0.0152428093519388,-1.07550058260901,0.013,0.029,1,"BUB1B","GSE214411","Myeloid",TRUE
0.0152569288806519,-0.805100557060207,0.162,0.193,1,"CSNK2A1","GSE214411","Myeloid",TRUE
0.0152682590869364,1.70732598143431,0.176,0.143,1,"KIAA0226L","GSE214411","Myeloid",TRUE
0.0152686397478664,-0.965677979783406,0.066,0.093,1,"COQ5","GSE214411","Myeloid",TRUE
0.0152754563880268,1.30859522848428,0.04,0.064,1,"RSAD2","GSE214411","Myeloid",TRUE
0.0152775767915311,-2.36890740934997,0.014,0.03,1,"ANKS3","GSE214411","Myeloid",TRUE
0.0152855121087955,-1.21201426958439,0.04,0.064,1,"TTLL12","GSE214411","Myeloid",TRUE
0.0152983250838461,-0.46772997633617,0.157,0.192,1,"COPRS","GSE214411","Myeloid",TRUE
0.0153196133941797,-0.689361465984019,0.112,0.145,1,"TCEAL3","GSE214411","Myeloid",TRUE
0.0153419211133569,-0.224210375282315,0.023,0.042,1,"DCBLD1","GSE214411","Myeloid",TRUE
0.0154014653831907,-0.925407050458693,0.091,0.121,1,"SCARB1","GSE214411","Myeloid",TRUE
0.0154078309820689,-0.453581782060689,0.025,0.044,1,"TTC33","GSE214411","Myeloid",TRUE
0.0154157581849049,-2.50168706269739,0.014,0.03,1,"PROCA1","GSE214411","Myeloid",TRUE
0.0154217815881963,-0.779569204488094,0.018,0.035,1,"KCNJ5","GSE214411","Myeloid",TRUE
0.0154274437940095,-0.85302640449284,0.054,0.079,1,"RAD9A","GSE214411","Myeloid",TRUE
0.0154308391046184,0.37526836070869,0.305,0.252,1,"RP11-138A9.1","GSE214411","Myeloid",TRUE
0.015433022312297,-2.01759183434441,0.01,0.023,1,"FAM64A","GSE214411","Myeloid",TRUE
0.0155075048837311,-0.576594871804878,0.146,0.178,1,"MED8","GSE214411","Myeloid",TRUE
0.0155583810624789,-2.68724026586063,0.007,0.019,1,"WDR5B","GSE214411","Myeloid",TRUE
0.0156042892237971,-0.627258433811578,0.043,0.067,1,"ZNF12","GSE214411","Myeloid",TRUE
0.0156378548188131,-0.320186512001765,0.112,0.143,1,"NR1D2","GSE214411","Myeloid",TRUE
0.0156409100215426,-1.93981053458284,0.007,0.019,1,"TBC1D19","GSE214411","Myeloid",TRUE
0.0156431521157265,-0.420077174651864,0.042,0.066,1,"PTGFRN","GSE214411","Myeloid",TRUE
0.0156766623099376,-0.24911229012385,0.186,0.22,1,"RAD50","GSE214411","Myeloid",TRUE
0.0157271985815885,-0.316313891112598,0.044,0.068,1,"TTC38","GSE214411","Myeloid",TRUE
0.0157342670356619,-0.0281553553938874,0.566,0.636,1,"GUK1","GSE214411","Myeloid",TRUE
0.0157810913302586,-0.283093376838253,0.415,0.453,1,"COX7A2L","GSE214411","Myeloid",TRUE
0.015814907263602,-0.188902340313262,0.26,0.294,1,"CHCHD1","GSE214411","Myeloid",TRUE
0.0158269475194492,2.13625450879379,0.034,0.017,1,"IL1RL2","GSE214411","Myeloid",TRUE
0.0158330236443717,-1.32103065262684,0.02,0.037,1,"RAB40B","GSE214411","Myeloid",TRUE
0.0158469453748203,-0.28460736020088,0.216,0.251,1,"WDR33","GSE214411","Myeloid",TRUE
0.0158548635498034,-0.275051831188265,0.121,0.153,1,"USP1","GSE214411","Myeloid",TRUE
0.0158629634360477,-0.04559604690313,0.185,0.221,1,"UBE2E3","GSE214411","Myeloid",TRUE
0.015876335723099,-0.562435030443745,0.14,0.175,1,"C1orf35","GSE214411","Myeloid",TRUE
0.0159126271842186,-0.310086126169642,0.122,0.154,1,"SLC50A1","GSE214411","Myeloid",TRUE
0.0159145408884652,-0.122169763458272,0.577,0.655,1,"HSPH1","GSE214411","Myeloid",TRUE
0.0159252838275216,-0.237003234192632,0.288,0.327,1,"CXCL3","GSE214411","Myeloid",TRUE
0.0159255561399436,-0.0732293582427636,0.243,0.28,1,"SPPL2A","GSE214411","Myeloid",TRUE
0.0159294363764314,0.652468426661268,0.044,0.024,1,"CD244","GSE214411","Myeloid",TRUE
0.0160086301451724,-1.45179638460446,0.007,0.019,1,"CSGALNACT1","GSE214411","Myeloid",TRUE
0.0160365450560254,-0.28425345656707,0.065,0.092,1,"FAM234A","GSE214411","Myeloid",TRUE
0.0160542336512094,1.28890643380977,0.095,0.067,1,"CITED4","GSE214411","Myeloid",TRUE
0.0160720572185692,0.854783482027712,0.166,0.128,1,"STK40","GSE214411","Myeloid",TRUE
0.0160932552986436,-0.612849853423254,0.007,0.019,1,"FRMD3","GSE214411","Myeloid",TRUE
0.0160932552986436,-1.65820794140936,0.007,0.019,1,"ZNF180","GSE214411","Myeloid",TRUE
0.0161181431825921,0.502054597157301,0.137,0.101,1,"AGTPBP1","GSE214411","Myeloid",TRUE
0.0161232934421987,-1.57315056617217,0.014,0.03,1,"MIR503HG","GSE214411","Myeloid",TRUE
0.0161264314264511,0.552554171608961,0.309,0.253,1,"SNN","GSE214411","Myeloid",TRUE
0.0161629211614293,-0.119860046121778,0.206,0.244,1,"TNPO1","GSE214411","Myeloid",TRUE
0.0161693117508641,0.984954764102404,0.066,0.041,1,"FAS","GSE214411","Myeloid",TRUE
0.0161695584384767,-1.42887847830662,0.032,0.053,1,"NIPAL2","GSE214411","Myeloid",TRUE
0.0162202621030405,0.0245553735471455,0.086,0.118,1,"NDE1","GSE214411","Myeloid",TRUE
0.0162912481058822,0.561763905652163,0.237,0.191,1,"DEDD2","GSE214411","Myeloid",TRUE
0.0162987567703301,0.985521278228169,0.041,0.022,1,"PRDM8","GSE214411","Myeloid",TRUE
0.0163061626882994,-3.74316382758669,0.002,0.01,1,"RP11-356K23.1","GSE214411","Myeloid",TRUE
0.0163080701162514,0.386017233164874,0.531,0.5,1,"SRSF9","GSE214411","Myeloid",TRUE
0.0163324690908122,-4.00803287003416,0.002,0.01,1,"KCNMB3","GSE214411","Myeloid",TRUE
0.0163399579289734,0.396632482178988,0.282,0.237,1,"POR","GSE214411","Myeloid",TRUE
0.016349494670453,-1.1459625569725,0.007,0.019,1,"PCSK1N","GSE214411","Myeloid",TRUE
0.016349494670453,-0.185246654994032,0.007,0.019,1,"APLP1","GSE214411","Myeloid",TRUE
0.0163588127745588,-2.45042554305696,0.002,0.01,1,"P2RY12","GSE214411","Myeloid",TRUE
0.0163919867602377,0.197615094068835,0.139,0.176,1,"DOK3","GSE214411","Myeloid",TRUE
0.0163951552263361,-1.25325581404791,0.033,0.054,1,"IDNK","GSE214411","Myeloid",TRUE
0.0164011705528436,0.469244606375239,0.007,0.019,1,"CCDC122","GSE214411","Myeloid",TRUE
0.0164242292817961,-0.538451227433475,0.062,0.089,1,"ARFGAP1","GSE214411","Myeloid",TRUE
0.0164350600758367,-0.898183043187016,0.067,0.094,1,"TCAIM","GSE214411","Myeloid",TRUE
0.0164380679499777,-2.87792767650515,0.002,0.01,1,"ZNF713","GSE214411","Myeloid",TRUE
0.016446377741866,-1.21957991003125,0.02,0.037,1,"DHX35","GSE214411","Myeloid",TRUE
0.0164760344754215,-0.45561866360555,0.04,0.064,1,"PLD1","GSE214411","Myeloid",TRUE
0.0165176602304029,-2.36123110391354,0.002,0.01,1,"ZNF114","GSE214411","Myeloid",TRUE
0.0165176602304029,-2.05178202666698,0.002,0.01,1,"ZNF70","GSE214411","Myeloid",TRUE
0.0165442661072672,-2.10048229663923,0.002,0.01,1,"RP11-379K17.12","GSE214411","Myeloid",TRUE
0.0165442661072672,-2.13856014303709,0.002,0.01,1,"RP11-181C3.1","GSE214411","Myeloid",TRUE
0.0165709096156478,-2.50220054603015,0.002,0.01,1,"AMACR","GSE214411","Myeloid",TRUE
0.0165847397653665,-1.2423188273063,0.091,0.12,1,"DDX19B","GSE214411","Myeloid",TRUE
0.0165915337748578,-1.26317416173789,0.052,0.077,1,"CDKN2C","GSE214411","Myeloid",TRUE
0.0165975907994916,-1.78136507514599,0.002,0.01,1,"PARS2","GSE214411","Myeloid",TRUE
0.0165975907994916,-2.16906819784832,0.002,0.01,1,"MEIS3","GSE214411","Myeloid",TRUE
0.0166136863379726,-0.241932971117598,0.208,0.242,1,"MEAF6","GSE214411","Myeloid",TRUE
0.0166510663695358,-1.80878579491417,0.002,0.01,1,"ZSCAN31","GSE214411","Myeloid",TRUE
0.0166793124051848,-0.499818750472194,0.123,0.156,1,"RPP30","GSE214411","Myeloid",TRUE
0.016681993653365,-0.408958387975031,0.154,0.185,1,"POLE3","GSE214411","Myeloid",TRUE
0.0167087457496165,-0.678973230755852,0.08,0.108,1,"ITGB2-AS1","GSE214411","Myeloid",TRUE
0.0167112593043061,-0.445212278834892,0.158,0.192,1,"CARHSP1","GSE214411","Myeloid",TRUE
0.0167491535391456,-0.182869975925078,0.044,0.068,1,"SCRN2","GSE214411","Myeloid",TRUE
0.0167606959025453,-0.246763260549609,0.079,0.107,1,"C15orf40","GSE214411","Myeloid",TRUE
0.0168183265894677,-0.247547265757199,0.014,0.03,1,"TBC1D31","GSE214411","Myeloid",TRUE
0.0168397313102048,-0.0173426464830477,0.136,0.099,1,"FBRSL1","GSE214411","Myeloid",TRUE
0.0168592152599547,-0.539638446541814,0.014,0.03,1,"C19orf68","GSE214411","Myeloid",TRUE
0.0168600802076991,0.650713469870489,0.028,0.013,1,"CHRNA10","GSE214411","Myeloid",TRUE
0.0168657337584703,-0.471426010845707,0.139,0.173,1,"HMGXB4","GSE214411","Myeloid",TRUE
0.0169066931173005,-0.592502072938832,0.171,0.207,1,"CERS6","GSE214411","Myeloid",TRUE
0.0169145299777236,0.163399802332124,0.465,0.499,1,"TMEM50A","GSE214411","Myeloid",TRUE
0.0169645969146025,0.749914121893207,0.037,0.019,1,"IFFO2","GSE214411","Myeloid",TRUE
0.0169941107224841,-0.173417652820969,0.501,0.539,1,"CANX","GSE214411","Myeloid",TRUE
0.0170345622894958,0.600482459990403,0.044,0.024,1,"COL9A2","GSE214411","Myeloid",TRUE
0.0170682777327043,0.737514743366576,0.184,0.225,1,"PKN2","GSE214411","Myeloid",TRUE
0.0170755595805438,-0.364367497428562,0.011,0.024,1,"RP11-20I23.6","GSE214411","Myeloid",TRUE
0.0170782370367437,-1.05603343717844,0.028,0.048,1,"BMP1","GSE214411","Myeloid",TRUE
0.0171096753390881,0.722725787883244,0.131,0.097,1,"HYOU1","GSE214411","Myeloid",TRUE
0.0171240586027433,1.17864491988596,0.028,0.013,1,"LINC00665","GSE214411","Myeloid",TRUE
0.0171372152244084,-0.0924021511779787,0.202,0.233,1,"RBBP7","GSE214411","Myeloid",TRUE
0.0172163341400827,3.25735372672382,0.011,0.002,1,"IL22RA2","GSE214411","Myeloid",TRUE
0.017216902838216,-0.193624687920519,0.187,0.222,1,"RFXANK","GSE214411","Myeloid",TRUE
0.0172294396345909,-0.0852559806015081,0.047,0.071,1,"TRMT13","GSE214411","Myeloid",TRUE
0.0172352768443031,-0.845988915018695,0.032,0.053,1,"ALKBH2","GSE214411","Myeloid",TRUE
0.017246100249189,-1.23550915751563,0.011,0.024,1,"ZNF500","GSE214411","Myeloid",TRUE
0.0173213645243448,-0.666327717044466,0.07,0.097,1,"THAP11","GSE214411","Myeloid",TRUE
0.0173365822406595,0.283956935617217,0.114,0.082,1,"CCDC93","GSE214411","Myeloid",TRUE
0.0173471666523362,0.482210538086581,0.187,0.145,1,"PITPNB","GSE214411","Myeloid",TRUE
0.0173641379712126,-0.337831592688342,0.294,0.321,1,"PCMT1","GSE214411","Myeloid",TRUE
0.0173731413817012,-1.3769855123572,0.021,0.038,1,"NBPF1","GSE214411","Myeloid",TRUE
0.0173764940512178,0.177315369438934,0.691,0.846,1,"HLA-DRB1","GSE214411","Myeloid",TRUE
0.0173862596120511,-0.0113903262134121,0.305,0.335,1,"APH1A","GSE214411","Myeloid",TRUE
0.0173882266876087,-0.100673046654392,0.218,0.254,1,"TOP2B","GSE214411","Myeloid",TRUE
0.017389970954637,0.0569793600213658,0.393,0.432,1,"YY1","GSE214411","Myeloid",TRUE
0.0174016616202481,0.0104613130801954,0.073,0.101,1,"SLC35E2B","GSE214411","Myeloid",TRUE
0.0174038266138857,-0.122725751377595,0.243,0.278,1,"RCSD1","GSE214411","Myeloid",TRUE
0.017408369183994,-0.685467251607861,0.038,0.059,1,"FLYWCH1","GSE214411","Myeloid",TRUE
0.017410651395422,-1.86571613301686,0.041,0.064,1,"TMEM220","GSE214411","Myeloid",TRUE
0.0174181330628148,-0.0117942062290108,0.011,0.024,1,"EHHADH","GSE214411","Myeloid",TRUE
0.0174495729071116,-1.18886642044575,0.011,0.024,1,"C5","GSE214411","Myeloid",TRUE
0.0174736767458318,-0.8888906304884,0.02,0.037,1,"CD28","GSE214411","Myeloid",TRUE
0.0174991351318806,0.119799803909038,0.049,0.073,1,"ZNF83","GSE214411","Myeloid",TRUE
0.0175602106933763,-0.134623829673442,0.181,0.216,1,"LONP2","GSE214411","Myeloid",TRUE
0.0176015073087738,-0.89541205860108,0.053,0.077,1,"GPN2","GSE214411","Myeloid",TRUE
0.0176075196219889,-1.0747515822408,0.011,0.024,1,"DEPDC1","GSE214411","Myeloid",TRUE
0.0176175013532139,1.06780971878854,0.032,0.016,1,"DFNB31","GSE214411","Myeloid",TRUE
0.0176638672194495,0.354885716044954,0.08,0.053,1,"KHNYN","GSE214411","Myeloid",TRUE
0.0176724696378895,-0.0303585764263949,0.381,0.459,1,"ARL4C","GSE214411","Myeloid",TRUE
0.0177044664706438,-1.11524761327523,0.016,0.032,1,"C6orf136","GSE214411","Myeloid",TRUE
0.0178116925959645,-0.0115180690124973,0.388,0.419,1,"SRP9","GSE214411","Myeloid",TRUE
0.0178221696621738,0.0156673236123005,0.351,0.387,1,"NIPBL","GSE214411","Myeloid",TRUE
0.0178630295863358,0.133632396943637,0.101,0.131,1,"SECISBP2L","GSE214411","Myeloid",TRUE
0.017865071554665,-0.691719693600536,0.036,0.057,1,"PRKD2","GSE214411","Myeloid",TRUE
0.0178903981435164,0.76452590369006,0.102,0.072,1,"GFPT1","GSE214411","Myeloid",TRUE
0.017895092922755,-2.78286890752675,0.001,0.007,1,"FAM177B","GSE214411","Myeloid",TRUE
0.017895092922755,-3.57830664689218,0.001,0.007,1,"HIST1H2AI","GSE214411","Myeloid",TRUE
0.017895092922755,-2.83839620992163,0.001,0.007,1,"ZNF229","GSE214411","Myeloid",TRUE
0.0178978795574593,-0.11236534445804,0.29,0.325,1,"MRPL52","GSE214411","Myeloid",TRUE
0.0179102580687259,1.18344488538944,0.114,0.083,1,"RAB27A","GSE214411","Myeloid",TRUE
0.0179223877364982,1.75552915055482,0.02,0.007,1,"ADARB1","GSE214411","Myeloid",TRUE
0.0179259189423303,-1.0607464565121,0.008,0.02,1,"LRRC20","GSE214411","Myeloid",TRUE
0.017928541231523,-3.09041511504104,0.001,0.007,1,"AC002451.3","GSE214411","Myeloid",TRUE
0.017928541231523,-2.79593821672728,0.001,0.007,1,"AMER1","GSE214411","Myeloid",TRUE
0.017928541231523,-2.64105484290956,0.001,0.007,1,"AF127936.5","GSE214411","Myeloid",TRUE
0.0179577527066446,2.03250764330772,0.02,0.007,1,"C1orf198","GSE214411","Myeloid",TRUE
0.0179818934710419,0.421069023572465,0.137,0.1,1,"ACAP1","GSE214411","Myeloid",TRUE
0.0179956021919881,-4.35161211273112,0.001,0.007,1,"CFAP73","GSE214411","Myeloid",TRUE
0.0179956021919881,-2.20844621628953,0.001,0.007,1,"CTB-147N14.6","GSE214411","Myeloid",TRUE
0.0180004243227233,0.485650243723597,0.078,0.052,1,"UGDH","GSE214411","Myeloid",TRUE
0.0180024183193505,0.464893665029906,0.037,0.059,1,"IFT22","GSE214411","Myeloid",TRUE
0.0180089330266289,0.378567880692473,0.049,0.029,1,"STEAP4","GSE214411","Myeloid",TRUE
0.0180130816144674,-0.118872085857492,0.14,0.174,1,"DESI2","GSE214411","Myeloid",TRUE
0.0180171350356152,-0.252492489141166,0.204,0.237,1,"SPECC1","GSE214411","Myeloid",TRUE
0.0180292149909825,-3.27633691567887,0.001,0.007,1,"FAM189A2","GSE214411","Myeloid",TRUE
0.0180460385855745,-2.16825530912989,0.001,0.007,1,"C3orf18","GSE214411","Myeloid",TRUE
0.0180628827674632,-2.80874909106499,0.001,0.007,1,"FAM19A5","GSE214411","Myeloid",TRUE
0.0180704150353673,-0.299338857046129,0.041,0.065,1,"CTD-2313J17.6","GSE214411","Myeloid",TRUE
0.0180758530086389,-1.08554521088847,0.03,0.05,1,"TRIM65","GSE214411","Myeloid",TRUE
0.0180966055952489,-1.81533580878053,0.001,0.007,1,"ACKR1","GSE214411","Myeloid",TRUE
0.0180966055952489,-2.71532477101071,0.001,0.007,1,"TNIK","GSE214411","Myeloid",TRUE
0.0181303835482266,0.751615110227632,0.001,0.007,1,"RP11-863K10.7","GSE214411","Myeloid",TRUE
0.0181396339325313,-0.0727248354171006,0.173,0.13,1,"IQSEC1","GSE214411","Myeloid",TRUE
0.0181451045588746,-2.45615635673319,0.005,0.016,1,"PRDM15","GSE214411","Myeloid",TRUE
0.018164674853434,-0.843276429330533,0.066,0.092,1,"FAHD1","GSE214411","Myeloid",TRUE
0.0181827760383889,-0.673429331684155,0.022,0.04,1,"TIGD5","GSE214411","Myeloid",TRUE
0.0181870395450909,-2.73288423543786,0.005,0.016,1,"XRCC2","GSE214411","Myeloid",TRUE
0.0181877612897323,0.639751873170247,0.2,0.157,1,"CCNT1","GSE214411","Myeloid",TRUE
0.0181878312330095,-0.873857898270635,0.078,0.105,1,"LATS1","GSE214411","Myeloid",TRUE
0.0182080388434865,-3.55582913190841,0.005,0.016,1,"ZNF584","GSE214411","Myeloid",TRUE
0.0182488190285802,-0.145090361395804,0.048,0.072,1,"C16orf58","GSE214411","Myeloid",TRUE
0.0182578699736561,-1.2360881341318,0.016,0.032,1,"CTD-2369P2.8","GSE214411","Myeloid",TRUE
0.0182893917776853,-0.464767502406366,0.023,0.041,1,"FKRP","GSE214411","Myeloid",TRUE
0.0182988849369258,-0.752524890309284,0.06,0.086,1,"HS1BP3","GSE214411","Myeloid",TRUE
0.0183209007352413,-0.445375440509706,0.073,0.101,1,"SDCCAG3","GSE214411","Myeloid",TRUE
0.0183378455059075,-0.576029964403554,0.124,0.156,1,"CCNG1","GSE214411","Myeloid",TRUE
0.0183426764619374,-0.298724472163624,0.077,0.106,1,"SLC37A2","GSE214411","Myeloid",TRUE
0.018371973672327,0.0935483814774112,0.534,0.565,1,"DDX17","GSE214411","Myeloid",TRUE
0.0184556525302474,-0.0200978640565792,0.531,0.577,1,"DEK","GSE214411","Myeloid",TRUE
0.0184596036754716,0.356447166433702,0.124,0.09,1,"NUP93","GSE214411","Myeloid",TRUE
0.0184806848672156,-0.84005477487969,0.036,0.057,1,"CCDC127","GSE214411","Myeloid",TRUE
0.0185384814526163,-0.128030828724541,0.187,0.221,1,"PPP2R3C","GSE214411","Myeloid",TRUE
0.018551336938907,-0.600099858884194,0.086,0.114,1,"GGA3","GSE214411","Myeloid",TRUE
0.018559345823419,-0.371094704727247,0.148,0.182,1,"TTC37","GSE214411","Myeloid",TRUE
0.0185856356768955,0.548279687653688,0.162,0.123,1,"GTPBP1","GSE214411","Myeloid",TRUE
0.018590825666921,-0.44707868398822,0.047,0.07,1,"ACD","GSE214411","Myeloid",TRUE
0.0186282475921093,-0.627302804656597,0.226,0.255,1,"CCDC12","GSE214411","Myeloid",TRUE
0.0186638152769418,-3.02719577474444,0.004,0.013,1,"ZNF596","GSE214411","Myeloid",TRUE
0.0186681709711058,-0.547171857849933,0.129,0.161,1,"RRP36","GSE214411","Myeloid",TRUE
0.018684103826137,-0.368518245873702,0.081,0.109,1,"SNUPN","GSE214411","Myeloid",TRUE
0.0186912337936477,-0.453081225088491,0.106,0.137,1,"MTX2","GSE214411","Myeloid",TRUE
0.0187120436294596,-0.210492658738531,0.09,0.121,1,"SYNJ2BP","GSE214411","Myeloid",TRUE
0.0187174576563616,2.78359367565056,0.024,0.011,1,"PVRL1","GSE214411","Myeloid",TRUE
0.0187198535105619,-1.37146151414559,0.022,0.039,1,"KNTC1","GSE214411","Myeloid",TRUE
0.0187461787799016,0.794306586443845,0.127,0.093,1,"ZBTB21","GSE214411","Myeloid",TRUE
0.0187627705136048,0.535482090258465,0.226,0.183,1,"GPAT3","GSE214411","Myeloid",TRUE
0.0187709161606987,-1.11471761246299,0.031,0.051,1,"ASB1","GSE214411","Myeloid",TRUE
0.0187826803875919,-0.210267210290971,0.057,0.083,1,"MTPAP","GSE214411","Myeloid",TRUE
0.0187912917984123,-1.03333177984141,0.022,0.04,1,"KIF3A","GSE214411","Myeloid",TRUE
0.0188055789086415,-0.533827322400356,0.267,0.298,1,"MT-ND6","GSE214411","Myeloid",TRUE
0.0188087975348532,-0.633774187372128,0.083,0.111,1,"PRKD3","GSE214411","Myeloid",TRUE
0.0188118579275835,-0.521175339317792,0.137,0.168,1,"DNPEP","GSE214411","Myeloid",TRUE
0.0188322085759723,0.395103920319936,0.601,0.6,1,"COMMD6","GSE214411","Myeloid",TRUE
0.0188597168714447,-0.421197999374187,0.185,0.216,1,"POLR2J3","GSE214411","Myeloid",TRUE
0.0188824344156411,-0.639349612911321,0.008,0.02,1,"PHLPP2","GSE214411","Myeloid",TRUE
0.0188990054983303,-0.0800098558973406,0.033,0.054,1,"C11orf71","GSE214411","Myeloid",TRUE
0.0189057249826626,-0.573118633841117,0.016,0.032,1,"TCEANC2","GSE214411","Myeloid",TRUE
0.0189374654367921,0.0450724601297513,0.336,0.369,1,"PPP1R18","GSE214411","Myeloid",TRUE
0.018955632371177,1.91948662236457,0.013,0.003,1,"MN1","GSE214411","Myeloid",TRUE
0.0189589688195111,0.787157874660915,0.328,0.272,1,"NAPA","GSE214411","Myeloid",TRUE
0.0189749891818701,0.137059208417589,0.273,0.314,1,"GCC2","GSE214411","Myeloid",TRUE
0.0189770252273486,-0.748895511484862,0.088,0.117,1,"PELP1","GSE214411","Myeloid",TRUE
0.0189808928915036,-0.53634588469736,0.017,0.033,1,"NUDT6","GSE214411","Myeloid",TRUE
0.0189998986029881,-1.4081399221696,0.016,0.032,1,"NEMP2","GSE214411","Myeloid",TRUE
0.0190302109670645,-0.93813286333846,0.04,0.062,1,"TADA2A","GSE214411","Myeloid",TRUE
0.0190334849930555,-1.07336821308305,0.008,0.02,1,"CCDC80","GSE214411","Myeloid",TRUE
0.0190355094526671,-1.3444347479173,0.004,0.013,1,"ZNF300","GSE214411","Myeloid",TRUE
0.0190545614285563,-0.0841804475579798,0.506,0.566,1,"HNRNPDL","GSE214411","Myeloid",TRUE
0.0190680942965746,-0.242947267576936,0.015,0.031,1,"VWF","GSE214411","Myeloid",TRUE
0.0190711014524563,-0.749706784352175,0.097,0.126,1,"TBC1D12","GSE214411","Myeloid",TRUE
0.0190763094089489,-0.416762690392184,0.129,0.161,1,"RMDN1","GSE214411","Myeloid",TRUE
0.0190855544662554,-1.62209951364617,0.004,0.013,1,"RP11-342K6.1","GSE214411","Myeloid",TRUE
0.0190855544662554,-1.94763574695086,0.004,0.013,1,"MTBP","GSE214411","Myeloid",TRUE
0.0190873174324784,-0.53731483035381,0.045,0.068,1,"PIK3R6","GSE214411","Myeloid",TRUE
0.0191149592147938,-0.201824936119022,0.022,0.04,1,"TCTN1","GSE214411","Myeloid",TRUE
0.0191151236153569,-0.588077411579646,0.04,0.061,1,"BRAP","GSE214411","Myeloid",TRUE
0.0191735961342559,-0.350667567369804,0.111,0.143,1,"ARL14EP","GSE214411","Myeloid",TRUE
0.0192111705332977,-1.63792144331507,0.004,0.013,1,"MIAT","GSE214411","Myeloid",TRUE
0.0192793726238537,-0.103453195790224,0.08,0.108,1,"TRIP6","GSE214411","Myeloid",TRUE
0.0192805329409603,0.216202098211128,0.23,0.269,1,"SNX18","GSE214411","Myeloid",TRUE
0.0192807350331686,-0.970518712555076,0.078,0.105,1,"NFX1","GSE214411","Myeloid",TRUE
0.0192965856320959,0.778598396335768,0.013,0.003,1,"CTA-286B10.7","GSE214411","Myeloid",TRUE
0.0193428547830463,2.38314204087851,0.016,0.005,1,"ANGPTL4","GSE214411","Myeloid",TRUE
0.0193489818760394,-0.497968267253148,0.117,0.148,1,"TRPM7","GSE214411","Myeloid",TRUE
0.0193884123851525,-0.601157938301949,0.095,0.124,1,"SIKE1","GSE214411","Myeloid",TRUE
0.0194085439704299,-0.715642545974106,0.074,0.101,1,"TRMT2A","GSE214411","Myeloid",TRUE
0.019412824995342,0.126825948174429,0.015,0.031,1,"SPA17","GSE214411","Myeloid",TRUE
0.0194258660155241,-0.890174145270632,0.054,0.078,1,"PINX1","GSE214411","Myeloid",TRUE
0.0194319323834456,-0.84351832471375,0.066,0.092,1,"ZZZ3","GSE214411","Myeloid",TRUE
0.0195041983414933,-0.773602133087712,0.095,0.125,1,"MYL6B","GSE214411","Myeloid",TRUE
0.0195431348656568,-0.646633364427041,0.051,0.075,1,"PRKCI","GSE214411","Myeloid",TRUE
0.0195589741432898,-1.07846101651749,0.072,0.099,1,"TTL","GSE214411","Myeloid",TRUE
0.0195821087726141,-0.458972793834012,0.082,0.11,1,"ING4","GSE214411","Myeloid",TRUE
0.0196010673168746,-0.485566887642939,0.017,0.033,1,"ZC3HC1","GSE214411","Myeloid",TRUE
0.0196085674267327,-0.651647476927252,0.127,0.157,1,"RRAS","GSE214411","Myeloid",TRUE
0.0196245923888166,-0.448787562203238,0.042,0.065,1,"RGPD5","GSE214411","Myeloid",TRUE
0.0196340433916321,0.0845116989709034,0.984,0.976,1,"MALAT1","GSE214411","Myeloid",TRUE
0.0196370808431604,2.04083630961146,0.029,0.014,1,"RND1","GSE214411","Myeloid",TRUE
0.0196677338782423,-0.0717493690695252,0.034,0.055,1,"VSIG10","GSE214411","Myeloid",TRUE
0.0197431135832998,-0.326038898384366,0.098,0.129,1,"ARSD","GSE214411","Myeloid",TRUE
0.019763341870503,-0.615030234290963,0.04,0.062,1,"DBT","GSE214411","Myeloid",TRUE
0.0197725046549857,-0.207130865816213,0.164,0.197,1,"OSTM1","GSE214411","Myeloid",TRUE
0.0198514790974538,-0.175996709384382,0.4,0.431,1,"DBNL","GSE214411","Myeloid",TRUE
0.019865885562099,0.326376417261298,0.017,0.033,1,"HIST1H2BH","GSE214411","Myeloid",TRUE
0.0198674979703681,0.550221957038835,0.249,0.2,1,"CDC26","GSE214411","Myeloid",TRUE
0.0198764930376279,0.311201808139079,0.276,0.31,1,"IL13RA1","GSE214411","Myeloid",TRUE
0.0198785185370978,-0.905162395603199,0.024,0.042,1,"RP11-545E17.3","GSE214411","Myeloid",TRUE
0.0199210268078826,0.165096545229373,0.44,0.485,1,"ARL5B","GSE214411","Myeloid",TRUE
0.0199220521840759,2.36483186018199,0.016,0.005,1,"RP11-666O2.2","GSE214411","Myeloid",TRUE
0.0199232811277092,0.488371053977542,0.228,0.183,1,"PDLIM5","GSE214411","Myeloid",TRUE
0.0199681995581425,-2.98560159278677,0.013,0.026,1,"KLC4","GSE214411","Myeloid",TRUE
0.020051574896434,0.0778318015878066,0.065,0.091,1,"PYROXD1","GSE214411","Myeloid",TRUE
0.020069137595585,-2.50210938948096,0.013,0.026,1,"WFS1","GSE214411","Myeloid",TRUE
0.0200706027558322,-0.111990116091186,0.066,0.041,1,"RP11-147L13.15","GSE214411","Myeloid",TRUE
0.020074009628813,-0.119920296518014,0.017,0.033,1,"BLOC1S3","GSE214411","Myeloid",TRUE
0.0201039488202735,2.65861797965594,0.041,0.023,1,"XCL2","GSE214411","Myeloid",TRUE
0.0201072127348952,0.675876347735621,0.151,0.115,1,"PPM1F","GSE214411","Myeloid",TRUE
0.0201177721427903,-0.0476453658261834,0.268,0.302,1,"ATP6V1E1","GSE214411","Myeloid",TRUE
0.0201207523838441,-0.724854227216891,0.111,0.141,1,"MGA","GSE214411","Myeloid",TRUE
0.020122050642168,-0.208490030224431,0.138,0.173,1,"SUGP2","GSE214411","Myeloid",TRUE
0.0201784508471415,0.27672748999648,0.084,0.057,1,"SLC38A1","GSE214411","Myeloid",TRUE
0.0201907325796618,-0.205282915339871,0.11,0.14,1,"TUSC2","GSE214411","Myeloid",TRUE
0.0201957662907898,0.00110970445301972,0.552,0.605,1,"IQGAP1","GSE214411","Myeloid",TRUE
0.0202672989399152,-0.00349043018545397,0.388,0.422,1,"FKBP8","GSE214411","Myeloid",TRUE
0.0202808929497889,-0.213308407638563,0.102,0.133,1,"FAM127A","GSE214411","Myeloid",TRUE
0.0203078742828428,-1.05889066182515,0.026,0.044,1,"IL17RC","GSE214411","Myeloid",TRUE
0.0203192602947487,-0.23716369137161,0.404,0.441,1,"RAB20","GSE214411","Myeloid",TRUE
0.0203442894699269,-0.307635149856841,0.049,0.072,1,"METTL16","GSE214411","Myeloid",TRUE
0.0203555190484974,-0.0768478276720541,0.328,0.365,1,"SIRPA","GSE214411","Myeloid",TRUE
0.0203589607123062,0.565832939980679,0.205,0.164,1,"HPCAL1","GSE214411","Myeloid",TRUE
0.0203837310251171,-1.81674711997115,0.009,0.021,1,"LENG8-AS1","GSE214411","Myeloid",TRUE
0.0204222625027587,-0.8614807114983,0.083,0.11,1,"MTAP","GSE214411","Myeloid",TRUE
0.0204485834571642,-0.887317175519848,0.051,0.075,1,"GTF3C3","GSE214411","Myeloid",TRUE
0.0204523764316834,-0.253401077746732,0.035,0.056,1,"HLA-DQB2","GSE214411","Myeloid",TRUE
0.0204652579890334,-0.36901653994549,0.159,0.191,1,"NUDCD2","GSE214411","Myeloid",TRUE
0.0204823019637323,0.0861156501630538,0.117,0.149,1,"MBD6","GSE214411","Myeloid",TRUE
0.0204934604395514,0.811181431873196,0.128,0.095,1,"CLEC4E","GSE214411","Myeloid",TRUE
0.0205006821307786,-2.27124317285185,0.009,0.021,1,"RP11-400F19.6","GSE214411","Myeloid",TRUE
0.0205242950793897,-0.573179499802345,0.036,0.057,1,"DROSHA","GSE214411","Myeloid",TRUE
0.0205371106042612,-0.38201019328439,0.234,0.266,1,"COMMD9","GSE214411","Myeloid",TRUE
0.0205385450750116,-0.3213101667321,0.06,0.086,1,"MPHOSPH9","GSE214411","Myeloid",TRUE
0.0205401391400905,0.684024540484339,0.038,0.02,1,"SCN4B","GSE214411","Myeloid",TRUE
0.0205413903630273,-1.12849161841093,0.028,0.047,1,"P2RY8","GSE214411","Myeloid",TRUE
0.0205771930934364,-0.17229703626723,0.259,0.292,1,"PSMD2","GSE214411","Myeloid",TRUE
0.0206023769935497,-0.0501505912517621,0.096,0.125,1,"CEP85L","GSE214411","Myeloid",TRUE
0.0206026649630377,-1.08931038456203,0.017,0.033,1,"USP30-AS1","GSE214411","Myeloid",TRUE
0.0206102603182121,-0.95488476624258,0.039,0.06,1,"VPS52","GSE214411","Myeloid",TRUE
0.0206525611217549,-0.0207232130454367,0.101,0.13,1,"PTCD3","GSE214411","Myeloid",TRUE
0.020657526981107,-1.87143383487219,0.009,0.021,1,"IFT172","GSE214411","Myeloid",TRUE
0.0206808417666565,0.102038599020218,0.126,0.159,1,"CHMP1A","GSE214411","Myeloid",TRUE
0.0207304158685268,-0.238065971631724,0.127,0.092,1,"SSBP3","GSE214411","Myeloid",TRUE
0.0207495886125295,-0.854138007118165,0.049,0.072,1,"NDUFAF1","GSE214411","Myeloid",TRUE
0.0207792979793268,0.0540781567174169,0.064,0.09,1,"FGD3","GSE214411","Myeloid",TRUE
0.0207860772971531,-0.255630226784002,0.232,0.266,1,"TMEM70","GSE214411","Myeloid",TRUE
0.0208237205452673,1.64188831861336,0.033,0.017,1,"PPP1R16B","GSE214411","Myeloid",TRUE
0.0208349074072646,-0.219845711020975,0.092,0.121,1,"LEO1","GSE214411","Myeloid",TRUE
0.0208500314234003,-0.163700755922273,0.404,0.434,1,"RSRC2","GSE214411","Myeloid",TRUE
0.0209353769977845,-0.61309218929236,0.102,0.131,1,"SLC39A7","GSE214411","Myeloid",TRUE
0.020947218335613,-0.88518258374234,0.17,0.203,1,"SMARCA4","GSE214411","Myeloid",TRUE
0.0209589875196584,0.46908615951667,0.033,0.017,1,"SLC6A8","GSE214411","Myeloid",TRUE
0.0209627471582817,-1.30554261062619,0.013,0.026,1,"HIST1H2AE","GSE214411","Myeloid",TRUE
0.0209757015533994,-0.0157139573424129,0.364,0.399,1,"CBX3","GSE214411","Myeloid",TRUE
0.021037711316339,-0.168940001439625,0.146,0.179,1,"ANAPC13","GSE214411","Myeloid",TRUE
0.0210467539538825,2.39452808178221,0.022,0.01,1,"ST6GALNAC1","GSE214411","Myeloid",TRUE
0.0210766994335675,-0.213297826389986,0.023,0.041,1,"CLEC9A","GSE214411","Myeloid",TRUE
0.0210827384284696,1.07159373229751,0.559,0.63,1,"TIMP1","GSE214411","Myeloid",TRUE
0.0210831090557001,-0.641553245524216,0.147,0.178,1,"MRPS23","GSE214411","Myeloid",TRUE
0.0210853083076326,0.361621726276953,0.397,0.448,1,"IRF1","GSE214411","Myeloid",TRUE
0.0210919282637625,-0.37802749585699,0.182,0.217,1,"SAP30BP","GSE214411","Myeloid",TRUE
0.0211133564186003,0.479541010080806,0.225,0.178,1,"HIPK2","GSE214411","Myeloid",TRUE
0.0211191597594892,1.3850272534365,0.075,0.051,1,"TMEM164","GSE214411","Myeloid",TRUE
0.0211210290078349,1.07969078445353,0.085,0.058,1,"C17orf107","GSE214411","Myeloid",TRUE
0.0211396819479113,0.0847930921638147,0.202,0.238,1,"CTBS","GSE214411","Myeloid",TRUE
0.0211738223045533,0.22192477963832,0.013,0.026,1,"AGAP4","GSE214411","Myeloid",TRUE
0.0211791104766144,-0.999193106647009,0.043,0.065,1,"ZNF7","GSE214411","Myeloid",TRUE
0.0212014495883516,-0.924823861855617,0.075,0.103,1,"HEATR3","GSE214411","Myeloid",TRUE
0.0212024938418413,0.0452831575690311,0.297,0.332,1,"ISCU","GSE214411","Myeloid",TRUE
0.021207312168013,-0.131700620246213,0.124,0.156,1,"ARSA","GSE214411","Myeloid",TRUE
0.0212291451685199,-2.09423703047461,0.006,0.017,1,"ZSCAN21","GSE214411","Myeloid",TRUE
0.021244711027342,-0.0876580500076821,0.229,0.265,1,"RALGDS","GSE214411","Myeloid",TRUE
0.0212521231633959,-2.82308950845696,0.006,0.017,1,"ZNF449","GSE214411","Myeloid",TRUE
0.0213333413857273,-0.807098358580929,0.013,0.026,1,"LMLN","GSE214411","Myeloid",TRUE
0.0213573453126614,0.279501709948746,0.135,0.171,1,"RICTOR","GSE214411","Myeloid",TRUE
0.0213684935882007,-0.14816684262682,0.19,0.226,1,"NAP1L4","GSE214411","Myeloid",TRUE
0.0213816978866634,-0.977570467884751,0.074,0.1,1,"FBXO22","GSE214411","Myeloid",TRUE
0.0213892775654066,0.539909462198538,0.507,0.458,1,"ARRB2","GSE214411","Myeloid",TRUE
0.021403931550252,0.566901376208723,0.131,0.097,1,"DIP2B","GSE214411","Myeloid",TRUE
0.0214135765375716,-1.49095517914073,0.006,0.017,1,"ZKSCAN3","GSE214411","Myeloid",TRUE
0.0214228296468953,-1.20646711542795,0.019,0.035,1,"SCAMP1-AS1","GSE214411","Myeloid",TRUE
0.0214599018097892,-2.09284980294269,0.006,0.017,1,"AC023590.1","GSE214411","Myeloid",TRUE
0.0214623271026088,-0.876583557242981,0.035,0.055,1,"POLR3A","GSE214411","Myeloid",TRUE
0.0214682977698798,-0.550315036030579,0.026,0.044,1,"CISH","GSE214411","Myeloid",TRUE
0.0214805447291134,-0.356750048294393,0.182,0.213,1,"DEF6","GSE214411","Myeloid",TRUE
0.0214830971517687,-2.00600700681575,0.006,0.017,1,"HHAT","GSE214411","Myeloid",TRUE
0.0214844684095065,-0.0409832847153833,0.149,0.181,1,"UBR5","GSE214411","Myeloid",TRUE
0.0214982423658379,-0.0970029683539835,0.009,0.021,1,"TRIM59","GSE214411","Myeloid",TRUE
0.0215442658388962,-0.485693097588588,0.116,0.147,1,"QSER1","GSE214411","Myeloid",TRUE
0.0216048957160217,-0.405352807552246,0.189,0.219,1,"TMEM126A","GSE214411","Myeloid",TRUE
0.0216055309898106,-1.05973207470859,0.043,0.066,1,"CHAMP1","GSE214411","Myeloid",TRUE
0.0216394450429632,-0.577016917068351,0.188,0.215,1,"DCK","GSE214411","Myeloid",TRUE
0.0216424041529152,-0.0777259869074405,0.127,0.158,1,"FAM134A","GSE214411","Myeloid",TRUE
0.0216431102126169,-0.371047107571713,0.085,0.114,1,"SEC23IP","GSE214411","Myeloid",TRUE
0.0217001295010051,-0.881197537670005,0.102,0.13,1,"NCKAP5L","GSE214411","Myeloid",TRUE
0.0217123907103871,-1.83504764047704,0.013,0.028,1,"HIST1H2BD","GSE214411","Myeloid",TRUE
0.0217300167268831,-1.25711263860619,0.013,0.028,1,"LEPR","GSE214411","Myeloid",TRUE
0.0217783140637054,-0.316336143951621,0.025,0.043,1,"PTCH2","GSE214411","Myeloid",TRUE
0.0217910074304333,0.0183553714879867,0.024,0.042,1,"PDLIM4","GSE214411","Myeloid",TRUE
0.02183190643365,-0.187298600767662,0.258,0.294,1,"CCAR1","GSE214411","Myeloid",TRUE
0.0218415925660661,-0.489930380807573,0.171,0.2,1,"ALG5","GSE214411","Myeloid",TRUE
0.0218682792940004,-0.751715328467103,0.019,0.035,1,"RDH13","GSE214411","Myeloid",TRUE
0.0219027355270491,0.742805016410653,0.029,0.014,1,"RP11-680A11.5","GSE214411","Myeloid",TRUE
0.0219043617362064,-1.49325210182771,0.006,0.017,1,"ZNF175","GSE214411","Myeloid",TRUE
0.0219262915943909,-1.0436343270094,0.041,0.062,1,"P3H1","GSE214411","Myeloid",TRUE
0.0219339846419729,0.976256727876372,0.036,0.019,1,"NHSL2","GSE214411","Myeloid",TRUE
0.0219636430279929,-0.228900895572137,0.226,0.255,1,"TRAPPC3","GSE214411","Myeloid",TRUE
0.0220012584923706,-0.56087446207391,0.051,0.075,1,"ULK2","GSE214411","Myeloid",TRUE
0.0220143936343468,-0.454752005333972,0.074,0.1,1,"RRM1","GSE214411","Myeloid",TRUE
0.022091662750828,-0.0105637389478135,0.447,0.503,1,"JAML","GSE214411","Myeloid",TRUE
0.0220959813434305,0.463802173049758,0.009,0.021,1,"NHS","GSE214411","Myeloid",TRUE
0.0221010704633878,0.354809211804525,0.374,0.321,1,"NFIL3","GSE214411","Myeloid",TRUE
0.0221095541233865,-0.357767380156571,0.232,0.263,1,"STOML2","GSE214411","Myeloid",TRUE
0.0221621662010738,-1.54830039591644,0.022,0.038,1,"CFH","GSE214411","Myeloid",TRUE
0.0221623522738261,0.0723907093422005,0.103,0.136,1,"PDXDC1","GSE214411","Myeloid",TRUE
0.0221922899933825,-0.167429640769288,0.27,0.306,1,"HMGB2","GSE214411","Myeloid",TRUE
0.0222038313603714,-0.238364903114318,0.102,0.13,1,"MRE11A","GSE214411","Myeloid",TRUE
0.0222466858729475,-0.171154298921719,0.256,0.289,1,"ATP6V1D","GSE214411","Myeloid",TRUE
0.0223022320830538,3.75044249296771,0.008,0.001,1,"ELOVL7","GSE214411","Myeloid",TRUE
0.0223022320830538,4.91507057711441,0.008,0.001,1,"CCNA1","GSE214411","Myeloid",TRUE
0.0223022320830538,3.01163911970934,0.008,0.001,1,"PBX4","GSE214411","Myeloid",TRUE
0.0223101358693426,-0.358739518628367,0.22,0.249,1,"IMMT","GSE214411","Myeloid",TRUE
0.0223385014767917,3.19643735838813,0.008,0.001,1,"SYNPO","GSE214411","Myeloid",TRUE
0.0223455927494806,-0.47777051199844,0.116,0.148,1,"MB21D1","GSE214411","Myeloid",TRUE
0.0223533410487775,-0.676863101030882,0.019,0.035,1,"DECR2","GSE214411","Myeloid",TRUE
0.0223748221445592,2.4269459876477,0.008,0.001,1,"LOR","GSE214411","Myeloid",TRUE
0.0223836278461798,0.244463266193662,0.123,0.09,1,"CCR5","GSE214411","Myeloid",TRUE
0.0224022200159342,-1.10332338425029,0.033,0.053,1,"RP11-294J22.6","GSE214411","Myeloid",TRUE
0.0224111941449346,3.60544247076047,0.008,0.001,1,"APLN","GSE214411","Myeloid",TRUE
0.02242395210059,-0.338057989257106,0.098,0.128,1,"ZHX1","GSE214411","Myeloid",TRUE
0.0224389663886191,-0.141308404964432,0.302,0.335,1,"BBX","GSE214411","Myeloid",TRUE
0.0224592800734585,-0.136330307460992,0.025,0.043,1,"CCHCR1","GSE214411","Myeloid",TRUE
0.0224648406298848,1.90639521280531,0.027,0.013,1,"PDGFRB","GSE214411","Myeloid",TRUE
0.0224759234791197,-0.345600039619485,0.19,0.222,1,"PHKB","GSE214411","Myeloid",TRUE
0.022484092378039,4.43786628085078,0.008,0.001,1,"FRAS1","GSE214411","Myeloid",TRUE
0.0225089922741536,-1.15030662227629,0.028,0.047,1,"MXD3","GSE214411","Myeloid",TRUE
0.0225206187281418,1.98855792004497,0.008,0.001,1,"RP11-830F9.6","GSE214411","Myeloid",TRUE
0.0225518190706433,-0.714418800552177,0.12,0.153,1,"FAM13B","GSE214411","Myeloid",TRUE
0.0225571966456001,1.99572127320448,0.008,0.001,1,"RP11-98G7.1","GSE214411","Myeloid",TRUE
0.0225571966456001,2.90713230084792,0.008,0.001,1,"MARVELD2","GSE214411","Myeloid",TRUE
0.0225776833476036,-0.355305944420524,0.152,0.185,1,"AZI2","GSE214411","Myeloid",TRUE
0.0225782925460478,0.526955611815795,0.022,0.01,1,"RP11-268J15.5","GSE214411","Myeloid",TRUE
0.0225888750681069,0.536543672473732,0.257,0.211,1,"IRF7","GSE214411","Myeloid",TRUE
0.0225938261892095,1.31939036326392,0.008,0.001,1,"RP11-274B21.10","GSE214411","Myeloid",TRUE
0.0225938261892095,2.21794520801375,0.008,0.001,1,"CTB-50L17.14","GSE214411","Myeloid",TRUE
0.0225951337252741,-0.66123273133197,0.133,0.164,1,"UBE2Q2","GSE214411","Myeloid",TRUE
0.0226129364063234,0.273513853723826,0.082,0.055,1,"RP11-426C22.5","GSE214411","Myeloid",TRUE
0.0226305074178092,1.01996003340388,0.008,0.001,1,"RBM14-RBM4","GSE214411","Myeloid",TRUE
0.0226627767969084,-0.315567970560612,0.088,0.118,1,"BAG5","GSE214411","Myeloid",TRUE
0.0227509977375459,-0.200995434421665,0.464,0.503,1,"RBX1","GSE214411","Myeloid",TRUE
0.0227841551855709,-0.0213779269592618,0.63,0.692,1,"POMP","GSE214411","Myeloid",TRUE
0.022820003714275,-1.45616363580776,0.034,0.054,1,"KDM4A","GSE214411","Myeloid",TRUE
0.0228290215994005,-1.05201268088294,0.013,0.028,1,"ALS2","GSE214411","Myeloid",TRUE
0.0228347549381523,-0.337201062517547,0.25,0.282,1,"CLINT1","GSE214411","Myeloid",TRUE
0.0228495127833123,0.822856487386983,0.029,0.048,1,"C22orf46","GSE214411","Myeloid",TRUE
0.0228602441952625,-0.134353821198215,0.091,0.119,1,"SMAD4","GSE214411","Myeloid",TRUE
0.0228946813275682,-1.46985705836655,0.04,0.061,1,"CEP152","GSE214411","Myeloid",TRUE
0.0228963581939246,-0.842176494106075,0.01,0.022,1,"TMEM150B","GSE214411","Myeloid",TRUE
0.022908326019885,0.183390150257423,0.161,0.197,1,"KCNQ1OT1","GSE214411","Myeloid",TRUE
0.0229380725735603,-2.18033414741535,0.01,0.022,1,"AC025171.1","GSE214411","Myeloid",TRUE
0.0229589545079476,-1.91706535056181,0.01,0.022,1,"AC240274.1","GSE214411","Myeloid",TRUE
0.0229598018835217,-0.328868870914827,0.04,0.062,1,"PPIC","GSE214411","Myeloid",TRUE
0.0230287284860547,-0.415634611824471,0.093,0.121,1,"MCRS1","GSE214411","Myeloid",TRUE
0.0231029842902254,-0.945380288776326,0.053,0.076,1,"PTPN23","GSE214411","Myeloid",TRUE
0.0231348976050381,-0.487208802162982,0.256,0.281,1,"DCAF7","GSE214411","Myeloid",TRUE
0.0231882331186301,-0.148028808266835,0.409,0.442,1,"ANKRD11","GSE214411","Myeloid",TRUE
0.0232254474427488,-0.351273859154037,0.144,0.177,1,"ANAPC15","GSE214411","Myeloid",TRUE
0.0232468728165234,-1.21130024553334,0.02,0.036,1,"SLC22A5","GSE214411","Myeloid",TRUE
0.0232530399784641,-0.872770203489071,0.01,0.022,1,"POP1","GSE214411","Myeloid",TRUE
0.0232792716343386,0.443733588595441,0.575,0.599,1,"SRSF5","GSE214411","Myeloid",TRUE
0.0233274316435414,0.265431924123017,0.679,0.708,1,"CDC42","GSE214411","Myeloid",TRUE
0.0233579764634932,-1.53097322570565,0.048,0.07,1,"SLC7A6","GSE214411","Myeloid",TRUE
0.0233874250357728,-0.113612456881637,0.07,0.096,1,"TLR5","GSE214411","Myeloid",TRUE
0.0234086712488758,-0.435089187658622,0.057,0.081,1,"TCHP","GSE214411","Myeloid",TRUE
0.023422552881276,-1.65183938334997,0.01,0.022,1,"ZNF585A","GSE214411","Myeloid",TRUE
0.0234428894997362,0.619140050144562,0.238,0.194,1,"UFD1L","GSE214411","Myeloid",TRUE
0.023472002428811,-0.417813608164235,0.054,0.077,1,"CCP110","GSE214411","Myeloid",TRUE
0.0234843988515032,1.29945450433387,0.021,0.008,1,"ULBP2","GSE214411","Myeloid",TRUE
0.0235130123130209,0.693430747286404,0.049,0.029,1,"RP11-73E17.2","GSE214411","Myeloid",TRUE
0.0235222298193552,0.386620108659731,0.279,0.231,1,"ERN1","GSE214411","Myeloid",TRUE
0.0235265827906516,-0.169641419429948,0.031,0.05,1,"DVL2","GSE214411","Myeloid",TRUE
0.0235883937365047,-1.41065252117972,0.039,0.059,1,"ZNF138","GSE214411","Myeloid",TRUE
0.0235964767862401,-1.74193595095137,0.014,0.029,1,"GDAP1","GSE214411","Myeloid",TRUE
0.0236570094585383,-0.274869926726578,0.083,0.109,1,"NFYB","GSE214411","Myeloid",TRUE
0.023663025242392,0.609027075765197,0.131,0.097,1,"SLC12A6","GSE214411","Myeloid",TRUE
0.0236850886447326,0.70805367149491,0.047,0.028,1,"DHCR7","GSE214411","Myeloid",TRUE
0.023698162520502,-0.127502230856707,0.698,0.79,1,"RPL31","GSE214411","Myeloid",TRUE
0.0237012167207209,-0.237863099047156,0.209,0.245,1,"RBM26","GSE214411","Myeloid",TRUE
0.0237226566495569,-0.202088857409478,0.13,0.16,1,"SNAPIN","GSE214411","Myeloid",TRUE
0.0237626194258566,-0.52310949560435,0.214,0.244,1,"DCTN2","GSE214411","Myeloid",TRUE
0.0238378625521839,-0.234771490785505,0.21,0.242,1,"ZNF148","GSE214411","Myeloid",TRUE
0.0238645034395863,0.13105336033479,0.027,0.013,1,"PLIN5","GSE214411","Myeloid",TRUE
0.02386481393794,0.554819360949474,0.039,0.021,1,"KBTBD11","GSE214411","Myeloid",TRUE
0.02388021101936,0.0841973279663728,0.086,0.114,1,"NNT","GSE214411","Myeloid",TRUE
0.0239092599279105,-0.322908780332814,0.146,0.177,1,"KLHDC3","GSE214411","Myeloid",TRUE
0.0239204821469604,-0.617255339981072,0.104,0.132,1,"GAB3","GSE214411","Myeloid",TRUE
0.0239321957478212,2.53848416074776,0.005,0,1,"SPAG17","GSE214411","Myeloid",TRUE
0.0239321957478212,3.28584052745157,0.005,0,1,"CIART","GSE214411","Myeloid",TRUE
0.0239321957478212,2.11202976526305,0.005,0,1,"AC078883.3","GSE214411","Myeloid",TRUE
0.0239321957478212,4.28741482317361,0.005,0,1,"TREML2","GSE214411","Myeloid",TRUE
0.0239321957478212,3.56828482835822,0.005,0,1,"RP11-797H7.5","GSE214411","Myeloid",TRUE
0.0239321957478212,4.40057911918796,0.005,0,1,"RNF183","GSE214411","Myeloid",TRUE
0.0239321957478212,6.02616970934924,0.005,0,1,"PDGFD","GSE214411","Myeloid",TRUE
0.0239321957478212,4.23588589459694,0.005,0,1,"LINC00844","GSE214411","Myeloid",TRUE
0.0239321957478212,3.6196276205841,0.005,0,1,"CFAP43","GSE214411","Myeloid",TRUE
0.0239321957478212,3.44895082957513,0.005,0,1,"FREM2","GSE214411","Myeloid",TRUE
0.0239321957478212,2.50289332223688,0.005,0,1,"SLC28A1","GSE214411","Myeloid",TRUE
0.0239321957478212,4.05589144094224,0.005,0,1,"RP11-347C12.1","GSE214411","Myeloid",TRUE
0.0239321957478212,2.64205833853436,0.005,0,1,"RP11-212I21.5","GSE214411","Myeloid",TRUE
0.0239321957478212,5.07572442925766,0.005,0,1,"LIPG","GSE214411","Myeloid",TRUE
0.0239321957478212,2.13746235122752,0.005,0,1,"TMPRSS9","GSE214411","Myeloid",TRUE
0.0239321957478212,3.43529284314679,0.005,0,1,"RASD2","GSE214411","Myeloid",TRUE
0.0239321957478212,2.23686080555296,0.005,0,1,"FOXI1","GSE214411","Myeloid",TRUE
0.0239324090456168,-0.265050594562089,0.155,0.189,1,"RNF19A","GSE214411","Myeloid",TRUE
0.0239378473705259,-0.747518228543553,0.069,0.094,1,"MMAB","GSE214411","Myeloid",TRUE
0.0240034969091804,-0.32727276173138,0.04,0.06,1,"RMND1","GSE214411","Myeloid",TRUE
0.0240254258793665,-0.479681744591478,0.014,0.029,1,"CNNM3","GSE214411","Myeloid",TRUE
0.0240380478070451,-0.283109378070416,0.181,0.215,1,"TCEAL8","GSE214411","Myeloid",TRUE
0.0240426255749821,-2.38432446740687,0.003,0.011,1,"KCNG2","GSE214411","Myeloid",TRUE
0.0240426255749821,-2.56549327383983,0.003,0.011,1,"C1orf127","GSE214411","Myeloid",TRUE
0.0240449556437025,-0.314803038150619,0.112,0.143,1,"HSCB","GSE214411","Myeloid",TRUE
0.0240766023269522,-2.81431325123357,0.003,0.011,1,"COL9A3","GSE214411","Myeloid",TRUE
0.0240906278994536,-1.88170136079929,0.004,0.014,1,"ZNF724P","GSE214411","Myeloid",TRUE
0.0240965821486631,0.408688024124522,0.195,0.151,1,"SLC25A33","GSE214411","Myeloid",TRUE
0.024110889793992,-0.701814565558567,0.031,0.051,1,"TSPAN15","GSE214411","Myeloid",TRUE
0.0241278358333243,-1.15565509977785,0.06,0.085,1,"CDK10","GSE214411","Myeloid",TRUE
0.024133180351395,-0.0126142115940269,0.01,0.022,1,"DNAJC12","GSE214411","Myeloid",TRUE
0.0241742468918336,-0.233083237958081,0.285,0.314,1,"PYURF","GSE214411","Myeloid",TRUE
0.0242066381727794,-2.43425091173751,0.004,0.014,1,"FBXO36","GSE214411","Myeloid",TRUE
0.024212926001496,-2.11749047177709,0.003,0.011,1,"RP11-582J16.4","GSE214411","Myeloid",TRUE
0.0242471112918076,-2.93120979401031,0.003,0.011,1,"RP11-823E8.3","GSE214411","Myeloid",TRUE
0.0242648247060553,-1.73588178653844,0.004,0.014,1,"ZBTB47","GSE214411","Myeloid",TRUE
0.0242813384128832,-0.201458531726415,0.003,0.011,1,"TMEM119","GSE214411","Myeloid",TRUE
0.0242813384128832,-0.967908561699686,0.003,0.011,1,"SIGLEC15","GSE214411","Myeloid",TRUE
0.0242972298016582,-0.534386473451699,0.063,0.087,1,"C9orf91","GSE214411","Myeloid",TRUE
0.0243082427413291,-1.04977477945146,0.01,0.022,1,"E2F8","GSE214411","Myeloid",TRUE
0.0243091526094644,1.43013172551184,0.025,0.012,1,"PVT1","GSE214411","Myeloid",TRUE
0.0243134373146486,0.960275071455361,0.034,0.018,1,"TNFRSF18","GSE214411","Myeloid",TRUE
0.024322072898707,0.0033857522765568,0.116,0.084,1,"TOR4A","GSE214411","Myeloid",TRUE
0.0243285006324954,-0.106354355798614,0.218,0.254,1,"POLR2F","GSE214411","Myeloid",TRUE
0.0243499183117179,-1.99772933268161,0.003,0.011,1,"RP11-474I16.8","GSE214411","Myeloid",TRUE
0.0244186660270395,-2.00549710419141,0.003,0.011,1,"ZNF519","GSE214411","Myeloid",TRUE
0.0244186660270395,0.115049245842076,0.003,0.011,1,"ZNF763","GSE214411","Myeloid",TRUE
0.024442013107352,0.0439944291968071,0.056,0.081,1,"GTF3C5","GSE214411","Myeloid",TRUE
0.0244531029188197,-0.683347381987065,0.003,0.011,1,"RASL11B","GSE214411","Myeloid",TRUE
0.024461120475513,-0.870324162596737,0.014,0.029,1,"MKS1","GSE214411","Myeloid",TRUE
0.0244755634693288,-0.667972328590566,0.167,0.197,1,"TP53I13","GSE214411","Myeloid",TRUE
0.0244948923959189,0.166108007539357,0.411,0.355,1,"TUBA1C","GSE214411","Myeloid",TRUE
0.0245058558569694,0.0381432597871098,0.355,0.391,1,"SYF2","GSE214411","Myeloid",TRUE
0.0245221029767162,-0.874989079029298,0.003,0.011,1,"ERCC6L","GSE214411","Myeloid",TRUE
0.0245281668937611,-0.736451012105787,0.004,0.014,1,"LINC01006","GSE214411","Myeloid",TRUE
0.0245480557153218,-0.50660813856599,0.128,0.158,1,"ARRB1","GSE214411","Myeloid",TRUE
0.0245912716754886,0.498461319527007,0.003,0.011,1,"PYHIN1","GSE214411","Myeloid",TRUE
0.0245912716754886,0.304590857717297,0.003,0.011,1,"RP5-1112D6.7","GSE214411","Myeloid",TRUE
0.0246031990618565,-0.170774894584287,0.148,0.182,1,"SH3GL1","GSE214411","Myeloid",TRUE
0.0246334642744078,-1.08152135970427,0.014,0.029,1,"RP11-379H18.1","GSE214411","Myeloid",TRUE
0.0246406038097602,-0.20466956859852,0.178,0.21,1,"ODF3B","GSE214411","Myeloid",TRUE
0.0246460005087093,-0.948668959947476,0.004,0.014,1,"ZBTB49","GSE214411","Myeloid",TRUE
0.0246606405369195,0.800543075955676,0.197,0.156,1,"ATG2A","GSE214411","Myeloid",TRUE
0.0246762817434189,1.36242803456536,0.037,0.02,1,"MMP12","GSE214411","Myeloid",TRUE
0.0246831889683822,-0.713698992337026,0.041,0.062,1,"FHIT","GSE214411","Myeloid",TRUE
0.0247015188051671,-0.663629284815883,0.015,0.03,1,"MTG1","GSE214411","Myeloid",TRUE
0.024721166916342,-0.550444563144748,0.04,0.06,1,"CDK7","GSE214411","Myeloid",TRUE
0.0247754323490916,-0.259089868828983,0.323,0.352,1,"DDOST","GSE214411","Myeloid",TRUE
0.0247775452081856,-0.944866746246669,0.023,0.04,1,"FUZ","GSE214411","Myeloid",TRUE
0.0247828112873394,-0.0674917230225227,0.517,0.565,1,"NDUFS5","GSE214411","Myeloid",TRUE
0.0247859018672014,-0.330413925048277,0.058,0.083,1,"ARHGEF10L","GSE214411","Myeloid",TRUE
0.0247989551510224,0.363297618308742,0.221,0.176,1,"GTF2F2","GSE214411","Myeloid",TRUE
0.0248043805121863,-0.202714744809559,0.348,0.378,1,"HP1BP3","GSE214411","Myeloid",TRUE
0.0248587616835482,-0.469771351832384,0.041,0.062,1,"INPP5B","GSE214411","Myeloid",TRUE
0.0248696394948888,0.552336824041514,0.003,0.011,1,"TSKU","GSE214411","Myeloid",TRUE
0.0248749788251788,0.0652294432235818,0.097,0.125,1,"ESCO1","GSE214411","Myeloid",TRUE
0.0248968122386021,-0.193894525881646,0.411,0.448,1,"RIPK2","GSE214411","Myeloid",TRUE
0.0249619000656351,-0.660843507348254,0.049,0.072,1,"METTL17","GSE214411","Myeloid",TRUE
0.0249933990963202,-0.317746256816825,0.049,0.072,1,"RGS16","GSE214411","Myeloid",TRUE
0.0250052122099921,0.231375880417889,0.032,0.052,1,"AIM2","GSE214411","Myeloid",TRUE
0.0250570335730269,-0.421375070646182,0.007,0.018,1,"ZNF48","GSE214411","Myeloid",TRUE
0.0251188015425927,0.371434814452807,0.211,0.166,1,"IL4R","GSE214411","Myeloid",TRUE
0.0251326888676788,-0.260192423725994,0.391,0.429,1,"BANF1","GSE214411","Myeloid",TRUE
0.0251334934139796,-2.01587714005627,0.007,0.018,1,"ZNF778","GSE214411","Myeloid",TRUE
0.0251411191310152,-0.124797284632587,0.096,0.125,1,"RANGAP1","GSE214411","Myeloid",TRUE
0.0251640176665054,0.507376659770065,0.284,0.237,1,"AC058791.1","GSE214411","Myeloid",TRUE
0.0251775631751113,-1.3292098326262,0.011,0.023,1,"CTD-2287O16.5","GSE214411","Myeloid",TRUE
0.0252357539925219,-2.43411167799678,0.007,0.018,1,"CDKL3","GSE214411","Myeloid",TRUE
0.025243693266884,-0.625009952600494,0.058,0.082,1,"ZFYVE19","GSE214411","Myeloid",TRUE
0.0253204175659121,-0.217122624674426,0.065,0.09,1,"TBC1D10C","GSE214411","Myeloid",TRUE
0.025364085980026,-0.657895228111935,0.007,0.018,1,"ADRA2C","GSE214411","Myeloid",TRUE
0.0253647314413119,-0.768088979761262,0.062,0.087,1,"FASTKD2","GSE214411","Myeloid",TRUE
0.0253776804221385,-0.484271950494661,0.131,0.161,1,"TIA1","GSE214411","Myeloid",TRUE
0.0253898200376945,-0.398133031115782,0.007,0.018,1,"ZNF823","GSE214411","Myeloid",TRUE
0.0254002427768724,-0.0935968080969316,0.146,0.178,1,"C1orf123","GSE214411","Myeloid",TRUE
0.0254738588460519,-0.851637199822064,0.039,0.059,1,"MED23","GSE214411","Myeloid",TRUE
0.0254746291108386,-0.529237720282327,0.022,0.039,1,"ANLN","GSE214411","Myeloid",TRUE
0.0255533709055874,-1.08608035893682,0.011,0.023,1,"ZNF182","GSE214411","Myeloid",TRUE
0.025557948687624,-0.46725634031573,0.141,0.172,1,"WDFY2","GSE214411","Myeloid",TRUE
0.0255634045188029,0.779596695533527,0.019,0.007,1,"ADGRA2","GSE214411","Myeloid",TRUE
0.0255900107035645,0.450148512860843,0.037,0.02,1,"TPD52L1","GSE214411","Myeloid",TRUE
0.0255943332811794,0.0616954081099246,0.416,0.448,1,"YME1L1","GSE214411","Myeloid",TRUE
0.0256042151137219,-1.41186145107831,0.024,0.041,1,"RAB39A","GSE214411","Myeloid",TRUE
0.0256310537147177,0.181873207185254,0.021,0.037,1,"ELMO2","GSE214411","Myeloid",TRUE
0.0256321420862314,0.109755188946261,0.087,0.115,1,"CRNKL1","GSE214411","Myeloid",TRUE
0.0256780439198862,-0.454731764487734,0.097,0.124,1,"DCTN5","GSE214411","Myeloid",TRUE
0.0256781689486104,-1.10172736051019,0.015,0.03,1,"CCNE2","GSE214411","Myeloid",TRUE
0.0257032055696457,-0.0939994089838083,0.046,0.069,1,"ARID3B","GSE214411","Myeloid",TRUE
0.0257092868924725,-0.143307483736209,0.487,0.534,1,"CNBP","GSE214411","Myeloid",TRUE
0.0258093098484705,1.01170513905414,0.019,0.007,1,"RP11-336K24.12","GSE214411","Myeloid",TRUE
0.0258495996897106,-0.0220972817870999,0.474,0.507,1,"SPCS2","GSE214411","Myeloid",TRUE
0.0258612588905083,-0.144358812323858,0.037,0.02,1,"GEMIN4","GSE214411","Myeloid",TRUE
0.0258656373600896,-0.911873924524589,0.04,0.06,1,"PLA2G4C","GSE214411","Myeloid",TRUE
0.0258790632950414,-1.53119466924128,0.016,0.031,1,"GK-AS1","GSE214411","Myeloid",TRUE
0.0259015680389556,-0.681506466781397,0.044,0.066,1,"CEP41","GSE214411","Myeloid",TRUE
0.0259092663005244,-1.04552249822688,0.007,0.018,1,"ZNF786","GSE214411","Myeloid",TRUE
0.0259340217322306,-0.931944238600985,0.011,0.023,1,"LPP-AS2","GSE214411","Myeloid",TRUE
0.0259616624107632,0.908390101984859,0.094,0.067,1,"PER2","GSE214411","Myeloid",TRUE
0.0260236729182696,-0.185031540313093,0.132,0.164,1,"TMEM8A","GSE214411","Myeloid",TRUE
0.0260398211663391,-0.881832178093632,0.135,0.164,1,"WDR11","GSE214411","Myeloid",TRUE
0.0260619804687913,-0.381398557441316,0.198,0.231,1,"PMF1","GSE214411","Myeloid",TRUE
0.0260620266633293,-0.228839663800169,0.224,0.258,1,"ARMCX3","GSE214411","Myeloid",TRUE
0.0260932308465626,-0.364221892571416,0.007,0.018,1,"SCARF2","GSE214411","Myeloid",TRUE
0.02610412909923,0.306379683287066,0.034,0.054,1,"HAUS3","GSE214411","Myeloid",TRUE
0.0261196034516862,-0.0620006440895233,0.007,0.018,1,"ARHGAP20","GSE214411","Myeloid",TRUE
0.0261269357516233,0.39682787561567,0.606,0.626,1,"OST4","GSE214411","Myeloid",TRUE
0.0261607193132288,-0.0140247081101244,0.077,0.105,1,"SVIP","GSE214411","Myeloid",TRUE
0.026163501404345,-0.344695663804277,0.259,0.29,1,"ITGA4","GSE214411","Myeloid",TRUE
0.0261724177890739,-0.411298866599262,0.007,0.018,1,"STXBP4","GSE214411","Myeloid",TRUE
0.0262308784522186,-0.189244551946305,0.317,0.343,1,"NDUFA10","GSE214411","Myeloid",TRUE
0.0262316488317261,0.349415308635018,0.205,0.165,1,"NAF1","GSE214411","Myeloid",TRUE
0.0262712557912251,-1.35769227735875,0.027,0.044,1,"EFHC1","GSE214411","Myeloid",TRUE
0.0262717718223695,-0.853676562471025,0.101,0.127,1,"ZCCHC7","GSE214411","Myeloid",TRUE
0.0263469762246118,-0.412800520084007,0.127,0.157,1,"SRPRB","GSE214411","Myeloid",TRUE
0.0263509197173055,-0.623412485684259,0.14,0.169,1,"EXOC7","GSE214411","Myeloid",TRUE
0.0263629399459948,0.493909420864556,0.319,0.271,1,"PEA15","GSE214411","Myeloid",TRUE
0.0264499317454852,-0.065586840493018,0.053,0.076,1,"YARS2","GSE214411","Myeloid",TRUE
0.0265176522034795,-0.234019713077757,0.399,0.428,1,"SNRPD3","GSE214411","Myeloid",TRUE
0.0265446798827851,0.265207593573115,0.648,0.683,1,"SUB1","GSE214411","Myeloid",TRUE
0.0265714340271867,-0.31630845729096,0.101,0.129,1,"RPAP3","GSE214411","Myeloid",TRUE
0.0265976544110937,-0.810116770675042,0.016,0.031,1,"TRAF3IP2-AS1","GSE214411","Myeloid",TRUE
0.0265993436222923,-0.186851249135496,0.323,0.353,1,"PLBD1","GSE214411","Myeloid",TRUE
0.0266666359565044,-1.0995040208017,0.057,0.081,1,"BTBD2","GSE214411","Myeloid",TRUE
0.0267307917026432,0.190088790060544,0.248,0.204,1,"GPI","GSE214411","Myeloid",TRUE
0.0267467381858364,-0.605523374322202,0.098,0.125,1,"SGSM3","GSE214411","Myeloid",TRUE
0.0267742732830125,-0.509717048898548,0.096,0.124,1,"ATP13A1","GSE214411","Myeloid",TRUE
0.0267750307581066,-1.31878415025478,0.016,0.031,1,"C20orf96","GSE214411","Myeloid",TRUE
0.0268043174006757,0.66153733284307,0.032,0.017,1,"VSTM1","GSE214411","Myeloid",TRUE
0.0268258489199413,1.07538204819148,0.011,0.023,1,"BATF2","GSE214411","Myeloid",TRUE
0.0268305638560079,0.164456343331898,0.24,0.281,1,"HEBP2","GSE214411","Myeloid",TRUE
0.0268785306406622,1.36474739954429,0.105,0.077,1,"CPEB2","GSE214411","Myeloid",TRUE
0.0269331472048411,-1.26269642486642,0.01,0.002,1,"TRNP1","GSE214411","Myeloid",TRUE
0.0269484068496055,-0.170146020286722,0.102,0.13,1,"CEP164","GSE214411","Myeloid",TRUE
0.0270232703232153,-1.07762836416608,0.027,0.044,1,"PRIMPOL","GSE214411","Myeloid",TRUE
0.0270525681408445,-0.504699122183324,0.015,0.03,1,"APITD1","GSE214411","Myeloid",TRUE
0.0270929332015393,-0.0292574890451083,0.119,0.149,1,"CNOT8","GSE214411","Myeloid",TRUE
0.0271035804437842,-0.239853801397824,0.166,0.197,1,"PSIP1","GSE214411","Myeloid",TRUE
0.0271071550437153,-0.593673891100468,0.047,0.069,1,"ZBTB33","GSE214411","Myeloid",TRUE
0.0271233094015676,0.481487250253839,0.104,0.138,1,"TPM2","GSE214411","Myeloid",TRUE
0.0271583150620568,-1.32120186800081,0.017,0.032,1,"RANBP10","GSE214411","Myeloid",TRUE
0.0271663604609104,-0.51494849394353,0.142,0.176,1,"SAV1","GSE214411","Myeloid",TRUE
0.0271764531235408,-0.240155505470041,0.236,0.271,1,"PRKCSH","GSE214411","Myeloid",TRUE
0.0271964775786853,-0.847112315460044,0.01,0.002,1,"FGF11","GSE214411","Myeloid",TRUE
0.0272011922925653,-0.227998190867293,0.031,0.05,1,"MSH2","GSE214411","Myeloid",TRUE
0.0272618709995942,-0.71845050455681,0.082,0.108,1,"PSMD10","GSE214411","Myeloid",TRUE
0.0272628071372926,-0.284810907576556,0.382,0.41,1,"DNAJC8","GSE214411","Myeloid",TRUE
0.027297809130048,-0.841476365185867,0.067,0.092,1,"EIF2B2","GSE214411","Myeloid",TRUE
0.0273154152437027,-0.33597950215286,0.063,0.087,1,"ZNF641","GSE214411","Myeloid",TRUE
0.027329907222848,-0.762662080187961,0.073,0.099,1,"SCAPER","GSE214411","Myeloid",TRUE
0.0273488698316889,-0.848496050105285,0.027,0.044,1,"PUS3","GSE214411","Myeloid",TRUE
0.0273501083730545,0.0484114997413529,0.046,0.068,1,"ABCD3","GSE214411","Myeloid",TRUE
0.0273974032290817,-1.26955240468126,0.024,0.041,1,"ARHGAP11A","GSE214411","Myeloid",TRUE
0.0274266344987996,2.18239410774915,0.017,0.006,1,"SLX1A","GSE214411","Myeloid",TRUE
0.0274607036831828,0.0358159293188263,0.022,0.038,1,"LRRC4","GSE214411","Myeloid",TRUE
0.0274616178439117,-0.962262995944604,0.111,0.14,1,"RBMX2","GSE214411","Myeloid",TRUE
0.0274795022425422,-0.416001784769892,0.055,0.078,1,"MYL9","GSE214411","Myeloid",TRUE
0.0274866619497202,-0.664548867280229,0.012,0.024,1,"EID2B","GSE214411","Myeloid",TRUE
0.0274915595160337,-0.148841924101615,0.742,0.852,1,"PFN1","GSE214411","Myeloid",TRUE
0.0275023943528228,0.0617872591495066,0.137,0.168,1,"MAPK14","GSE214411","Myeloid",TRUE
0.0275162969326088,-0.727096116075545,0.061,0.085,1,"TMEM156","GSE214411","Myeloid",TRUE
0.0275319969782316,-0.449838497868936,0.03,0.048,1,"TRAF6","GSE214411","Myeloid",TRUE
0.0275826401105499,0.653209482275455,0.163,0.127,1,"FBXW11","GSE214411","Myeloid",TRUE
0.0276483422507016,-1.13041430349509,0.012,0.024,1,"THAP8","GSE214411","Myeloid",TRUE
0.0276506418006755,0.200323462876211,0.211,0.245,1,"CREB1","GSE214411","Myeloid",TRUE
0.0276946870059115,-1.14323852083111,0.012,0.024,1,"DCLRE1A","GSE214411","Myeloid",TRUE
0.0277216809119164,-0.962373166005545,0.036,0.056,1,"CHEK1","GSE214411","Myeloid",TRUE
0.0277364717567136,-0.758194692927701,0.094,0.122,1,"MFSD11","GSE214411","Myeloid",TRUE
0.0277375636976005,-2.17081978790331,0.018,0.033,1,"URB1-AS1","GSE214411","Myeloid",TRUE
0.0277679232472996,-0.998369646126267,0.078,0.104,1,"C1orf131","GSE214411","Myeloid",TRUE
0.0277864191079007,0.144439576037423,0.017,0.006,1,"TBKBP1","GSE214411","Myeloid",TRUE
0.0277907047209861,0.468621265683414,0.613,0.626,1,"CMTM6","GSE214411","Myeloid",TRUE
0.0278261125985105,-0.372360179330636,0.246,0.275,1,"AIMP1","GSE214411","Myeloid",TRUE
0.0278301355569672,-0.65705306197586,0.093,0.121,1,"ELP2","GSE214411","Myeloid",TRUE
0.0278807365724698,-1.29338541603252,0.012,0.024,1,"ACSM5","GSE214411","Myeloid",TRUE
0.0279316113155672,-0.935220732044576,0.079,0.104,1,"C15orf61","GSE214411","Myeloid",TRUE
0.0279595689782901,-0.583725183546659,0.059,0.083,1,"NOM1","GSE214411","Myeloid",TRUE
0.0279940572472742,1.25096612990054,0.032,0.017,1,"QSOX2","GSE214411","Myeloid",TRUE
0.0280072880852146,-0.463358713488247,0.171,0.201,1,"PPIP5K2","GSE214411","Myeloid",TRUE
0.0280102346408736,-1.71056147144038,0.027,0.044,1,"RIPK3","GSE214411","Myeloid",TRUE
0.0280630558617886,-0.265633004813666,0.236,0.267,1,"RAB34","GSE214411","Myeloid",TRUE
0.028075111071306,0.354281084316613,0.658,0.716,1,"SERP1","GSE214411","Myeloid",TRUE
0.0280759663828431,0.657841583547532,0.119,0.089,1,"RP6-159A1.4","GSE214411","Myeloid",TRUE
0.0280787281610483,-0.757583089799017,0.058,0.081,1,"ATP13A2","GSE214411","Myeloid",TRUE
0.0280816379787455,0.464600080819677,0.042,0.024,1,"TMTC2","GSE214411","Myeloid",TRUE
0.0280840511349664,-0.437201677114547,0.108,0.138,1,"CCNB1IP1","GSE214411","Myeloid",TRUE
0.0281329999042298,0.747235718275046,0.054,0.034,1,"ADGRG3","GSE214411","Myeloid",TRUE
0.0281996679808065,0.446236908664058,0.035,0.019,1,"ZNF395","GSE214411","Myeloid",TRUE
0.0282004899648407,-0.168097726786603,0.192,0.224,1,"NUMA1","GSE214411","Myeloid",TRUE
0.0283140161938652,-0.0607531095515946,0.441,0.483,1,"OSTC","GSE214411","Myeloid",TRUE
0.028362937393829,-0.30319989696623,0.027,0.044,1,"TIMM21","GSE214411","Myeloid",TRUE
0.0284283225322865,-0.786275714591403,0.155,0.185,1,"AGPS","GSE214411","Myeloid",TRUE
0.0284322977812047,0.587487004581944,0.077,0.053,1,"ABHD6","GSE214411","Myeloid",TRUE
0.0284330605383367,-0.193076155384846,0.068,0.093,1,"C11orf74","GSE214411","Myeloid",TRUE
0.0284384982407581,1.88607235474091,0.015,0.005,1,"PTP4A3","GSE214411","Myeloid",TRUE
0.0284501367462704,-0.17385305307379,0.22,0.249,1,"BRD7","GSE214411","Myeloid",TRUE
0.0284891667490436,-0.207222026169919,0.047,0.069,1,"ISLR","GSE214411","Myeloid",TRUE
0.0284952776868723,-0.212622002207685,0.332,0.359,1,"SNRNP70","GSE214411","Myeloid",TRUE
0.0285062126702542,-0.799037392724745,0.092,0.12,1,"MLKL","GSE214411","Myeloid",TRUE
0.028518915031368,0.874717929354208,0.041,0.064,1,"WEE1","GSE214411","Myeloid",TRUE
0.0285280476541567,0.921572002074839,0.08,0.055,1,"PHF2","GSE214411","Myeloid",TRUE
0.0285453247210671,-0.320274463283584,0.257,0.286,1,"FAM89B","GSE214411","Myeloid",TRUE
0.0285471718489296,-1.44912324515137,0.008,0.019,1,"TRAM2-AS1","GSE214411","Myeloid",TRUE
0.0286002663173919,-0.0660657801001261,0.243,0.279,1,"UBE2F","GSE214411","Myeloid",TRUE
0.0286058464205803,0.185984416200589,0.204,0.164,1,"PTPN7","GSE214411","Myeloid",TRUE
0.0286122494107386,2.72170547210093,0.031,0.016,1,"CASZ1","GSE214411","Myeloid",TRUE
0.0286195375188613,0.113875411848517,0.188,0.221,1,"USO1","GSE214411","Myeloid",TRUE
0.0286532902913583,2.02237162039942,0.031,0.016,1,"RP13-516M14.1","GSE214411","Myeloid",TRUE
0.0286572348556404,1.08588370401949,0.012,0.003,1,"GRB10","GSE214411","Myeloid",TRUE
0.0286572348556404,1.69955357075071,0.012,0.003,1,"PSAT1","GSE214411","Myeloid",TRUE
0.0286647014415989,0.431343502594514,0.06,0.086,1,"RAB3IL1","GSE214411","Myeloid",TRUE
0.0286755922093782,-0.0255540454535352,0.145,0.174,1,"SYMPK","GSE214411","Myeloid",TRUE
0.0288001350362831,2.90957298072736,0.012,0.003,1,"MAMLD1","GSE214411","Myeloid",TRUE
0.0288096680577307,-0.745167714950569,0.115,0.143,1,"ZFAND1","GSE214411","Myeloid",TRUE
0.0288316372021692,0.764443028293285,0.261,0.215,1,"WDR26","GSE214411","Myeloid",TRUE
0.0288371481489076,-0.0886517596861742,0.531,0.572,1,"ATP5J2","GSE214411","Myeloid",TRUE
0.0288383905875692,-0.31173628457026,0.181,0.211,1,"DNM1L","GSE214411","Myeloid",TRUE
0.0288502228348961,-0.375029053430136,0.008,0.019,1,"MORC2-AS1","GSE214411","Myeloid",TRUE
0.0288680511912862,0.362081894756303,0.041,0.062,1,"BTBD3","GSE214411","Myeloid",TRUE
0.0288695315873463,2.06797752911436,0.013,0.004,1,"ENPP3","GSE214411","Myeloid",TRUE
0.0288712003238886,-2.52213270597177,0.005,0.015,1,"ZC2HC1C","GSE214411","Myeloid",TRUE
0.0288787557560574,0.792784266511418,0.082,0.056,1,"CTAGE5","GSE214411","Myeloid",TRUE
0.0289539407317606,-0.440381497609751,0.118,0.147,1,"TRIM26","GSE214411","Myeloid",TRUE
0.0289791910501413,0.42861059193971,0.051,0.074,1,"GSKIP","GSE214411","Myeloid",TRUE
0.0289906390629589,-0.362220946253346,0.179,0.207,1,"PAPD4","GSE214411","Myeloid",TRUE
0.029001415984826,0.691566129392172,0.048,0.029,1,"P2RY10","GSE214411","Myeloid",TRUE
0.0290180691106997,0.717532341567025,0.088,0.062,1,"PGS1","GSE214411","Myeloid",TRUE
0.0290480452993989,0.32302468372518,0.016,0.031,1,"NQO1","GSE214411","Myeloid",TRUE
0.0290537108128206,-0.39508809493837,0.099,0.127,1,"CWC22","GSE214411","Myeloid",TRUE
0.0290677913097351,2.39128365643987,0.013,0.004,1,"TMEM136","GSE214411","Myeloid",TRUE
0.0290681334792367,0.747484485238115,0.023,0.011,1,"PDE2A","GSE214411","Myeloid",TRUE
0.0290820304747798,-0.837758775048298,0.032,0.051,1,"PTDSS2","GSE214411","Myeloid",TRUE
0.0290968041681413,-2.79578871516172,0.005,0.015,1,"RP1-30M3.5","GSE214411","Myeloid",TRUE
0.0290968041681413,-0.915013983961048,0.005,0.015,1,"XXbac-BPGBPG55C20.2","GSE214411","Myeloid",TRUE
0.0291305585190756,-0.473204279445871,0.124,0.154,1,"ASCC2","GSE214411","Myeloid",TRUE
0.0291448258455962,0.0972180247171486,0.093,0.12,1,"CDC16","GSE214411","Myeloid",TRUE
0.0291610535881042,-0.01535633768828,0.376,0.41,1,"SUPT4H1","GSE214411","Myeloid",TRUE
0.0291962781224251,0.9284924815961,0.012,0.003,1,"STRIP2","GSE214411","Myeloid",TRUE
0.0292738649382488,0.513110616892662,0.042,0.024,1,"CALCRL","GSE214411","Myeloid",TRUE
0.029315119459122,0.843249261518182,0.093,0.066,1,"METTL10","GSE214411","Myeloid",TRUE
0.0293229420031654,0.498153642716395,0.012,0.024,1,"FAM229B","GSE214411","Myeloid",TRUE
0.0293653836719677,-0.11288080260501,0.141,0.171,1,"NDUFS1","GSE214411","Myeloid",TRUE
0.029389888090507,-0.076492068900432,0.136,0.168,1,"DTX3L","GSE214411","Myeloid",TRUE
0.0293977808121396,0.568714089209077,0.081,0.056,1,"ZC3H7B","GSE214411","Myeloid",TRUE
0.0293991560751188,-0.113629146674055,0.155,0.185,1,"DGKZ","GSE214411","Myeloid",TRUE
0.0294147276409245,-0.438826785543752,0.1,0.128,1,"NUP210","GSE214411","Myeloid",TRUE
0.0294214790600427,0.691320922881085,0.296,0.246,1,"OSER1","GSE214411","Myeloid",TRUE
0.0294370790307789,0.0732863393030527,0.753,0.842,1,"RPL38","GSE214411","Myeloid",TRUE
0.0294410260974383,-0.332388706666091,0.099,0.069,1,"SH2B2","GSE214411","Myeloid",TRUE
0.0294543896715872,-2.50459700022078,0.005,0.015,1,"MAP10","GSE214411","Myeloid",TRUE
0.0294898654392715,-0.121627811407054,0.309,0.343,1,"RWDD1","GSE214411","Myeloid",TRUE
0.0295118287915753,-1.12127545495708,0.066,0.09,1,"SLC25A45","GSE214411","Myeloid",TRUE
0.0295685744700994,1.2711712574187,0.013,0.004,1,"RP1-266L20.2","GSE214411","Myeloid",TRUE
0.0296665965495146,-1.512289521006,0.048,0.069,1,"FBXL17","GSE214411","Myeloid",TRUE
0.0296699715804639,-0.279328372404623,0.049,0.071,1,"CRABP2","GSE214411","Myeloid",TRUE
0.0297055185020904,-0.0103392969658467,0.901,0.963,1,"TMSB10","GSE214411","Myeloid",TRUE
0.029714568198736,-2.47816987303773,0.002,0.008,1,"TMEM163","GSE214411","Myeloid",TRUE
0.029714568198736,-3.27691626792818,0.002,0.008,1,"COL4A2-AS2","GSE214411","Myeloid",TRUE
0.0297610518349946,-2.50141769741388,0.002,0.008,1,"LEKR1","GSE214411","Myeloid",TRUE
0.0297792473920409,-1.26627602345991,0.031,0.049,1,"NARS2","GSE214411","Myeloid",TRUE
0.0297827413152063,0.525485927861947,0.005,0.015,1,"RP11-731C17.2","GSE214411","Myeloid",TRUE
0.0297987299278548,-3.24187223107046,0,0.004,1,"ADGRB2","GSE214411","Myeloid",TRUE
0.0297987299278548,-4.63227225485201,0,0.004,1,"RP11-763B22.4","GSE214411","Myeloid",TRUE
0.0297987299278548,-2.63675532750777,0,0.004,1,"ST3GAL5-AS1","GSE214411","Myeloid",TRUE
0.0297987299278548,-2.29189664120201,0,0.004,1,"RP11-38C17.1","GSE214411","Myeloid",TRUE
0.0297987299278548,-3.43454593201561,0,0.004,1,"LINC01391","GSE214411","Myeloid",TRUE
0.0297987299278548,-3.09767767648591,0,0.004,1,"RP11-689P11.2","GSE214411","Myeloid",TRUE
0.0297987299278548,-4.68153335688555,0,0.004,1,"RP11-36B15.1","GSE214411","Myeloid",TRUE
0.0297987299278548,-3.00020815637756,0,0.004,1,"AADAT","GSE214411","Myeloid",TRUE
0.0297987299278548,-2.83208287043339,0,0.004,1,"CTD-2376I4.2","GSE214411","Myeloid",TRUE
0.0297987299278548,-2.77873855515025,0,0.004,1,"CDO1","GSE214411","Myeloid",TRUE
0.0297987299278548,-2.5123138499236,0,0.004,1,"ZBED8","GSE214411","Myeloid",TRUE
0.0297987299278548,-2.68132690248992,0,0.004,1,"GPRIN1","GSE214411","Myeloid",TRUE
0.0297987299278548,-2.43172134774011,0,0.004,1,"RP11-557H15.4","GSE214411","Myeloid",TRUE
0.0297987299278548,-2.9317164920149,0,0.004,1,"RAMP3","GSE214411","Myeloid",TRUE
0.0297987299278548,-2.21337732185772,0,0.004,1,"WEE2-AS1","GSE214411","Myeloid",TRUE
0.0297987299278548,-3.53206183601576,0,0.004,1,"NLGN4X","GSE214411","Myeloid",TRUE
0.0297987299278548,-2.8712279273172,0,0.004,1,"CDR1-AS","GSE214411","Myeloid",TRUE
0.0297987299278548,-5.10119468492393,0,0.004,1,"PNMA2","GSE214411","Myeloid",TRUE
0.0297987299278548,-4.61360673384528,0,0.004,1,"PPP1R26-AS1","GSE214411","Myeloid",TRUE
0.0297987299278548,-4.56982642665884,0,0.004,1,"TUB","GSE214411","Myeloid",TRUE
0.0297987299278548,-2.81518444408901,0,0.004,1,"TMEM9B-AS1","GSE214411","Myeloid",TRUE
0.0297987299278548,-2.57688189920376,0,0.004,1,"HRASLS2","GSE214411","Myeloid",TRUE
0.0297987299278548,-4.7668069914817,0,0.004,1,"KCNK4","GSE214411","Myeloid",TRUE
0.0297987299278548,-2.58332281037563,0,0.004,1,"RP11-119D9.1","GSE214411","Myeloid",TRUE
0.0297987299278548,-4.17029063416253,0,0.004,1,"CCDC89","GSE214411","Myeloid",TRUE
0.0297987299278548,-3.11176990276081,0,0.004,1,"RP11-110I1.12","GSE214411","Myeloid",TRUE
0.0297987299278548,-3.73632169433566,0,0.004,1,"FAM13C","GSE214411","Myeloid",TRUE
0.0297987299278548,-3.25307353139286,0,0.004,1,"JMJD1C-AS1","GSE214411","Myeloid",TRUE
0.0297987299278548,-2.78685012391851,0,0.004,1,"CNNM1","GSE214411","Myeloid",TRUE
0.0297987299278548,-2.36705577458196,0,0.004,1,"C10orf91","GSE214411","Myeloid",TRUE
0.0297987299278548,-2.20698692960667,0,0.004,1,"RP11-87C12.5","GSE214411","Myeloid",TRUE
0.0297987299278548,-2.74002761628469,0,0.004,1,"DIO3OS","GSE214411","Myeloid",TRUE
0.0297987299278548,-2.54363092116378,0,0.004,1,"RP11-154J22.1","GSE214411","Myeloid",TRUE
0.0297987299278548,-2.73122697986589,0,0.004,1,"CTD-2647E9.3","GSE214411","Myeloid",TRUE
0.0297987299278548,-2.28288409633955,0,0.004,1,"IRX3","GSE214411","Myeloid",TRUE
0.0297987299278548,-2.62425680227578,0,0.004,1,"AC109333.10","GSE214411","Myeloid",TRUE
0.0297987299278548,-2.76155133127081,0,0.004,1,"MARCH10","GSE214411","Myeloid",TRUE
0.0297987299278548,-2.9295115526638,0,0.004,1,"RP11-799B12.4","GSE214411","Myeloid",TRUE
0.0297987299278548,-3.55475385856855,0,0.004,1,"RNF165","GSE214411","Myeloid",TRUE
0.0297987299278548,-2.64210397764668,0,0.004,1,"RP11-405M12.4","GSE214411","Myeloid",TRUE
0.0297987299278548,-2.48584531924285,0,0.004,1,"ZNF730","GSE214411","Myeloid",TRUE
0.0297987299278548,-2.80368536222204,0,0.004,1,"RP4-539M6.22","GSE214411","Myeloid",TRUE
0.0297987299278548,-4.82152084496876,0,0.004,1,"B3GALT5","GSE214411","Myeloid",TRUE
0.0297987299278548,-4.41149782221438,0,0.004,1,"UBASH3A","GSE214411","Myeloid",TRUE
0.0297987299278548,-2.55828097866084,0,0.004,1,"DIO1","GSE214411","Myeloid",TRUE
0.0297987299278548,-2.92238031954227,0,0.004,1,"RP11-83C7.1","GSE214411","Myeloid",TRUE
0.0298334398266376,-0.60410322731223,0.113,0.141,1,"MRC2","GSE214411","Myeloid",TRUE
0.0298569590850305,-0.972840338975712,0.101,0.127,1,"CUL2","GSE214411","Myeloid",TRUE
0.0298571667433358,-0.320249776514621,0.178,0.207,1,"RRP7A","GSE214411","Myeloid",TRUE
0.0298648993962085,-1.0166494322188,0.029,0.047,1,"FAM206A","GSE214411","Myeloid",TRUE
0.0299008780693556,-3.81377084151337,0.002,0.008,1,"PRH1","GSE214411","Myeloid",TRUE
0.0299008780693556,-3.84607212952053,0.002,0.008,1,"DOK6","GSE214411","Myeloid",TRUE
0.0299476121436077,-2.25616124982534,0.002,0.008,1,"WASF3","GSE214411","Myeloid",TRUE
0.0299721510508699,-0.398322394969706,0.111,0.14,1,"PPM1K","GSE214411","Myeloid",TRUE
0.029999427229714,-0.0391032204149862,0.012,0.024,1,"MT1M","GSE214411","Myeloid",TRUE
0.0300144557492117,-1.24752544006445,0.005,0.015,1,"AC011043.1","GSE214411","Myeloid",TRUE
0.0300412686844278,-2.55320308659095,0.002,0.008,1,"MAP3K9","GSE214411","Myeloid",TRUE
0.0300417889397762,-0.555681739962867,0.1,0.127,1,"CRCP","GSE214411","Myeloid",TRUE
0.0300790278138011,0.754022032551986,0.244,0.203,1,"PHC2","GSE214411","Myeloid",TRUE
0.0300881912838457,-1.74615164094402,0.002,0.008,1,"TNFSF4","GSE214411","Myeloid",TRUE
0.0300881912838457,-2.05637168639409,0.002,0.008,1,"HIST1H2BL","GSE214411","Myeloid",TRUE
0.0301351768579038,-0.717794984081973,0.002,0.008,1,"ASAP3","GSE214411","Myeloid",TRUE
0.0302221874619206,-0.0540948993734893,0.102,0.135,1,"SPP1","GSE214411","Myeloid",TRUE
0.0302293371960924,-1.04566927493698,0.002,0.008,1,"NPHP1","GSE214411","Myeloid",TRUE
0.0302765120934009,-1.07130735177104,0.002,0.008,1,"ZNF667","GSE214411","Myeloid",TRUE
0.0302979066605366,1.37485567286908,0.022,0.01,1,"KRT23","GSE214411","Myeloid",TRUE
0.0303237502317062,-2.8007175013488,0.002,0.008,1,"RP11-449H3.3","GSE214411","Myeloid",TRUE
0.030354714403627,-1.49769247291405,0.039,0.058,1,"UMPS","GSE214411","Myeloid",TRUE
0.030357502561242,-0.289648088546071,0.03,0.048,1,"ZNF576","GSE214411","Myeloid",TRUE
0.0303738900587914,-0.152858147103584,0.156,0.186,1,"PMPCB","GSE214411","Myeloid",TRUE
0.0303798840099778,-0.711357735010357,0.044,0.065,1,"PIGQ","GSE214411","Myeloid",TRUE
0.0304115397649148,-0.209157935242497,0.142,0.172,1,"CBX1","GSE214411","Myeloid",TRUE
0.0304132626670294,-0.513226758547134,0.032,0.051,1,"IQCG","GSE214411","Myeloid",TRUE
0.0304186628850604,-0.0308387091626906,0.226,0.262,1,"RBM22","GSE214411","Myeloid",TRUE
0.0304554725775379,-0.456841390499368,0.09,0.117,1,"RRAGD","GSE214411","Myeloid",TRUE
0.0304763156376033,-0.2198965391298,0.203,0.234,1,"MMP24-AS1","GSE214411","Myeloid",TRUE
0.0305980068239267,0.0958565946980894,0.057,0.081,1,"LONRF1","GSE214411","Myeloid",TRUE
0.0306291205219447,-1.11184006454954,0.046,0.067,1,"SENP1","GSE214411","Myeloid",TRUE
0.0306297799784653,-0.0556160662911314,0.028,0.046,1,"FNBP1L","GSE214411","Myeloid",TRUE
0.0306583152923943,-0.816735041679479,0.013,0.025,1,"BDH1","GSE214411","Myeloid",TRUE
0.0306654056130611,-0.666475193460294,0.028,0.046,1,"CD2","GSE214411","Myeloid",TRUE
0.0306669121845652,0.347509587970669,0.199,0.16,1,"RALGAPA1","GSE214411","Myeloid",TRUE
0.0306852308236958,-0.860698260969954,0.097,0.124,1,"ZMYND11","GSE214411","Myeloid",TRUE
0.0306967251336306,0.352781068861188,0.187,0.148,1,"CCNK","GSE214411","Myeloid",TRUE
0.0307032734637098,-0.979318768099478,0.036,0.055,1,"PLCD1","GSE214411","Myeloid",TRUE
0.0307036277298978,1.51133200842342,0.026,0.013,1,"C11orf21","GSE214411","Myeloid",TRUE
0.0307105951730015,-0.0436067009650176,0.082,0.109,1,"BCL2L1","GSE214411","Myeloid",TRUE
0.0307390841021215,-0.577711076577069,0.105,0.132,1,"CRYL1","GSE214411","Myeloid",TRUE
0.0308193854752129,-0.251009983281341,0.084,0.11,1,"FAM3A","GSE214411","Myeloid",TRUE
0.0308400133930989,-0.360501987005751,0.226,0.258,1,"CD151","GSE214411","Myeloid",TRUE
0.0308851420929719,-1.95812423090609,0.009,0.02,1,"RP11-1007O24.3","GSE214411","Myeloid",TRUE
0.0309358015140918,0.0585740671972981,0.042,0.064,1,"GINS4","GSE214411","Myeloid",TRUE
0.0309578765318967,-0.532462435864645,0.052,0.074,1,"TMEM161A","GSE214411","Myeloid",TRUE
0.0309700685347186,-0.262374211495889,0.094,0.122,1,"KCNQ1","GSE214411","Myeloid",TRUE
0.031001006949882,-0.838738815956787,0.047,0.068,1,"MTFMT","GSE214411","Myeloid",TRUE
0.0310134810267233,0.642221388173363,0.57,0.583,1,"HIF1A","GSE214411","Myeloid",TRUE
0.0311246079882532,0.0442403989480935,0.15,0.112,1,"KIAA0100","GSE214411","Myeloid",TRUE
0.0311556002252799,0.253010047984561,0.101,0.072,1,"CHERP","GSE214411","Myeloid",TRUE
0.0311667439732942,0.41916174686474,0.164,0.203,1,"XPO6","GSE214411","Myeloid",TRUE
0.0312273288834918,-0.193884876953968,0.078,0.104,1,"DENND4C","GSE214411","Myeloid",TRUE
0.0312490087143366,-0.378630731454007,0.031,0.049,1,"LINS1","GSE214411","Myeloid",TRUE
0.0312612801163022,-0.177346667657893,0.019,0.034,1,"CRHBP","GSE214411","Myeloid",TRUE
0.0313042219622808,-0.324246364258305,0.222,0.25,1,"DDX39A","GSE214411","Myeloid",TRUE
0.0313950513238549,-0.248855983283449,0.248,0.279,1,"UTRN","GSE214411","Myeloid",TRUE
0.0314696374417603,-0.219061411944588,0.11,0.139,1,"DHX30","GSE214411","Myeloid",TRUE
0.031470209698279,-0.16451776293143,0.057,0.079,1,"MTOR","GSE214411","Myeloid",TRUE
0.031548208879218,0.169158129833678,0.018,0.033,1,"ZNF761","GSE214411","Myeloid",TRUE
0.0315523339906986,-0.906255197862603,0.02,0.035,1,"RP11-626G11.3","GSE214411","Myeloid",TRUE
0.0315591355660765,0.265835566487904,0.645,0.768,1,"LYZ","GSE214411","Myeloid",TRUE
0.0315604739853818,-0.318562743683974,0.179,0.209,1,"MIA3","GSE214411","Myeloid",TRUE
0.0315627682091493,-0.122909754367344,0.299,0.329,1,"ANKRD44","GSE214411","Myeloid",TRUE
0.0316276340217878,1.37001000823134,0.07,0.048,1,"ATP2A3","GSE214411","Myeloid",TRUE
0.0316291251947932,-0.303150664312525,0.034,0.053,1,"UTP14C","GSE214411","Myeloid",TRUE
0.0316630876208723,-0.207548244835997,0.137,0.165,1,"CHD8","GSE214411","Myeloid",TRUE
0.0317339606362601,-0.605037283640999,0.013,0.025,1,"PRRX1","GSE214411","Myeloid",TRUE
0.0317418103835984,-0.780795750804461,0.013,0.026,1,"PLK4","GSE214411","Myeloid",TRUE
0.0317585429491834,-0.619544152672677,0.06,0.084,1,"TXNDC16","GSE214411","Myeloid",TRUE
0.0317894564183722,-0.429385718625175,0.034,0.053,1,"CMTR1","GSE214411","Myeloid",TRUE
0.0318352158485448,0.488978875569272,0.038,0.021,1,"ZNF687","GSE214411","Myeloid",TRUE
0.0318509825840381,-0.293098378765362,0.183,0.211,1,"CEP57","GSE214411","Myeloid",TRUE
0.0319338365699814,-1.72527765348044,0.02,0.035,1,"TSPYL4","GSE214411","Myeloid",TRUE
0.0319368986859187,1.49836367945244,0.026,0.013,1,"SYNPO2","GSE214411","Myeloid",TRUE
0.0320003838953395,-0.475221868201973,0.146,0.177,1,"PCSK7","GSE214411","Myeloid",TRUE
0.0320026375320668,-2.86088626271897,0.004,0.012,1,"TTC30B","GSE214411","Myeloid",TRUE
0.032050292182773,-0.884087950626086,0.038,0.057,1,"RBSN","GSE214411","Myeloid",TRUE
0.0320612599393138,-0.320424344718987,0.189,0.218,1,"POLR2H","GSE214411","Myeloid",TRUE
0.032094827007334,-1.51758631729955,0.009,0.02,1,"TNFSF18","GSE214411","Myeloid",TRUE
0.0321073735843884,-0.813843318291361,0.061,0.084,1,"ATAD2","GSE214411","Myeloid",TRUE
0.0321319007448258,0.000200149207012501,0.114,0.146,1,"SLC11A2","GSE214411","Myeloid",TRUE
0.0321508590660395,-0.631393312849474,0.049,0.07,1,"SACS","GSE214411","Myeloid",TRUE
0.032164875325559,-1.20119797159678,0.004,0.012,1,"LINC00968","GSE214411","Myeloid",TRUE
0.032170732717283,-0.495091504551081,0.205,0.23,1,"SUPT16H","GSE214411","Myeloid",TRUE
0.0321751801636652,0.360680889096646,0.149,0.115,1,"RHBDD2","GSE214411","Myeloid",TRUE
0.0321890637170835,-1.23087638018053,0.034,0.053,1,"CEP57L1","GSE214411","Myeloid",TRUE
0.0322332883110965,0.237991583593027,0.02,0.035,1,"UBL7-AS1","GSE214411","Myeloid",TRUE
0.0322657229917919,0.0756543249129051,0.029,0.047,1,"MRVI1","GSE214411","Myeloid",TRUE
0.0322992657446204,1.09262004493597,0.196,0.16,1,"GOLPH3","GSE214411","Myeloid",TRUE
0.0323003391921885,-1.46239041175768,0.009,0.02,1,"AP000476.1","GSE214411","Myeloid",TRUE
0.0323072553776924,-0.188875108868382,0.045,0.066,1,"DNAJA3","GSE214411","Myeloid",TRUE
0.0323116731600574,-0.368723020409959,0.128,0.157,1,"STX6","GSE214411","Myeloid",TRUE
0.0323301270843609,0.08221846929959,0.093,0.121,1,"RAB3GAP2","GSE214411","Myeloid",TRUE
0.0323876547252951,-0.37608887507393,0.061,0.085,1,"CDK5","GSE214411","Myeloid",TRUE
0.0323890871263498,-0.0317171685680312,0.402,0.432,1,"CSNK2B","GSE214411","Myeloid",TRUE
0.0324504876905675,-0.837490106702045,0.004,0.012,1,"HAND2-AS1","GSE214411","Myeloid",TRUE
0.0324548068057298,-0.633553205817039,0.031,0.049,1,"HOXA10","GSE214411","Myeloid",TRUE
0.0324882664759485,-0.957571410294548,0.044,0.065,1,"RP11-35G9.3","GSE214411","Myeloid",TRUE
0.0324914662856796,-1.58684194085525,0.004,0.012,1,"APOBEC3D","GSE214411","Myeloid",TRUE
0.0325021356466564,-0.938247065145114,0.069,0.093,1,"SLC33A1","GSE214411","Myeloid",TRUE
0.0325085774161447,-0.418892329371763,0.271,0.301,1,"HMHA1","GSE214411","Myeloid",TRUE
0.0325205498439689,-0.976793812780189,0.05,0.072,1,"THOC3","GSE214411","Myeloid",TRUE
0.0325212691718204,-1.63220679495534,0.022,0.037,1,"GTSF1","GSE214411","Myeloid",TRUE
0.032532489200143,-0.506340309890902,0.004,0.012,1,"PGBD4","GSE214411","Myeloid",TRUE
0.0325835140257784,-0.751522030183271,0.045,0.066,1,"GPKOW","GSE214411","Myeloid",TRUE
0.0325840893719729,-0.582988312564867,0.16,0.189,1,"MCFD2","GSE214411","Myeloid",TRUE
0.0325917058678813,-0.0397524592808762,0.109,0.139,1,"MALSU1","GSE214411","Myeloid",TRUE
0.0325958833665947,-0.995015043527053,0.009,0.02,1,"ACP6","GSE214411","Myeloid",TRUE
0.0326236213824357,-0.0674345881934276,0.385,0.413,1,"HNRNPR","GSE214411","Myeloid",TRUE
0.0326533011561649,-0.786483190805243,0.033,0.052,1,"MANEA","GSE214411","Myeloid",TRUE
0.032701112761493,-0.303141096537928,0.127,0.154,1,"ZC3H7A","GSE214411","Myeloid",TRUE
0.0328160534950086,-1.09883042590377,0.03,0.048,1,"PDSS1","GSE214411","Myeloid",TRUE
0.032835569925331,-0.197688476144935,0.109,0.137,1,"COA5","GSE214411","Myeloid",TRUE
0.0328937405967793,-2.13982638574452,0.009,0.02,1,"CCDC134","GSE214411","Myeloid",TRUE
0.0329521250249228,0.140383778162849,0.388,0.334,1,"GRINA","GSE214411","Myeloid",TRUE
0.0329643203760721,-0.402241904666808,0.156,0.185,1,"DCUN1D1","GSE214411","Myeloid",TRUE
0.0330364083322474,0.101087286903854,0.149,0.181,1,"LRPPRC","GSE214411","Myeloid",TRUE
0.0331269169428193,0.469387233537827,0.282,0.236,1,"LINC00152","GSE214411","Myeloid",TRUE
0.033132309378296,-0.24537821257861,0.155,0.185,1,"UPF3A","GSE214411","Myeloid",TRUE
0.0331861103725943,-0.253169966119208,0.391,0.413,1,"PSMA5","GSE214411","Myeloid",TRUE
0.0331915102460308,0.893196928816717,0.063,0.041,1,"WWC2","GSE214411","Myeloid",TRUE
0.0332080957047271,-0.512681028707435,0.084,0.11,1,"SRBD1","GSE214411","Myeloid",TRUE
0.0332402397361013,-0.0522068730639731,0.078,0.104,1,"AARS","GSE214411","Myeloid",TRUE
0.0332720139703792,0.31454083605302,0.167,0.131,1,"AC013461.1","GSE214411","Myeloid",TRUE
0.0332999608012054,-0.878252953108772,0.036,0.055,1,"MYO19","GSE214411","Myeloid",TRUE
0.0333390907254463,0.567872889205037,0.069,0.047,1,"STARD8","GSE214411","Myeloid",TRUE
0.0333770698614183,0.0483824656071032,0.224,0.258,1,"IL17RA","GSE214411","Myeloid",TRUE
0.0333866696699546,-0.840907450407659,0.013,0.026,1,"LMAN2L","GSE214411","Myeloid",TRUE
0.0334210515446879,-0.725553069342087,0.051,0.073,1,"IDO1","GSE214411","Myeloid",TRUE
0.0334260245210142,-0.335005983647739,0.066,0.089,1,"UNC45A","GSE214411","Myeloid",TRUE
0.0334402959018052,-0.105804857929768,0.034,0.053,1,"ZNF438","GSE214411","Myeloid",TRUE
0.0334473232578795,0.206685366291251,0.03,0.048,1,"CBY1","GSE214411","Myeloid",TRUE
0.033501236758901,0.0164066677825558,0.049,0.07,1,"ACVRL1","GSE214411","Myeloid",TRUE
0.0336448170696653,-0.00618438504588559,0.473,0.525,1,"ATP5H","GSE214411","Myeloid",TRUE
0.0336948605214444,-0.643671664980959,0.063,0.087,1,"C11orf1","GSE214411","Myeloid",TRUE
0.0337239297822743,-0.032246994917398,0.034,0.053,1,"KRBOX4","GSE214411","Myeloid",TRUE
0.0337755728226782,-0.417310819584411,0.083,0.109,1,"SMPDL3A","GSE214411","Myeloid",TRUE
0.0337892466079608,0.456940298700689,0.02,0.035,1,"KBTBD7","GSE214411","Myeloid",TRUE
0.0338151284291229,-0.60165587035958,0.022,0.038,1,"ZNF93","GSE214411","Myeloid",TRUE
0.0338268443731131,-0.690039753845541,0.041,0.061,1,"FBXO8","GSE214411","Myeloid",TRUE
0.0338331273173799,0.0447109192158219,0.021,0.036,1,"AP3M2","GSE214411","Myeloid",TRUE
0.0338966976590503,1.11379742848519,0.041,0.024,1,"TP53I11","GSE214411","Myeloid",TRUE
0.0339444070005145,-0.325657879953875,0.296,0.324,1,"TMEM259","GSE214411","Myeloid",TRUE
0.0339451949001667,-0.283155552470735,0.047,0.068,1,"TACO1","GSE214411","Myeloid",TRUE
0.0339485743838443,-0.269704100599651,0.022,0.037,1,"ZNF605","GSE214411","Myeloid",TRUE
0.0339695328433462,0.0447973178603773,0.585,0.667,1,"RTN4","GSE214411","Myeloid",TRUE
0.0340270566217223,0.527104787301323,0.213,0.172,1,"TNRC18","GSE214411","Myeloid",TRUE
0.0340571724888713,0.449939777839973,0.535,0.525,1,"HNRNPF","GSE214411","Myeloid",TRUE
0.0340671873535844,-2.45365132217199,0.001,0.006,1,"HIST1H2AB","GSE214411","Myeloid",TRUE
0.0340671873535844,-4.06815945585757,0.001,0.006,1,"TRO","GSE214411","Myeloid",TRUE
0.0340671873535844,-2.557918148565,0.001,0.006,1,"ACTL10","GSE214411","Myeloid",TRUE
0.0340729795277524,-0.000546991197833385,0.408,0.434,1,"XRN2","GSE214411","Myeloid",TRUE
0.0340773456529416,-0.479163946757176,0.169,0.197,1,"SMARCE1","GSE214411","Myeloid",TRUE
0.0340979950806524,0.192954738816795,0.021,0.036,1,"TROAP","GSE214411","Myeloid",TRUE
0.0341296156493013,-2.58674131424339,0.001,0.006,1,"C5orf17","GSE214411","Myeloid",TRUE
0.0341296156493013,-2.3191292306546,0.001,0.006,1,"CARMN","GSE214411","Myeloid",TRUE
0.0341296156493013,-3.17748222236599,0.001,0.006,1,"RP11-775D22.2","GSE214411","Myeloid",TRUE
0.0341296156493013,-3.26662535884191,0.001,0.006,1,"CDH13","GSE214411","Myeloid",TRUE
0.0341296156493013,-2.1404641558494,0.001,0.006,1,"ZNF324B","GSE214411","Myeloid",TRUE
0.0341402253709937,-0.544769281547584,0.073,0.097,1,"VPS16","GSE214411","Myeloid",TRUE
0.0341570209703388,-1.35767498535166,0.022,0.038,1,"PRSS36","GSE214411","Myeloid",TRUE
0.0341714430012946,-0.847832917382826,0.045,0.066,1,"UBR7","GSE214411","Myeloid",TRUE
0.0341740613315042,-1.87423883870343,0.006,0.016,1,"ARL10","GSE214411","Myeloid",TRUE
0.0341751906386929,0.00870715104001896,0.039,0.058,1,"ZNF646","GSE214411","Myeloid",TRUE
0.0341921416999126,-2.54290175545154,0.001,0.006,1,"RP4-798A10.2","GSE214411","Myeloid",TRUE
0.0341921416999126,-2.22107659378768,0.001,0.006,1,"RP11-79P5.9","GSE214411","Myeloid",TRUE
0.0341921416999126,-3.38369122806866,0.001,0.006,1,"FBXO16","GSE214411","Myeloid",TRUE
0.0341921416999126,-2.3239242440551,0.001,0.006,1,"RP11-848P1.3","GSE214411","Myeloid",TRUE
0.0341921416999126,-3.12725886237112,0.001,0.006,1,"PRAME","GSE214411","Myeloid",TRUE
0.0342094872802391,-1.92726675726982,0.006,0.016,1,"ATP1B3-AS1","GSE214411","Myeloid",TRUE
0.0342097866269976,-1.23850108414357,0.022,0.037,1,"ZNF205","GSE214411","Myeloid",TRUE
0.0342547656243315,-2.07470029654079,0.001,0.006,1,"RP11-379B8.1","GSE214411","Myeloid",TRUE
0.0342547656243315,-2.26687757410132,0.001,0.006,1,"GATSL2","GSE214411","Myeloid",TRUE
0.0342547656243315,-2.47200078414708,0.001,0.006,1,"RP11-104N10.1","GSE214411","Myeloid",TRUE
0.0342610950878917,-1.34719442665618,0.014,0.028,1,"ZNHIT2","GSE214411","Myeloid",TRUE
0.0342972382281643,0.031145436592281,0.022,0.037,1,"RFXAP","GSE214411","Myeloid",TRUE
0.0343174875415504,-1.94855548542345,0.001,0.006,1,"CFAP57","GSE214411","Myeloid",TRUE
0.0343174875415504,-3.62529721302303,0.001,0.006,1,"GPER1","GSE214411","Myeloid",TRUE
0.0343174875415504,-1.84952614533438,0.001,0.006,1,"RBM26-AS1","GSE214411","Myeloid",TRUE
0.0343254985146653,-0.0764218595230628,0.043,0.064,1,"FRS2","GSE214411","Myeloid",TRUE
0.0343398583087902,-0.549390748844158,0.191,0.219,1,"NIFK","GSE214411","Myeloid",TRUE
0.0343483146607184,-0.531984762565715,0.045,0.066,1,"UTP20","GSE214411","Myeloid",TRUE
0.0343515050980455,-2.31774576356316,0.006,0.016,1,"RGMB","GSE214411","Myeloid",TRUE
0.0343766155526379,0.498502362379741,0.465,0.434,1,"XBP1","GSE214411","Myeloid",TRUE
0.0343803075706409,-1.6890998264883,0.001,0.006,1,"RAD9B","GSE214411","Myeloid",TRUE
0.0343803075706409,-1.73588117854268,0.001,0.006,1,"ZNF135","GSE214411","Myeloid",TRUE
0.0344127773855387,-0.333469133210702,0.067,0.092,1,"UBN2","GSE214411","Myeloid",TRUE
0.0344423422944397,-0.395849373528012,0.177,0.204,1,"ORAI1","GSE214411","Myeloid",TRUE
0.0344430120752522,0.0980815926859382,0.02,0.035,1,"DLGAP5","GSE214411","Myeloid",TRUE
0.0344432258307537,0.103515185851784,0.001,0.006,1,"SH2D1B","GSE214411","Myeloid",TRUE
0.0344432258307537,-0.158898320358694,0.001,0.006,1,"HIST1H2AM","GSE214411","Myeloid",TRUE
0.0344432258307537,0.500916544607059,0.001,0.006,1,"RP1-111C20.4","GSE214411","Myeloid",TRUE
0.0344432258307537,-0.497388437702801,0.001,0.006,1,"CEL","GSE214411","Myeloid",TRUE
0.0344432258307537,-0.739895742976519,0.001,0.006,1,"ZNF835","GSE214411","Myeloid",TRUE
0.0344620044460462,-0.665708426143025,0.088,0.112,1,"XXYLT1","GSE214411","Myeloid",TRUE
0.0344763786740465,0.294687051895871,0.19,0.153,1,"SPN","GSE214411","Myeloid",TRUE
0.0344875401127903,0.0317111329519817,0.169,0.199,1,"TOR1AIP1","GSE214411","Myeloid",TRUE
0.0344940263897775,-0.86462067395275,0.006,0.016,1,"CDPF1","GSE214411","Myeloid",TRUE
0.034529733581658,-1.63280451071614,0.006,0.016,1,"GUCY1A2","GSE214411","Myeloid",TRUE
0.0345357384370643,-0.618186927318154,0.046,0.067,1,"CC2D1A","GSE214411","Myeloid",TRUE
0.0345394893279345,-0.0763213309013406,0.802,0.893,1,"SERF2","GSE214411","Myeloid",TRUE
0.0346728881245157,-1.2104567745251,0.006,0.016,1,"AR","GSE214411","Myeloid",TRUE
0.0346728881245157,-1.11118858532328,0.006,0.016,1,"SYT1","GSE214411","Myeloid",TRUE
0.0346909434762274,-0.121655568194141,0.265,0.293,1,"NDUFS4","GSE214411","Myeloid",TRUE
0.0347116687217841,0.612333463673323,0.134,0.166,1,"CEP63","GSE214411","Myeloid",TRUE
0.0347556057479654,-2.2727767885546,0.01,0.021,1,"FUT10","GSE214411","Myeloid",TRUE
0.0347805849363241,-2.23619659848436,0.006,0.016,1,"SMAD6","GSE214411","Myeloid",TRUE
0.0348037559874915,0.160080621543154,0.037,0.056,1,"SPECC1L","GSE214411","Myeloid",TRUE
0.0348213523700086,-0.73736921550078,0.114,0.142,1,"SH3TC1","GSE214411","Myeloid",TRUE
0.0348525414104389,-3.03301506695668,0.006,0.016,1,"AC142472.6","GSE214411","Myeloid",TRUE
0.0348771073756029,-1.57010618188186,0.01,0.021,1,"RP4-728D4.2","GSE214411","Myeloid",TRUE
0.0349088165632546,-0.188781804199767,0.063,0.087,1,"NUP107","GSE214411","Myeloid",TRUE
0.0349441988501711,0.230662097533535,0.6,0.592,1,"CSTB","GSE214411","Myeloid",TRUE
0.0349684714463349,-2.90907852937114,0.01,0.021,1,"POMZP3","GSE214411","Myeloid",TRUE
0.0349758053863202,-0.298195824070384,0.044,0.065,1,"JADE2","GSE214411","Myeloid",TRUE
0.034981876190354,-0.087187678629785,0.333,0.361,1,"MDH1","GSE214411","Myeloid",TRUE
0.0350732399432426,0.117056551320871,0.303,0.333,1,"ARID1A","GSE214411","Myeloid",TRUE
0.0351294873752384,-0.873252078641984,0.081,0.106,1,"PMM1","GSE214411","Myeloid",TRUE
0.0351531839788421,-0.596376904816445,0.188,0.217,1,"ABCE1","GSE214411","Myeloid",TRUE
0.0351597743071414,-0.778664819993664,0.006,0.016,1,"GPR161","GSE214411","Myeloid",TRUE
0.0351840725591918,-0.371762390061362,0.1,0.126,1,"ADPRHL2","GSE214411","Myeloid",TRUE
0.0352663676773965,-0.360518032431177,0.182,0.211,1,"TMEM205","GSE214411","Myeloid",TRUE
0.0352710304578015,-0.191343045184652,0.074,0.1,1,"COL6A1","GSE214411","Myeloid",TRUE
0.0352869550785249,-0.906263963526572,0.006,0.016,1,"AC009133.12","GSE214411","Myeloid",TRUE
0.0352996186599858,0.442419289112161,0.071,0.048,1,"PDK1","GSE214411","Myeloid",TRUE
0.0353351621297829,-0.322070381597634,0.107,0.133,1,"SPG7","GSE214411","Myeloid",TRUE
0.0353409328380146,-0.340836789786877,0.107,0.133,1,"LRRK1","GSE214411","Myeloid",TRUE
0.0354034127453632,2.22417677478699,0.018,0.007,1,"LINC01004","GSE214411","Myeloid",TRUE
0.0354252596019753,-0.451017849978777,0.069,0.093,1,"CEP95","GSE214411","Myeloid",TRUE
0.0354849775087802,0.0303539182384017,0.237,0.27,1,"MIER1","GSE214411","Myeloid",TRUE
0.0355657583718854,0.546715563949923,0.418,0.376,1,"SFT2D1","GSE214411","Myeloid",TRUE
0.0356600587798745,0.0440606101687304,0.29,0.32,1,"DUT","GSE214411","Myeloid",TRUE
0.0356688257410734,0.387510422738844,0.471,0.423,1,"EIF1B","GSE214411","Myeloid",TRUE
0.0357027402044457,3.16379529892027,0.007,0.001,1,"TDRD9","GSE214411","Myeloid",TRUE
0.0357027402044457,2.89283676948915,0.007,0.001,1,"RP11-645C24.5","GSE214411","Myeloid",TRUE
0.0358174749090616,1.9323596378463,0.007,0.001,1,"SLC22A14","GSE214411","Myeloid",TRUE
0.0358508417894398,0.118781938178532,0.061,0.084,1,"SLC35A5","GSE214411","Myeloid",TRUE
0.0358610919432164,-0.460946933321619,0.126,0.158,1,"IFI27","GSE214411","Myeloid",TRUE
0.035867685249455,0.158715788833826,0.275,0.306,1,"TERF2IP","GSE214411","Myeloid",TRUE
0.0358749600839468,4.75564969151807,0.007,0.001,1,"ORM1","GSE214411","Myeloid",TRUE
0.0358749600839468,2.98063405351634,0.007,0.001,1,"RP13-39P12.3","GSE214411","Myeloid",TRUE
0.0358749600839468,2.24824948384008,0.007,0.001,1,"ZMIZ1-AS1","GSE214411","Myeloid",TRUE
0.0358808458832245,0.395250409017015,0.48,0.467,1,"YBX3","GSE214411","Myeloid",TRUE
0.0358935602405857,-0.269238430456658,0.014,0.028,1,"PALB2","GSE214411","Myeloid",TRUE
0.0359271639955519,-0.0586088002730665,0.145,0.111,1,"TBL2","GSE214411","Myeloid",TRUE
0.0359274572249848,-0.479559740718228,0.04,0.059,1,"ZBED5-AS1","GSE214411","Myeloid",TRUE
0.0359384350664071,0.790595480092852,0.2,0.164,1,"PTK2B","GSE214411","Myeloid",TRUE
0.0359580771576144,0.870285619714803,0.031,0.017,1,"OCRL","GSE214411","Myeloid",TRUE
0.03597420502862,-0.346823005832208,0.014,0.028,1,"RBPMS","GSE214411","Myeloid",TRUE
0.0359920630506681,-0.60789396653057,0.076,0.101,1,"IPO9","GSE214411","Myeloid",TRUE
0.0360684199418949,-0.266946715062185,0.119,0.147,1,"RCBTB2","GSE214411","Myeloid",TRUE
0.0361056882070472,1.6280842113498,0.007,0.001,1,"AP001462.6","GSE214411","Myeloid",TRUE
0.0361079731607615,0.575219599593569,0.483,0.459,1,"BNIP3L","GSE214411","Myeloid",TRUE
0.0361175930754519,-0.174194380979503,0.062,0.086,1,"MBD1","GSE214411","Myeloid",TRUE
0.0361341345151418,-0.0272660378563672,0.185,0.218,1,"UGCG","GSE214411","Myeloid",TRUE
0.0361635675098328,1.45627783485867,0.007,0.001,1,"RHOV","GSE214411","Myeloid",TRUE
0.0361635675098328,1.08751927997802,0.007,0.001,1,"FAM83G","GSE214411","Myeloid",TRUE
0.0362599728787164,0.61081576865044,0.033,0.052,1,"DUS2","GSE214411","Myeloid",TRUE
0.0362803462127053,-0.354068003917391,0.084,0.11,1,"DHX8","GSE214411","Myeloid",TRUE
0.0363484781490298,-0.600123817536353,0.182,0.209,1,"RUFY3","GSE214411","Myeloid",TRUE
0.0363558277802714,-0.315794180220792,0.156,0.185,1,"SUCLG2","GSE214411","Myeloid",TRUE
0.036415134055759,-0.0679255277341992,0.042,0.062,1,"FBXL6","GSE214411","Myeloid",TRUE
0.0364194048109862,-1.96111088916046,0.015,0.029,1,"MNS1","GSE214411","Myeloid",TRUE
0.0364480401743052,-0.0854026122761702,0.261,0.292,1,"MPC1","GSE214411","Myeloid",TRUE
0.0364715561626002,-0.201120530456785,0.024,0.04,1,"HECTD3","GSE214411","Myeloid",TRUE
0.0365002286837632,-0.0965946034354381,0.052,0.033,1,"LINC00869","GSE214411","Myeloid",TRUE
0.0365740913306656,0.852307056538352,0.031,0.017,1,"CYP51A1","GSE214411","Myeloid",TRUE
0.0366106550370169,-0.16992866017729,0.062,0.085,1,"ZADH2","GSE214411","Myeloid",TRUE
0.0366237585888612,-0.0023013768163338,0.031,0.017,1,"LDLRAD3","GSE214411","Myeloid",TRUE
0.0366566703655174,-0.41875597260462,0.065,0.088,1,"RP11-1094M14.11","GSE214411","Myeloid",TRUE
0.0366627753241299,-0.254444022012202,0.164,0.192,1,"PDHA1","GSE214411","Myeloid",TRUE
0.036805166456,-0.546112332997402,0.096,0.123,1,"TMEM199","GSE214411","Myeloid",TRUE
0.0368467862347238,-1.20094253082214,0.015,0.029,1,"FAM173B","GSE214411","Myeloid",TRUE
0.0369144625671345,-0.0806452088842358,0.018,0.007,1,"DTX3","GSE214411","Myeloid",TRUE
0.0369348476536884,0.0991617660176205,0.01,0.021,1,"PKDCC","GSE214411","Myeloid",TRUE
0.0369526352951761,-0.260165465690723,0.13,0.158,1,"ARHGAP17","GSE214411","Myeloid",TRUE
0.0369849609378892,0.313167681937707,0.608,0.622,1,"ZFAS1","GSE214411","Myeloid",TRUE
0.0370628729763758,1.88816202394274,0.027,0.014,1,"RP11-708J19.1","GSE214411","Myeloid",TRUE
0.0371185391315556,-1.72243946186941,0.016,0.03,1,"ACADSB","GSE214411","Myeloid",TRUE
0.0371515789631605,-0.50939400612058,0.049,0.071,1,"NXPE3","GSE214411","Myeloid",TRUE
0.0372233061503503,0.523689866627302,0.01,0.021,1,"TRIP13","GSE214411","Myeloid",TRUE
0.0372535847911276,-0.886516166215601,0.074,0.097,1,"BRIX1","GSE214411","Myeloid",TRUE
0.0373056377443081,-0.179782196768358,0.09,0.064,1,"PGM1","GSE214411","Myeloid",TRUE
0.0373364650185175,0.403808522913221,0.281,0.236,1,"SH3BP2","GSE214411","Myeloid",TRUE
0.0373596171595076,-0.241389645903613,0.365,0.386,1,"SNRPD1","GSE214411","Myeloid",TRUE
0.0373610835400215,-0.33983029431356,0.018,0.007,1,"ARAP3","GSE214411","Myeloid",TRUE
0.0374542017537088,-1.59525288956419,0.04,0.058,1,"PRKAB1","GSE214411","Myeloid",TRUE
0.0374634926986194,-0.367731449845758,0.159,0.186,1,"PCNXL4","GSE214411","Myeloid",TRUE
0.0374671949351103,-0.62719651581589,0.118,0.144,1,"CEBPG","GSE214411","Myeloid",TRUE
0.0375031437448061,-0.446884587857553,0.066,0.089,1,"MTG2","GSE214411","Myeloid",TRUE
0.0375900583606948,-0.105063500652821,0.117,0.145,1,"SCOC","GSE214411","Myeloid",TRUE
0.0375966153783749,-2.21694701798813,0.011,0.022,1,"FLVCR1-AS1","GSE214411","Myeloid",TRUE
0.0376031399700328,-0.603256411618279,0.068,0.091,1,"PTRH1","GSE214411","Myeloid",TRUE
0.0376555400783573,-0.126230481834957,0.289,0.318,1,"TBL1XR1","GSE214411","Myeloid",TRUE
0.0376624739800511,-0.189646894923889,0.025,0.041,1,"RP11-326I11.3","GSE214411","Myeloid",TRUE
0.0376910631619054,-2.27694135912837,0.011,0.022,1,"PHF7","GSE214411","Myeloid",TRUE
0.0377188204885565,-0.479429864777678,0.259,0.286,1,"SHTN1","GSE214411","Myeloid",TRUE
0.0377855251224982,0.310713217826979,0.196,0.231,1,"RABGAP1L","GSE214411","Myeloid",TRUE
0.037792072681149,0.16406468317003,0.268,0.219,1,"RASSF2","GSE214411","Myeloid",TRUE
0.0378210147522087,-0.12386451073828,0.245,0.274,1,"COA4","GSE214411","Myeloid",TRUE
0.0378240472436689,-1.02812639896556,0.026,0.042,1,"ZFP14","GSE214411","Myeloid",TRUE
0.0378470631060122,0.0315438317638272,0.049,0.07,1,"KIAA1147","GSE214411","Myeloid",TRUE
0.037866678826094,-0.33872609345225,0.08,0.105,1,"YIPF2","GSE214411","Myeloid",TRUE
0.0378819039408386,1.12427898167559,0.037,0.021,1,"MPP7","GSE214411","Myeloid",TRUE
0.0379275319942949,-1.393018013648,0.031,0.049,1,"ZNF846","GSE214411","Myeloid",TRUE
0.0379645848764685,-0.208130587740573,0.163,0.194,1,"ITGAV","GSE214411","Myeloid",TRUE
0.0379828140962523,-0.677005946612688,0.027,0.043,1,"MARCH9","GSE214411","Myeloid",TRUE
0.0380081243715506,0.643201938966279,0.045,0.028,1,"PLPPR2","GSE214411","Myeloid",TRUE
0.0380419431630679,0.0904355423922025,0.776,0.882,1,"RPS25","GSE214411","Myeloid",TRUE
0.0380427464450159,-0.453624140211812,0.128,0.156,1,"TMEM251","GSE214411","Myeloid",TRUE
0.0380462888454741,-0.470649998289194,0.022,0.038,1,"CCDC51","GSE214411","Myeloid",TRUE
0.038132630734038,0.519880803981298,0.048,0.03,1,"CRISPLD2","GSE214411","Myeloid",TRUE
0.0381344863669604,-1.23471524152408,0.011,0.022,1,"FMO5","GSE214411","Myeloid",TRUE
0.0381345916529404,-2.03542334377152,0.016,0.03,1,"ANKMY1","GSE214411","Myeloid",TRUE
0.0382644929362093,-0.186991020906099,0.062,0.085,1,"USF3","GSE214411","Myeloid",TRUE
0.038272269189583,0.183819713024215,0.325,0.276,1,"STIP1","GSE214411","Myeloid",TRUE
0.0382768857330925,0.669336727869449,0.123,0.094,1,"RABGEF1","GSE214411","Myeloid",TRUE
0.0383100482289096,-0.839541713521386,0.036,0.054,1,"CFLAR-AS1","GSE214411","Myeloid",TRUE
0.0383173666123184,0.768785853523038,0.05,0.032,1,"ZNRF1","GSE214411","Myeloid",TRUE
0.038351484799337,-0.586947421522721,0.016,0.03,1,"WDR89","GSE214411","Myeloid",TRUE
0.0383791813024814,0.236155905895234,0.059,0.083,1,"WIPI1","GSE214411","Myeloid",TRUE
0.0384008276927332,-0.399061096068604,0.028,0.044,1,"ANKRD36B","GSE214411","Myeloid",TRUE
0.0384234482985146,-0.0728148223338088,0.675,0.796,1,"HNRNPA1","GSE214411","Myeloid",TRUE
0.0384996748967191,-0.756396919878381,0.054,0.075,1,"SLC18B1","GSE214411","Myeloid",TRUE
0.0385187728143797,-1.080653519249,0.045,0.065,1,"TRIM52","GSE214411","Myeloid",TRUE
0.0385296588077966,-0.124947724405623,0.27,0.299,1,"NAA20","GSE214411","Myeloid",TRUE
0.0385871696301825,-0.47907374691518,0.031,0.049,1,"ZNF33B","GSE214411","Myeloid",TRUE
0.0385967421918905,-0.476079132518063,0.016,0.03,1,"TMEM110","GSE214411","Myeloid",TRUE
0.0386596318759484,0.377223893788288,0.033,0.052,1,"SLC37A1","GSE214411","Myeloid",TRUE
0.0386617460697659,-0.0326633499204303,0.112,0.139,1,"PHKG2","GSE214411","Myeloid",TRUE
0.0387177178402297,-0.147445618118458,0.763,0.889,1,"RPL23","GSE214411","Myeloid",TRUE
0.0387622973234043,-1.33436748892596,0.031,0.048,1,"COQ6","GSE214411","Myeloid",TRUE
0.0388411088989477,0.452290825945477,0.207,0.172,1,"TOB1","GSE214411","Myeloid",TRUE
0.0388547233204987,-0.453938991672079,0.03,0.047,1,"SLC22A18AS","GSE214411","Myeloid",TRUE
0.0388614584678541,-0.289482977518423,0.158,0.188,1,"ITM2C","GSE214411","Myeloid",TRUE
0.0389049612527536,0.21930924376886,0.011,0.022,1,"PSMC3IP","GSE214411","Myeloid",TRUE
0.0389419745873363,-1.26390740533604,0.031,0.048,1,"ST6GALNAC6","GSE214411","Myeloid",TRUE
0.0389931694438894,-0.71445348531741,0.047,0.068,1,"NEDD1","GSE214411","Myeloid",TRUE
0.0389946269307469,-0.985550173382626,0.051,0.072,1,"ANKRD36C","GSE214411","Myeloid",TRUE
0.0390461001529809,-0.182837492706983,0.157,0.186,1,"USP47","GSE214411","Myeloid",TRUE
0.0390483579485846,1.76649141271807,0.016,0.006,1,"HACD1","GSE214411","Myeloid",TRUE
0.0390483579485846,2.04243589533537,0.016,0.006,1,"TTC28","GSE214411","Myeloid",TRUE
0.0390521796188252,-1.028453753541,0.033,0.051,1,"CDKAL1","GSE214411","Myeloid",TRUE
0.0390905736876469,0.804627484193551,0.067,0.046,1,"TCF20","GSE214411","Myeloid",TRUE
0.039100535565066,0.291004250208913,0.226,0.256,1,"CACUL1","GSE214411","Myeloid",TRUE
0.0391303377179351,-0.0832083927701319,0.105,0.077,1,"ANKHD1","GSE214411","Myeloid",TRUE
0.0391393068349211,0.16589260669371,0.16,0.191,1,"MAP3K3","GSE214411","Myeloid",TRUE
0.039145863300811,-1.09067226503188,0.017,0.031,1,"CENPBD1","GSE214411","Myeloid",TRUE
0.039164755771987,1.40016737110666,0.062,0.041,1,"TGFA","GSE214411","Myeloid",TRUE
0.0391899677027091,0.0462378735550486,0.191,0.222,1,"TSNAX","GSE214411","Myeloid",TRUE
0.0392407594435795,-0.54912528601887,0.017,0.031,1,"ADAT2","GSE214411","Myeloid",TRUE
0.0392596629332425,-0.471520859266205,0.093,0.118,1,"EP400","GSE214411","Myeloid",TRUE
0.0392719976041494,-2.2624849496435,0.02,0.034,1,"HES6","GSE214411","Myeloid",TRUE
0.0393139660300909,4.00838456926046,0.004,0,1,"HPCAL4","GSE214411","Myeloid",TRUE
0.0393139660300909,2.26406015621735,0.004,0,1,"RP11-656D10.3","GSE214411","Myeloid",TRUE
0.0393139660300909,3.66364027192137,0.004,0,1,"RIMKLA","GSE214411","Myeloid",TRUE
0.0393139660300909,3.24186766457787,0.004,0,1,"PVRL4","GSE214411","Myeloid",TRUE
0.0393139660300909,2.32942024082549,0.004,0,1,"RP11-474G23.2","GSE214411","Myeloid",TRUE
0.0393139660300909,3.06852116484811,0.004,0,1,"FZD7","GSE214411","Myeloid",TRUE
0.0393139660300909,3.86232056800418,0.004,0,1,"TMEM110-MUSTN1","GSE214411","Myeloid",TRUE
0.0393139660300909,5.51494705306738,0.004,0,1,"SULT1E1","GSE214411","Myeloid",TRUE
0.0393139660300909,3.20001196693455,0.004,0,1,"MAPK10","GSE214411","Myeloid",TRUE
0.0393139660300909,3.75764811837464,0.004,0,1,"FAM184A","GSE214411","Myeloid",TRUE
0.0393139660300909,5.29405752517957,0.004,0,1,"TMEM196","GSE214411","Myeloid",TRUE
0.0393139660300909,2.81484903968589,0.004,0,1,"C9orf47","GSE214411","Myeloid",TRUE
0.0393139660300909,2.29240348227779,0.004,0,1,"CNTF","GSE214411","Myeloid",TRUE
0.0393139660300909,2.08278564718499,0.004,0,1,"DRGX","GSE214411","Myeloid",TRUE
0.0393139660300909,4.77165497563485,0.004,0,1,"CDHR1","GSE214411","Myeloid",TRUE
0.0393139660300909,2.37980347183314,0.004,0,1,"SYCE1","GSE214411","Myeloid",TRUE
0.0393139660300909,2.420888918463,0.004,0,1,"AC091814.3","GSE214411","Myeloid",TRUE
0.0393139660300909,4.25863559608423,0.004,0,1,"RP11-611O2.1","GSE214411","Myeloid",TRUE
0.0393139660300909,2.40491642181312,0.004,0,1,"RP5-1021I20.2","GSE214411","Myeloid",TRUE
0.0393139660300909,4.45867289983319,0.004,0,1,"MT3","GSE214411","Myeloid",TRUE
0.0393139660300909,2.05550519195145,0.004,0,1,"SPIRE2","GSE214411","Myeloid",TRUE
0.0393139660300909,2.16482496608727,0.004,0,1,"RP11-296K13.4","GSE214411","Myeloid",TRUE
0.0393139660300909,2.4418542871233,0.004,0,1,"RP1-41C23.4","GSE214411","Myeloid",TRUE
0.0393139660300909,4.30657065832092,0.004,0,1,"HPR","GSE214411","Myeloid",TRUE
0.0393139660300909,2.28479453872013,0.004,0,1,"NTSR1","GSE214411","Myeloid",TRUE
0.0393249195546872,-0.272675543167269,0.184,0.211,1,"CCDC53","GSE214411","Myeloid",TRUE
0.0393370256137225,-2.14322323934114,0.004,0.013,1,"ZBTB20-AS2","GSE214411","Myeloid",TRUE
0.0393370256137225,-1.98773323624685,0.004,0.013,1,"ZNF549","GSE214411","Myeloid",TRUE
0.0393604823385256,-1.40583934488824,0.011,0.022,1,"LRP11","GSE214411","Myeloid",TRUE
0.0393824045089912,-3.59935470007684,0.004,0.013,1,"CTD-2537I9.12","GSE214411","Myeloid",TRUE
0.039429933144863,0.576614096767718,0.016,0.006,1,"C1orf61","GSE214411","Myeloid",TRUE
0.0394929610949415,-0.0413848012564577,0.158,0.189,1,"SLC38A10","GSE214411","Myeloid",TRUE
0.0394942298968677,0.333404033241021,0.034,0.019,1,"PTGIR","GSE214411","Myeloid",TRUE
0.0394993235810535,-1.27963968383454,0.017,0.031,1,"FANCF","GSE214411","Myeloid",TRUE
0.0394993919179824,-1.8514069720926,0.044,0.064,1,"TTC5","GSE214411","Myeloid",TRUE
0.0395146888729594,-0.409525361005362,0.027,0.043,1,"LRIG2","GSE214411","Myeloid",TRUE
0.0395242621297231,-0.241399359904806,0.011,0.022,1,"TTLL1","GSE214411","Myeloid",TRUE
0.0395478774634287,0.0146443160337184,0.1,0.126,1,"PPM1A","GSE214411","Myeloid",TRUE
0.0395537063850643,0.499949530214512,0.124,0.094,1,"RP11-108M9.4","GSE214411","Myeloid",TRUE
0.0395676842175258,-0.0268343542539493,0.112,0.14,1,"HMOX2","GSE214411","Myeloid",TRUE
0.0396378840873543,-0.638680686568223,0.117,0.144,1,"ACLY","GSE214411","Myeloid",TRUE
0.0396411888208354,-1.07232696772926,0.066,0.089,1,"QRSL1","GSE214411","Myeloid",TRUE
0.039701302840371,-1.64140048621617,0.004,0.013,1,"ZNF616","GSE214411","Myeloid",TRUE
0.0397169461238386,0.194739185098767,0.057,0.079,1,"DGCR2","GSE214411","Myeloid",TRUE
0.0397181813246783,-1.16963909995543,0.017,0.031,1,"MAMDC2","GSE214411","Myeloid",TRUE
0.0397808131083556,0.204886869296878,0.056,0.078,1,"TIFA","GSE214411","Myeloid",TRUE
0.0397928181687905,-2.45128227784271,0.004,0.013,1,"RP11-117D22.2","GSE214411","Myeloid",TRUE
0.0397928181687905,-4.09021484576446,0.004,0.013,1,"ZFP41","GSE214411","Myeloid",TRUE
0.039860799935517,-0.298145974629376,0.03,0.047,1,"DDHD2","GSE214411","Myeloid",TRUE
0.0398845124391115,-1.66328459137549,0.004,0.013,1,"RP11-259N19.1","GSE214411","Myeloid",TRUE
0.039888266903831,-0.453042426328094,0.153,0.181,1,"SHARPIN","GSE214411","Myeloid",TRUE
0.0399304267608982,-1.16644846491337,0.004,0.013,1,"PRRG2","GSE214411","Myeloid",TRUE
0.0399393158040454,-1.13961998605248,0.036,0.054,1,"ZNF354A","GSE214411","Myeloid",TRUE
0.0399407874242263,-1.1273079641891,0.018,0.032,1,"KIF2C","GSE214411","Myeloid",TRUE
0.0399581062374512,0.060954290786861,0.235,0.264,1,"COMMD8","GSE214411","Myeloid",TRUE
0.0399737207857914,0.394442840125848,0.372,0.405,1,"RTN3","GSE214411","Myeloid",TRUE
0.0400392496334628,-0.185899562544508,0.708,0.821,1,"EEF1B2","GSE214411","Myeloid",TRUE
0.0400778365215563,-0.83678917433721,0.075,0.099,1,"C1orf174","GSE214411","Myeloid",TRUE
0.0400783428301048,-1.23680855397285,0.031,0.048,1,"C9orf64","GSE214411","Myeloid",TRUE
0.040093186892387,0.0656327211336007,0.628,0.719,1,"SRSF3","GSE214411","Myeloid",TRUE
0.0401064357911592,-0.612852887839953,0.223,0.251,1,"CCDC109B","GSE214411","Myeloid",TRUE
0.0401854791868502,-0.162979679867226,0.249,0.279,1,"WBSCR22","GSE214411","Myeloid",TRUE
0.0402388179736739,-0.495175958835792,0.018,0.032,1,"ZSCAN30","GSE214411","Myeloid",TRUE
0.0402993582237269,-1.49718097860388,0.004,0.013,1,"ZNF527","GSE214411","Myeloid",TRUE
0.0403456772692828,-2.4875257764751,0.004,0.013,1,"RP11-1008C21.2","GSE214411","Myeloid",TRUE
0.0403476593218761,-0.863227362051758,0.018,0.032,1,"FNTB","GSE214411","Myeloid",TRUE
0.0403518639596123,0.336783362099942,0.011,0.022,1,"NYNRIN","GSE214411","Myeloid",TRUE
0.040391555426345,-0.491504673978065,0.058,0.081,1,"PGPEP1","GSE214411","Myeloid",TRUE
0.0404331252356805,-0.127631697932003,0.066,0.088,1,"APOL1","GSE214411","Myeloid",TRUE
0.0404368709330185,0.0599133526754576,0.007,0.017,1,"ZNF441","GSE214411","Myeloid",TRUE
0.0404384508038008,-0.617879172908026,0.004,0.013,1,"RP11-727F15.9","GSE214411","Myeloid",TRUE
0.0404441173437473,-0.0177397077022547,0.099,0.125,1,"FAF2","GSE214411","Myeloid",TRUE
0.0404474001490209,-0.631597695444827,0.035,0.053,1,"DUSP28","GSE214411","Myeloid",TRUE
0.0404899185756932,-0.44010178059638,0.082,0.107,1,"ILVBL","GSE214411","Myeloid",TRUE
0.0405017957334397,3.45981141966383,0.014,0.005,1,"ATOH8","GSE214411","Myeloid",TRUE
0.0405226001193938,-0.362150325823945,0.098,0.125,1,"NUDT16L1","GSE214411","Myeloid",TRUE
0.0407100782567335,0.087951334173118,0.077,0.103,1,"SYNE1","GSE214411","Myeloid",TRUE
0.040711665684199,-0.351567418941929,0.007,0.017,1,"LEF1","GSE214411","Myeloid",TRUE
0.0407199265347419,-1.40593344917565,0.012,0.023,1,"RP11-2B6.2","GSE214411","Myeloid",TRUE
0.0407424859774143,-0.507438409521612,0.117,0.143,1,"CEPT1","GSE214411","Myeloid",TRUE
0.0407982502533014,0.384751071733976,0.037,0.056,1,"C1orf186","GSE214411","Myeloid",TRUE
0.0408036775677333,0.112691448538413,0.44,0.481,1,"NDUFA2","GSE214411","Myeloid",TRUE
0.040827046238785,0.400557221029669,0.539,0.534,1,"MSN","GSE214411","Myeloid",TRUE
0.0408379848336325,0.914112578351944,0.054,0.035,1,"ABHD17B","GSE214411","Myeloid",TRUE
0.0408480877510224,0.898864124450346,0.101,0.074,1,"ARFGEF2","GSE214411","Myeloid",TRUE
0.0408484631217574,-0.454549283990177,0.088,0.113,1,"CCBL2","GSE214411","Myeloid",TRUE
0.0408645554156625,-0.565887452263119,0.103,0.129,1,"CLSTN1","GSE214411","Myeloid",TRUE
0.0408697753123702,-0.382664932001342,0.105,0.131,1,"CLPX","GSE214411","Myeloid",TRUE
0.0409900810103348,0.450603269303175,0.084,0.109,1,"CABIN1","GSE214411","Myeloid",TRUE
0.0409903123401576,-0.0748970568213925,0.217,0.173,1,"FDFT1","GSE214411","Myeloid",TRUE
0.0410008323405288,-0.176110072542989,0.411,0.43,1,"SSR1","GSE214411","Myeloid",TRUE
0.0410644458352037,-0.775870010091673,0.041,0.06,1,"THEM4","GSE214411","Myeloid",TRUE
0.041094463913101,0.478089697517089,0.531,0.522,1,"HSPA5","GSE214411","Myeloid",TRUE
0.0411359022288508,-0.121164298056396,0.264,0.288,1,"GRHPR","GSE214411","Myeloid",TRUE
0.0411553626772356,1.65252794577953,0.021,0.01,1,"PCDH7","GSE214411","Myeloid",TRUE
0.0411720333313722,0.483437955634682,0.294,0.25,1,"PABPN1","GSE214411","Myeloid",TRUE
0.0412365468837788,0.215620808364513,0.03,0.047,1,"FAIM","GSE214411","Myeloid",TRUE
0.0413201947058988,-0.227778111537837,0.175,0.202,1,"TNKS2","GSE214411","Myeloid",TRUE
0.0413454892833329,0.496592667891821,0.155,0.122,1,"WSB2","GSE214411","Myeloid",TRUE
0.0413851040603615,1.89425973799569,0.009,0.002,1,"SLC22A16","GSE214411","Myeloid",TRUE
0.0414465194766169,-0.606141639903881,0.06,0.082,1,"OMA1","GSE214411","Myeloid",TRUE
0.0414510743011054,-0.19505754354265,0.176,0.206,1,"TIMM17B","GSE214411","Myeloid",TRUE
0.0414640464113405,-0.123953237023672,0.037,0.055,1,"SLC19A2","GSE214411","Myeloid",TRUE
0.0414901946144428,-0.510215173486217,0.162,0.194,1,"HES1","GSE214411","Myeloid",TRUE
0.0414950805507068,-0.352053999898949,0.226,0.254,1,"PSMC2","GSE214411","Myeloid",TRUE
0.0414978154571229,3.21223143031972,0.009,0.002,1,"NCR3","GSE214411","Myeloid",TRUE
0.0415029324642336,-1.41856200252082,0.022,0.036,1,"ZNF579","GSE214411","Myeloid",TRUE
0.0415542685615824,1.73074087042811,0.009,0.002,1,"LA16c-444G7.2","GSE214411","Myeloid",TRUE
0.0415793026804246,0.621643600554399,0.058,0.039,1,"EIF5AL1","GSE214411","Myeloid",TRUE
0.0415822671374808,-0.347596135425893,0.166,0.194,1,"CLCN7","GSE214411","Myeloid",TRUE
0.0416108147907514,-1.52388066470675,0.012,0.023,1,"DOLPP1","GSE214411","Myeloid",TRUE
0.0416284176110717,0.12428210185103,0.129,0.158,1,"DDX52","GSE214411","Myeloid",TRUE
0.0416317876332153,-0.138906346753412,0.507,0.556,1,"EIF3L","GSE214411","Myeloid",TRUE
0.0417015168145654,0.409092034473033,0.084,0.11,1,"MYO1C","GSE214411","Myeloid",TRUE
0.0417061871895351,0.225501607278903,0.048,0.068,1,"METTL15","GSE214411","Myeloid",TRUE
0.0417396568762703,0.132412744688276,0.252,0.287,1,"HACD4","GSE214411","Myeloid",TRUE
0.0417775922228181,-0.742812382519425,0.012,0.023,1,"LGALS12","GSE214411","Myeloid",TRUE
0.0417899560010572,-0.473179286377809,0.08,0.104,1,"ATP7A","GSE214411","Myeloid",TRUE
0.0417928172810147,-0.554379925217458,0.073,0.096,1,"TRAPPC11","GSE214411","Myeloid",TRUE
0.0418276695553645,0.0515418144044664,0.027,0.043,1,"DBN1","GSE214411","Myeloid",TRUE
0.0418375104173605,1.65802164773322,0.009,0.002,1,"CTB-178M22.2","GSE214411","Myeloid",TRUE
0.0418486288578635,-0.0463614703580799,0.228,0.184,1,"BCL7B","GSE214411","Myeloid",TRUE
0.0419182702093001,-0.407865837184576,0.117,0.145,1,"MBD3","GSE214411","Myeloid",TRUE
0.0419447305644339,-0.114629733322392,0.314,0.34,1,"C7orf73","GSE214411","Myeloid",TRUE
0.0419580727613468,0.639687712704856,0.173,0.139,1,"ALKBH5","GSE214411","Myeloid",TRUE
0.041978471715082,-0.178296528054998,0.012,0.023,1,"WBSCR27","GSE214411","Myeloid",TRUE
0.042008238645397,-2.99583543864888,0.003,0.01,1,"RP11-393I2.4","GSE214411","Myeloid",TRUE
0.0420249575908199,1.69807225905468,0.021,0.01,1,"MAP3K7CL","GSE214411","Myeloid",TRUE
0.0420338246381143,0.264943948967081,0.763,0.807,1,"PNRC1","GSE214411","Myeloid",TRUE
0.0420515051935594,1.81442470553918,0.04,0.024,1,"RNF122","GSE214411","Myeloid",TRUE
0.0420652789154919,-2.07390079727202,0.003,0.01,1,"RP11-588H23.3","GSE214411","Myeloid",TRUE
0.0420652789154919,-2.13441917461831,0.003,0.01,1,"CTD-3185P2.1","GSE214411","Myeloid",TRUE
0.0420652789154919,-0.405819796154745,0.009,0.002,1,"RP11-1149M10.2","GSE214411","Myeloid",TRUE
0.0421223847109646,-2.30704616662718,0.003,0.01,1,"PMFBP1","GSE214411","Myeloid",TRUE
0.0421223847109646,0.413064980416474,0.009,0.002,1,"PRSS22","GSE214411","Myeloid",TRUE
0.0421480957790973,0.22549018841684,0.333,0.282,1,"STRAP","GSE214411","Myeloid",TRUE
0.0421507319036956,-0.969444007425229,0.07,0.093,1,"GTF3C2","GSE214411","Myeloid",TRUE
0.0421795560888523,-1.93813354854319,0.003,0.01,1,"STARD4-AS1","GSE214411","Myeloid",TRUE
0.0421795560888523,-2.01059048354546,0.003,0.01,1,"AP001258.4","GSE214411","Myeloid",TRUE
0.0421795560888523,-2.63660213488178,0.003,0.01,1,"SYCE2","GSE214411","Myeloid",TRUE
0.0421982864485273,1.05837692254099,0.038,0.022,1,"ENAH","GSE214411","Myeloid",TRUE
0.0422330742405436,-0.0103655411986923,0.463,0.482,1,"NDUFB1","GSE214411","Myeloid",TRUE
0.042236793106216,-2.74470014407157,0.003,0.01,1,"ZNF30","GSE214411","Myeloid",TRUE
0.042236793106216,0.83286558553726,0.009,0.002,1,"RP3-473L9.4","GSE214411","Myeloid",TRUE
0.0422785638075631,0.629207671480592,0.046,0.029,1,"CYFIP2","GSE214411","Myeloid",TRUE
0.0422795278652627,-0.650120932273133,0.114,0.14,1,"PHF19","GSE214411","Myeloid",TRUE
0.0422971441200669,-0.163604882029843,0.154,0.118,1,"BANP","GSE214411","Myeloid",TRUE
0.0423539050970774,0.290338449864291,0.053,0.075,1,"MT1F","GSE214411","Myeloid",TRUE
0.0424088985661263,-2.13615961838057,0.003,0.01,1,"TIGD7","GSE214411","Myeloid",TRUE
0.0425119625745453,2.45257374627379,0.013,0.004,1,"CTC-425F1.4","GSE214411","Myeloid",TRUE
0.0425522416346332,1.06021874017098,0.035,0.02,1,"LLGL2","GSE214411","Myeloid",TRUE
0.0425787592253013,1.03442951894971,0.035,0.02,1,"RP11-553L6.5","GSE214411","Myeloid",TRUE
0.0425798890740384,0.620010728797576,0.045,0.028,1,"IFT88","GSE214411","Myeloid",TRUE
0.0425815968377786,-0.775988507274479,0.003,0.01,1,"RP11-398K22.12","GSE214411","Myeloid",TRUE
0.0426104087187814,-1.31845432324777,0.019,0.033,1,"GORAB","GSE214411","Myeloid",TRUE
0.0426166877715124,-0.577641744832695,0.093,0.117,1,"MPND","GSE214411","Myeloid",TRUE
0.042619990813192,-0.159504720040812,0.012,0.023,1,"OIP5","GSE214411","Myeloid",TRUE
0.0426970591213545,-3.40237093872768,0.003,0.01,1,"SSC4D","GSE214411","Myeloid",TRUE
0.0426999785148312,0.411239967065563,0.102,0.076,1,"SIK2","GSE214411","Myeloid",TRUE
0.042700663754624,2.70123461602166,0.013,0.004,1,"STC1","GSE214411","Myeloid",TRUE
0.0427548894656321,-0.566323046383189,0.003,0.01,1,"A2M-AS1","GSE214411","Myeloid",TRUE
0.0427591159863568,-1.49041673460097,0.013,0.024,1,"CUL7","GSE214411","Myeloid",TRUE
0.0427878479985066,-1.15592905634915,0.04,0.059,1,"NARFL","GSE214411","Myeloid",TRUE
0.0428067162798295,-0.502965995055531,0.019,0.033,1,"MAPK12","GSE214411","Myeloid",TRUE
0.0428281452192156,-0.117609798912549,0.251,0.282,1,"AAK1","GSE214411","Myeloid",TRUE
0.0428759586658904,0.739157418292396,0.084,0.06,1,"RP11-488L18.10","GSE214411","Myeloid",TRUE
0.0429290589016973,-0.847233537318864,0.114,0.139,1,"MIR181A1HG","GSE214411","Myeloid",TRUE
0.0429441437644089,-0.698531586526367,0.084,0.108,1,"RAB30-AS1","GSE214411","Myeloid",TRUE
0.0429776170361624,-0.522428497062686,0.03,0.047,1,"PAQR4","GSE214411","Myeloid",TRUE
0.0430044573912805,1.27928477998464,0.087,0.065,1,"OCIAD2","GSE214411","Myeloid",TRUE
0.0430048835360432,0.254496160616752,0.739,0.833,1,"SH3BGRL3","GSE214411","Myeloid",TRUE
0.0430317007656791,0.822743021588972,0.035,0.02,1,"ERCC8","GSE214411","Myeloid",TRUE
0.0430553604013353,-0.618419797847981,0.101,0.126,1,"SEPN1","GSE214411","Myeloid",TRUE
0.043162509364254,0.0876016450428405,0.357,0.387,1,"BUD31","GSE214411","Myeloid",TRUE
0.0432115300297124,-0.15368698041467,0.038,0.056,1,"DPH7","GSE214411","Myeloid",TRUE
0.0433042108836959,0.78063133367893,0.012,0.023,1,"CHAF1B","GSE214411","Myeloid",TRUE
0.0433259411813989,-1.25511420745799,0.013,0.024,1,"ZNF420","GSE214411","Myeloid",TRUE
0.0433320207006615,-0.155564571926487,0.078,0.103,1,"GCLM","GSE214411","Myeloid",TRUE
0.0433400699854081,-0.167913089053916,0.021,0.035,1,"NME8","GSE214411","Myeloid",TRUE
0.0433906716572719,0.277751325651185,0.262,0.298,1,"TRIM22","GSE214411","Myeloid",TRUE
0.0434027291404717,-0.868459906192744,0.114,0.141,1,"HAUS1","GSE214411","Myeloid",TRUE
0.0434243631477354,-0.614353824824648,0.069,0.091,1,"FAM135A","GSE214411","Myeloid",TRUE
0.0434350854120234,0.0616953640163262,0.067,0.092,1,"DIO2","GSE214411","Myeloid",TRUE
0.0434407753259206,-0.901689955050556,0.055,0.075,1,"RPUSD1","GSE214411","Myeloid",TRUE
0.0435912691552276,1.71654398275847,0.011,0.003,1,"PGLYRP1","GSE214411","Myeloid",TRUE
0.0436340342734496,0.0685032496311322,0.266,0.298,1,"ATP6V1A","GSE214411","Myeloid",TRUE
0.0436439434022925,3.29681285442358,0.011,0.003,1,"GRHL1","GSE214411","Myeloid",TRUE
0.0436504897357702,-0.131738701962467,0.195,0.222,1,"CDK12","GSE214411","Myeloid",TRUE
0.0436852936329071,-0.727771680567097,0.019,0.033,1,"HILPDA","GSE214411","Myeloid",TRUE
0.043713585377109,-0.460246029952541,0.081,0.105,1,"CREBZF","GSE214411","Myeloid",TRUE
0.0437802586541487,-0.458001133316841,0.053,0.074,1,"DDX19A","GSE214411","Myeloid",TRUE
0.0438242996929387,0.00234054861005567,0.291,0.321,1,"SETX","GSE214411","Myeloid",TRUE
0.043881763717374,-0.0516068817103739,0.509,0.581,1,"AP1S2","GSE214411","Myeloid",TRUE
0.0438963230549218,-0.26101599490537,0.288,0.32,1,"IGBP1","GSE214411","Myeloid",TRUE
0.0439163525084731,-0.280738178597764,0.25,0.273,1,"EMC7","GSE214411","Myeloid",TRUE
0.0439795137363049,0.229713194685996,0.643,0.645,1,"NFE2L2","GSE214411","Myeloid",TRUE
0.0440097287333745,-0.321611158733284,0.137,0.162,1,"TXNDC15","GSE214411","Myeloid",TRUE
0.0440374042115287,-0.470851405452591,0.045,0.065,1,"MLLT11","GSE214411","Myeloid",TRUE
0.0441073261070399,-0.314440856178747,0.138,0.166,1,"LARP4","GSE214411","Myeloid",TRUE
0.044124186938116,-1.35508680557119,0.02,0.034,1,"EXD3","GSE214411","Myeloid",TRUE
0.0441354123905452,1.41004635278279,0.052,0.034,1,"IBA57","GSE214411","Myeloid",TRUE
0.0441698422424314,-0.102937048219235,0.28,0.303,1,"ABHD17A","GSE214411","Myeloid",TRUE
0.0441966487746627,-0.710443659194699,0.058,0.081,1,"LYVE1","GSE214411","Myeloid",TRUE
0.0442127245461412,0.362509448826834,0.286,0.237,1,"TRIP12","GSE214411","Myeloid",TRUE
0.0442165985406997,-0.177859094468205,0.038,0.056,1,"THUMPD2","GSE214411","Myeloid",TRUE
0.0442506540942317,-0.215197556485893,0.051,0.072,1,"KLHL42","GSE214411","Myeloid",TRUE
0.0443024340824427,-0.222252985438443,0.09,0.114,1,"PNPT1","GSE214411","Myeloid",TRUE
0.0443081481924719,-8.51810033872802e-05,0.084,0.109,1,"INSIG2","GSE214411","Myeloid",TRUE
0.0443142769569763,0.142526974968649,0.07,0.094,1,"DHTKD1","GSE214411","Myeloid",TRUE
0.0443979142863465,0.587829965006071,0.42,0.378,1,"OSBPL8","GSE214411","Myeloid",TRUE
0.0444349528172151,-0.477852517325339,0.104,0.128,1,"ABHD14B","GSE214411","Myeloid",TRUE
0.0446016869524833,0.574454922428174,0.218,0.254,1,"CCPG1","GSE214411","Myeloid",TRUE
0.0446374392276173,-0.244427762373254,0.047,0.067,1,"PPAN","GSE214411","Myeloid",TRUE
0.0447191594070427,-0.20365491098509,0.013,0.024,1,"VILL","GSE214411","Myeloid",TRUE
0.0447389963647308,-0.1415139283924,0.367,0.393,1,"PSMC5","GSE214411","Myeloid",TRUE
0.0448302815642669,2.30693142181461,0.019,0.008,1,"TRDC","GSE214411","Myeloid",TRUE
0.0448958044682504,-0.24659826008989,0.008,0.018,1,"RDH5","GSE214411","Myeloid",TRUE
0.0449780807347353,0.59630722739868,0.008,0.018,1,"ZNF526","GSE214411","Myeloid",TRUE
0.0450096468207975,-0.745056304436102,0.062,0.084,1,"GOLGA5","GSE214411","Myeloid",TRUE
0.0451497565203143,-0.130613026550918,0.031,0.017,1,"PODXL","GSE214411","Myeloid",TRUE
0.0451687088772541,-0.465805035435617,0.045,0.065,1,"LRP3","GSE214411","Myeloid",TRUE
0.0451832077224868,0.80117926189899,0.04,0.024,1,"DNAH17","GSE214411","Myeloid",TRUE
0.0451889675641091,0.0178233646131107,0.195,0.224,1,"HSPB11","GSE214411","Myeloid",TRUE
0.0452034665489874,-2.00003539017602,0.013,0.024,1,"ZGRF1","GSE214411","Myeloid",TRUE
0.0452191754066989,-0.91772310067264,0.039,0.057,1,"MAK16","GSE214411","Myeloid",TRUE
0.0452514008024516,0.365525258514767,0.462,0.414,1,"GNAI3","GSE214411","Myeloid",TRUE
0.0453026686578346,0.427382386255037,0.636,0.65,1,"ACTR3","GSE214411","Myeloid",TRUE
0.0453913716612273,-1.49755045270924,0.008,0.018,1,"ALG10","GSE214411","Myeloid",TRUE
0.0454073358395068,0.493112056450048,0.038,0.022,1,"F3","GSE214411","Myeloid",TRUE
0.0454331343308624,1.14133548639239,0.103,0.078,1,"SMAD7","GSE214411","Myeloid",TRUE
0.0454424063866574,0.499427078960854,0.02,0.034,1,"SMAD1","GSE214411","Myeloid",TRUE
0.0454848121189577,-0.689149566545884,0.082,0.106,1,"C10orf76","GSE214411","Myeloid",TRUE
0.0455097920164824,-0.419922374232063,0.214,0.239,1,"ANAPC5","GSE214411","Myeloid",TRUE
0.0455135044671475,-1.06891488198653,0.066,0.087,1,"C1orf50","GSE214411","Myeloid",TRUE
0.0455522042288966,-0.0800477913617583,0.059,0.081,1,"WDR20","GSE214411","Myeloid",TRUE
0.0455917046965814,-0.165637236541673,0.032,0.05,1,"CXCL12","GSE214411","Myeloid",TRUE
0.0456183397349146,-0.114332476705378,0.171,0.199,1,"SECISBP2","GSE214411","Myeloid",TRUE
0.0456928394413617,0.0821313704220223,0.021,0.035,1,"STEAP3","GSE214411","Myeloid",TRUE
0.0457339806297926,-0.59643656350711,0.053,0.074,1,"CCDC18","GSE214411","Myeloid",TRUE
0.0457921674007135,-0.768454284609148,0.086,0.109,1,"SCO1","GSE214411","Myeloid",TRUE
0.045807511543327,-0.899024549444889,0.021,0.035,1,"POLE","GSE214411","Myeloid",TRUE
0.0458290784454439,-0.314395677050509,0.066,0.089,1,"VPS45","GSE214411","Myeloid",TRUE
0.0458291914594518,-0.508100559231353,0.179,0.208,1,"PRPF31","GSE214411","Myeloid",TRUE
0.0458541975702782,-0.31313035101964,0.193,0.22,1,"BABAM1","GSE214411","Myeloid",TRUE
0.0459695344283916,-1.47639650251786,0.013,0.025,1,"NAPB","GSE214411","Myeloid",TRUE
0.0459892530475395,-1.2175430448738,0.027,0.042,1,"RAB40C","GSE214411","Myeloid",TRUE
0.0460212189662176,-0.372451510297621,0.125,0.151,1,"WDR45","GSE214411","Myeloid",TRUE
0.0460409736320813,-0.409488744633874,0.136,0.163,1,"ESF1","GSE214411","Myeloid",TRUE
0.0460424641948729,0.586527777874988,0.053,0.074,1,"CSTF1","GSE214411","Myeloid",TRUE
0.0460726739894473,-1.30904399201662,0.013,0.025,1,"RP11-448A19.1","GSE214411","Myeloid",TRUE
0.0460898324846501,1.30005553622512,0.019,0.008,1,"RPA4","GSE214411","Myeloid",TRUE
0.0461096739129323,-0.445420784988395,0.021,0.035,1,"INTS5","GSE214411","Myeloid",TRUE
0.0461387175669537,-0.766245984732094,0.123,0.148,1,"PWP1","GSE214411","Myeloid",TRUE
0.0461658915277046,0.613073805381272,0.113,0.086,1,"SEH1L","GSE214411","Myeloid",TRUE
0.0461862328556378,-0.00276923419370334,0.571,0.637,1,"PRRC2C","GSE214411","Myeloid",TRUE
0.0462055614785188,-3.05190680748768,0.005,0.014,1,"RP11-347C12.10","GSE214411","Myeloid",TRUE
0.0463132604360976,0.332342046386395,0.031,0.048,1,"GRAMD3","GSE214411","Myeloid",TRUE
0.0463562955096084,-1.01322755322922,0.066,0.088,1,"TBPL1","GSE214411","Myeloid",TRUE
0.0463831598331525,-0.205735391784472,0.156,0.183,1,"COA1","GSE214411","Myeloid",TRUE
0.0464494048886662,1.67480106492361,0.019,0.008,1,"TC2N","GSE214411","Myeloid",TRUE
0.0464891772033518,0.397725799596172,0.549,0.564,1,"LIMS1","GSE214411","Myeloid",TRUE
0.0465366735097596,0.848342756286232,0.131,0.101,1,"RBL2","GSE214411","Myeloid",TRUE
0.0465565723149877,-0.722789425246642,0.013,0.025,1,"ZCWPW1","GSE214411","Myeloid",TRUE
0.0466591591205165,1.04652499377805,0.063,0.043,1,"RP11-295G20.2","GSE214411","Myeloid",TRUE
0.0466956121695234,-1.19769465823007,0.013,0.025,1,"RP5-821D11.7","GSE214411","Myeloid",TRUE
0.0467002826355003,0.580982676726496,0.456,0.424,1,"IFNGR2","GSE214411","Myeloid",TRUE
0.0467069110725792,-0.176613845090926,0.144,0.169,1,"SGK3","GSE214411","Myeloid",TRUE
0.0467301596508527,-0.686370105491658,0.141,0.167,1,"MRPS35","GSE214411","Myeloid",TRUE
0.0467549201465137,-0.668727741970047,0.108,0.133,1,"NAPG","GSE214411","Myeloid",TRUE
0.0468113358318174,0.266118074503926,0.019,0.008,1,"ADORA2A-AS1","GSE214411","Myeloid",TRUE
0.046825122858861,0.268105112998915,0.083,0.107,1,"UBXN7","GSE214411","Myeloid",TRUE
0.0468633487321108,0.0298335630221045,0.152,0.117,1,"ARMC8","GSE214411","Myeloid",TRUE
0.0469871635511378,1.3649190939597,0.047,0.03,1,"CTC-524C5.2","GSE214411","Myeloid",TRUE
0.0469981273077023,-1.99360824135874,0.005,0.014,1,"ZNF671","GSE214411","Myeloid",TRUE
0.0470178447458658,0.343976303317656,0.019,0.033,1,"TPBG","GSE214411","Myeloid",TRUE
0.0470979975214547,-1.11641243814391,0.005,0.014,1,"ZNF419","GSE214411","Myeloid",TRUE
0.0471137771005887,-0.499865091710372,0.112,0.138,1,"PON2","GSE214411","Myeloid",TRUE
0.0471404093432957,-1.99725521807996,0.014,0.026,1,"ZFP64","GSE214411","Myeloid",TRUE
0.0471587351725477,-1.14754039698629,0.023,0.038,1,"RP11-254F7.2","GSE214411","Myeloid",TRUE
0.0471902461790803,0.0974488062418537,0.279,0.237,1,"FCN1","GSE214411","Myeloid",TRUE
0.0472275299453852,-0.638424058900332,0.064,0.086,1,"FAM98B","GSE214411","Myeloid",TRUE
0.0472481375193311,-0.965934923470428,0.005,0.014,1,"FAM161A","GSE214411","Myeloid",TRUE
0.0472739849829773,0.385182135928797,0.285,0.242,1,"MYD88","GSE214411","Myeloid",TRUE
0.0472889459926441,-0.979921482365792,0.026,0.041,1,"CCDC126","GSE214411","Myeloid",TRUE
0.0473275181195581,0.0930975749140597,0.132,0.161,1,"ZNF33A","GSE214411","Myeloid",TRUE
0.0473736511130473,-0.577543669411963,0.069,0.091,1,"DAGLB","GSE214411","Myeloid",TRUE
0.0474464849903428,-0.232103770644197,0.051,0.072,1,"LINC00996","GSE214411","Myeloid",TRUE
0.0474489501630272,-2.10524459860518,0.005,0.014,1,"RP11-337C18.8","GSE214411","Myeloid",TRUE
0.047461686984684,-0.254791177056925,0.119,0.143,1,"BMPR2","GSE214411","Myeloid",TRUE
0.0474674799645058,-0.341078683306105,0.023,0.038,1,"SLC25A12","GSE214411","Myeloid",TRUE
0.047518637027976,-0.197518211806292,0.3,0.322,1,"UBE2K","GSE214411","Myeloid",TRUE
0.0475218187198422,-0.40010070213686,0.083,0.107,1,"SERPINF1","GSE214411","Myeloid",TRUE
0.0475770716589581,-1.76900246868021,0.009,0.019,1,"ZFP82","GSE214411","Myeloid",TRUE
0.0476504799585237,0.259807714119926,0.005,0.014,1,"AP006621.5","GSE214411","Myeloid",TRUE
0.0476740975555213,-1.0783625648161,0.042,0.06,1,"HDAC6","GSE214411","Myeloid",TRUE
0.0476908153908635,-1.30296109392462,0.014,0.026,1,"RP11-583F2.5","GSE214411","Myeloid",TRUE
0.0476918193867441,0.128313378574244,0.023,0.012,1,"PRKCZ","GSE214411","Myeloid",TRUE
0.0477361411354053,-0.460917597152007,0.176,0.201,1,"FAM195A","GSE214411","Myeloid",TRUE
0.0477515143840552,-0.918595849443956,0.005,0.014,1,"BMPR1A","GSE214411","Myeloid",TRUE
0.0477855253850915,-1.12250195816437,0.009,0.019,1,"ZNF510","GSE214411","Myeloid",TRUE
0.0478020990831228,-1.35951415752043,0.005,0.014,1,"ARHGEF5","GSE214411","Myeloid",TRUE
0.0478020990831228,-0.857286326322567,0.005,0.014,1,"RP5-991G20.1","GSE214411","Myeloid",TRUE
0.0478020990831228,-0.599162938053406,0.005,0.014,1,"CACNA1A","GSE214411","Myeloid",TRUE
0.0478325591334407,0.777923136265826,0.097,0.072,1,"LINC00877","GSE214411","Myeloid",TRUE
0.0478405344245594,0.562504814722627,0.272,0.231,1,"ISG20L2","GSE214411","Myeloid",TRUE
0.0478527288128352,-0.512527164542566,0.005,0.014,1,"ZNF587B","GSE214411","Myeloid",TRUE
0.0478702684692353,1.63033557999711,0.019,0.008,1,"WNT2B","GSE214411","Myeloid",TRUE
0.0479130666530242,0.403907639179949,0.194,0.157,1,"RLF","GSE214411","Myeloid",TRUE
0.0479162458176064,-1.15969511905026,0.058,0.079,1,"HMG20A","GSE214411","Myeloid",TRUE
0.0479246691009266,0.420241444540928,0.06,0.04,1,"ELP4","GSE214411","Myeloid",TRUE
0.0479672631373984,-0.582522781848346,0.066,0.087,1,"TMEM115","GSE214411","Myeloid",TRUE
0.0479813316320294,-0.0686563890796053,0.161,0.19,1,"HAT1","GSE214411","Myeloid",TRUE
0.04800782903833,-0.617844857628998,0.054,0.074,1,"FBXL12","GSE214411","Myeloid",TRUE
0.0480629109532969,-1.20795090193488,0.076,0.097,1,"WBSCR16","GSE214411","Myeloid",TRUE
0.0481206478066852,-2.3720899786073,0.009,0.019,1,"DEPDC1B","GSE214411","Myeloid",TRUE
0.0481663957787886,-0.193992843331137,0.023,0.012,1,"NLRP12","GSE214411","Myeloid",TRUE
0.0482117173787515,-1.29328734211267,0.014,0.026,1,"TAB1","GSE214411","Myeloid",TRUE
0.0482370536022314,-0.558604927645582,0.07,0.092,1,"NBAS","GSE214411","Myeloid",TRUE
0.048284032895484,-1.99402587537416,0.013,0.025,1,"TBC1D8B","GSE214411","Myeloid",TRUE
0.0483254146708991,0.0878345243271732,0.776,0.869,1,"NACA","GSE214411","Myeloid",TRUE
0.0483615093650376,-0.400657328445974,0.005,0.014,1,"GAREM1","GSE214411","Myeloid",TRUE
0.0484496380364142,-0.192013058024348,0.266,0.297,1,"TMF1","GSE214411","Myeloid",TRUE
0.0485269765340546,-0.0819162656728842,0.05,0.07,1,"EMC9","GSE214411","Myeloid",TRUE
0.0485351799244838,-0.621023684319522,0.024,0.039,1,"NIPAL3","GSE214411","Myeloid",TRUE
0.0485749844766081,0.0311216133924919,0.569,0.626,1,"SKP1","GSE214411","Myeloid",TRUE
0.0485768711347587,-0.527448672794445,0.085,0.109,1,"CXXC1","GSE214411","Myeloid",TRUE
0.0485773746500069,-0.00802344224649021,0.099,0.073,1,"KIF13A","GSE214411","Myeloid",TRUE
0.0486566158031255,-1.79838197799836,0.015,0.028,1,"ZNF528","GSE214411","Myeloid",TRUE
0.0487518328447193,-0.683470617129941,0.033,0.019,1,"TNS1","GSE214411","Myeloid",TRUE
0.0488182510143829,-1.08302258896696,0.024,0.039,1,"ZNF85","GSE214411","Myeloid",TRUE
0.0488352762189526,-0.448437834318387,0.043,0.026,1,"EGLN3","GSE214411","Myeloid",TRUE
0.0488726168018273,2.95122030102293,0.031,0.018,1,"ZNF429","GSE214411","Myeloid",TRUE
0.0489315860612104,0.223352640766998,0.059,0.082,1,"SPON2","GSE214411","Myeloid",TRUE
0.0490177990887547,-0.454863732512229,0.101,0.125,1,"EBAG9","GSE214411","Myeloid",TRUE
0.0490362361609377,-0.212144887193829,0.064,0.043,1,"PTK2","GSE214411","Myeloid",TRUE
0.0490502540993811,0.435896410306132,0.196,0.157,1,"BORCS5","GSE214411","Myeloid",TRUE
0.0490565434351058,-0.19670074353709,0.072,0.094,1,"MTHFD1","GSE214411","Myeloid",TRUE
0.0491111499377563,1.19934399402543,0.036,0.021,1,"CHST14","GSE214411","Myeloid",TRUE
0.049141713367357,-0.412999290987155,0.194,0.222,1,"ZNF131","GSE214411","Myeloid",TRUE
0.0491918746833946,-0.336839975069956,0.109,0.135,1,"CEBPZOS","GSE214411","Myeloid",TRUE
0.0492336987878387,-0.142639945384159,0.069,0.091,1,"BAG4","GSE214411","Myeloid",TRUE
0.0492404526011029,-1.09186491764452,0.029,0.044,1,"NFS1","GSE214411","Myeloid",TRUE
0.049278184762362,0.722547805795311,0.056,0.077,1,"ISOC1","GSE214411","Myeloid",TRUE
0.0493176305652739,0.093787766215225,0.409,0.359,1,"CCT4","GSE214411","Myeloid",TRUE
0.0493520641353096,-0.794857884783061,0.009,0.019,1,"TRAIP","GSE214411","Myeloid",TRUE
0.0494568806513611,1.09497569551312,0.026,0.014,1,"CDH1","GSE214411","Myeloid",TRUE
0.0494761581635966,-0.73694863268269,0.067,0.089,1,"CLCN5","GSE214411","Myeloid",TRUE
0.0494864112999122,-0.634234667541669,0.055,0.075,1,"SAYSD1","GSE214411","Myeloid",TRUE
0.0495064909423008,-1.11571938826785,0.058,0.079,1,"APEX2","GSE214411","Myeloid",TRUE
0.0495245592300993,-0.596339635806207,0.022,0.037,1,"E2F1","GSE214411","Myeloid",TRUE
0.0495317264319693,-0.654087809798472,0.025,0.04,1,"PARD6A","GSE214411","Myeloid",TRUE
0.0496022294378169,-0.159126929340903,0.311,0.337,1,"PTPN2","GSE214411","Myeloid",TRUE
0.0496148026760926,-0.332408308589689,0.151,0.178,1,"OTULIN","GSE214411","Myeloid",TRUE
0.0496969605714445,-0.501752593008806,0.081,0.105,1,"RFX5","GSE214411","Myeloid",TRUE
0.0497026261604571,-0.770101421939093,0.022,0.037,1,"GKAP1","GSE214411","Myeloid",TRUE
0.0497995908952487,0.368101769195653,0.158,0.125,1,"RNF11","GSE214411","Myeloid",TRUE
0.0498590264844027,0.0930717573998461,0.041,0.06,1,"GLCCI1","GSE214411","Myeloid",TRUE
0.0498749237477999,-1.05038572795012,0.014,0.026,1,"DTL","GSE214411","Myeloid",TRUE
0.0498871951218534,-0.264039025985569,0.076,0.1,1,"KLHL36","GSE214411","Myeloid",TRUE
0.0498968937397365,0.716413631591122,0.314,0.278,1,"GNG2","GSE214411","Myeloid",TRUE
0.049910418429598,-0.428973060548255,0.047,0.066,1,"MED7","GSE214411","Myeloid",TRUE
0.0500220605470474,-1.46350072673065,0.028,0.043,1,"TRAF3IP1","GSE214411","Myeloid",TRUE
0.0500427108337844,0.759989744353971,0.009,0.019,1,"TCEAL7","GSE214411","Myeloid",TRUE
0.0500487755890495,-0.34546458425173,0.054,0.074,1,"ADAT1","GSE214411","Myeloid",TRUE
0.0500795858676536,0.778703229253747,0.058,0.039,1,"KIAA0513","GSE214411","Myeloid",TRUE
0.0501013155804758,-0.0369730944787794,0.444,0.475,1,"GHITM","GSE214411","Myeloid",TRUE
0.0501508202772564,-0.151622896198426,0.39,0.417,1,"PABPC4","GSE214411","Myeloid",TRUE
0.050172278202668,-0.69282667918824,0.027,0.042,1,"ANKRA2","GSE214411","Myeloid",TRUE
0.0502088302933813,-0.600766693638187,0.095,0.12,1,"TSR2","GSE214411","Myeloid",TRUE
0.05021353172993,-0.571323916964651,0.046,0.065,1,"ZC2HC1A","GSE214411","Myeloid",TRUE
0.050328552869825,-0.28762801431665,0.069,0.092,1,"PTPN9","GSE214411","Myeloid",TRUE
0.0503287992602874,-0.906730378446807,0.015,0.028,1,"ZNF213","GSE214411","Myeloid",TRUE
0.0503914030346374,0.435597880136402,0.033,0.019,1,"RIN1","GSE214411","Myeloid",TRUE
0.0504417733586558,0.365111471407442,0.023,0.038,1,"EPHB6","GSE214411","Myeloid",TRUE
0.0505145268488457,-0.00599992585455222,0.111,0.137,1,"AP1M1","GSE214411","Myeloid",TRUE
0.0505240970239283,0.0611054966489597,0.06,0.082,1,"ZMAT1","GSE214411","Myeloid",TRUE
0.050531155478587,-1.20549586474897,0.042,0.06,1,"MFSD13A","GSE214411","Myeloid",TRUE
0.050542582398547,-0.783719632199078,0.084,0.108,1,"FTSJ3","GSE214411","Myeloid",TRUE
0.0506054890528322,1.20884525455999,0.017,0.007,1,"TINAGL1","GSE214411","Myeloid",TRUE
0.0506054890528322,1.29566515089474,0.017,0.007,1,"RXFP1","GSE214411","Myeloid",TRUE
0.0506290930515676,0.57080033451462,0.106,0.082,1,"HPSE","GSE214411","Myeloid",TRUE
0.0506698239121591,0.357232289388288,0.014,0.026,1,"RHEBL1","GSE214411","Myeloid",TRUE
0.0507269712589824,-0.866370616469538,0.058,0.078,1,"COIL","GSE214411","Myeloid",TRUE
0.0507329434739543,1.67178212662527,0.013,0.025,1,"LINC00921","GSE214411","Myeloid",TRUE
0.050782289701644,0.359479578054565,0.052,0.034,1,"TBC1D8","GSE214411","Myeloid",TRUE
0.0508299487370962,-0.180457126934593,0.044,0.028,1,"FAM57A","GSE214411","Myeloid",TRUE
0.0509175280747607,-0.315558987445367,0.023,0.038,1,"PTCH1","GSE214411","Myeloid",TRUE
0.0510401671084089,-1.26398630895277,0.034,0.051,1,"SPRTN","GSE214411","Myeloid",TRUE
0.0510414118067436,0.0690970923969898,0.147,0.175,1,"VEZF1","GSE214411","Myeloid",TRUE
0.051056276758962,-1.78157038116319,0.016,0.029,1,"C12orf66","GSE214411","Myeloid",TRUE
0.0510686350813163,0.132984522752303,0.027,0.042,1,"NKIRAS1","GSE214411","Myeloid",TRUE
0.0511140348590747,-0.595915986182448,0.075,0.097,1,"FAM104A","GSE214411","Myeloid",TRUE
0.0511356626977183,1.02088140749408,0.049,0.032,1,"TNFRSF10C","GSE214411","Myeloid",TRUE
0.0511504305757403,-0.0392948516478899,0.066,0.088,1,"PRRC1","GSE214411","Myeloid",TRUE
0.0511533517917688,-0.0908054616076468,0.027,0.042,1,"BNIP1","GSE214411","Myeloid",TRUE
0.0512273067545466,1.00595566323455,0.056,0.037,1,"DLGAP1-AS2","GSE214411","Myeloid",TRUE
0.051262693818312,-0.25990230614076,0.031,0.048,1,"ATG4D","GSE214411","Myeloid",TRUE
0.0512702891520082,0.236852960148189,0.205,0.164,1,"GRIPAP1","GSE214411","Myeloid",TRUE
0.0513660806084648,0.20205913715747,0.131,0.101,1,"LYSMD3","GSE214411","Myeloid",TRUE
0.0513681339760515,-0.670670040644818,0.041,0.059,1,"LINC00909","GSE214411","Myeloid",TRUE
0.0514010940777303,-1.11983431071847,0.017,0.03,1,"ZNF740","GSE214411","Myeloid",TRUE
0.0514826840239374,0.272432753524359,0.434,0.388,1,"SNRPF","GSE214411","Myeloid",TRUE
0.0515027723012332,-0.222535444857014,0.207,0.234,1,"BTK","GSE214411","Myeloid",TRUE
0.0516137721263354,-0.296636181971776,0.106,0.13,1,"ERI3","GSE214411","Myeloid",TRUE
0.0516236055489489,-0.0596267728135498,0.186,0.213,1,"TBC1D15","GSE214411","Myeloid",TRUE
0.0516333466055574,0.0109854898129917,0.988,0.992,1,"TMSB4X","GSE214411","Myeloid",TRUE
0.0516684135480488,1.03489078937868,0.037,0.022,1,"KIAA1324","GSE214411","Myeloid",TRUE
0.0516751877493378,-0.507486150357866,0.04,0.057,1,"AP4E1","GSE214411","Myeloid",TRUE
0.0517215705929389,-0.105763595290447,0.211,0.237,1,"AP3B1","GSE214411","Myeloid",TRUE
0.051822924116635,-0.105194821850427,0.17,0.198,1,"SLC12A7","GSE214411","Myeloid",TRUE
0.0518593469352513,-0.29433134702569,0.209,0.235,1,"CMC2","GSE214411","Myeloid",TRUE
0.0519726474219731,-0.216197761814596,0.136,0.162,1,"RHOT1","GSE214411","Myeloid",TRUE
0.0520049148691507,-0.0382312342735283,0.157,0.123,1,"ICOSLG","GSE214411","Myeloid",TRUE
0.0520143505383982,-1.43575422335021,0.036,0.053,1,"PAQR3","GSE214411","Myeloid",TRUE
0.052035495965738,-0.288980423957543,0.287,0.306,1,"METAP2","GSE214411","Myeloid",TRUE
0.0520888725073788,-0.496836769847304,0.04,0.057,1,"TNIP3","GSE214411","Myeloid",TRUE
0.0520991031358275,0.330488866760302,0.095,0.07,1,"CHST2","GSE214411","Myeloid",TRUE
0.0521932766982152,-0.0463683450038621,0.025,0.04,1,"PARPBP","GSE214411","Myeloid",TRUE
0.0522155804115353,0.646384534204496,0.029,0.016,1,"ZNF165","GSE214411","Myeloid",TRUE
0.0522228511170219,0.160059531278294,0.025,0.04,1,"ZNF445","GSE214411","Myeloid",TRUE
0.0522669784379924,-0.0891517443069403,0.163,0.191,1,"CREB3L2","GSE214411","Myeloid",TRUE
0.0522878799013227,0.58237661505089,0.189,0.155,1,"DCP1A","GSE214411","Myeloid",TRUE
0.0523511398275398,-0.657887346184995,0.084,0.108,1,"GOT2","GSE214411","Myeloid",TRUE
0.0523697806325827,-0.277491708107539,0.159,0.183,1,"FRYL","GSE214411","Myeloid",TRUE
0.0523848655218995,-0.28710221590017,0.387,0.424,1,"PNISR","GSE214411","Myeloid",TRUE
0.0524066612113724,-0.802048370671448,0.145,0.171,1,"CTD-2336O2.1","GSE214411","Myeloid",TRUE
0.0524414296341567,0.579002552191268,0.402,0.368,1,"MRPL18","GSE214411","Myeloid",TRUE
0.0524647645713043,0.743055374025648,0.32,0.282,1,"RAB8B","GSE214411","Myeloid",TRUE
0.0524814964065555,-0.296970141726813,0.115,0.14,1,"COPS7A","GSE214411","Myeloid",TRUE
0.0525153603730991,0.594668092114149,0.272,0.233,1,"RHOC","GSE214411","Myeloid",TRUE
0.0525898451839619,0.0741737840452077,0.11,0.137,1,"PARP8","GSE214411","Myeloid",TRUE
0.0526505189110741,-0.522802505858135,0.016,0.029,1,"ARMCX5","GSE214411","Myeloid",TRUE
0.0526591888963181,0.8608028119758,0.662,0.691,1,"MNDA","GSE214411","Myeloid",TRUE
0.0527223292384123,-0.484941025109661,0.016,0.029,1,"ZNF586","GSE214411","Myeloid",TRUE
0.0527827757653528,-0.0335582110724415,0.199,0.227,1,"RPL26L1","GSE214411","Myeloid",TRUE
0.0527837617231641,1.25426535731938,0.125,0.101,1,"LIMK2","GSE214411","Myeloid",TRUE
0.0528755061097918,-0.25655355065484,0.084,0.107,1,"LINC00667","GSE214411","Myeloid",TRUE
0.0529052679358703,-0.849644707169968,0.01,0.02,1,"COQ3","GSE214411","Myeloid",TRUE
0.0529242439619158,-1.05814657193857,0.031,0.047,1,"PET117","GSE214411","Myeloid",TRUE
0.0529327639902169,-0.438351925727535,0.096,0.12,1,"RC3H2","GSE214411","Myeloid",TRUE
0.0529705321308662,-0.17560109472512,0.146,0.173,1,"TM2D2","GSE214411","Myeloid",TRUE
0.0530126598571602,-0.485961236941073,0.031,0.048,1,"LIN54","GSE214411","Myeloid",TRUE
0.0530641000628579,0.868468303663613,0.022,0.011,1,"CD79B","GSE214411","Myeloid",TRUE
0.0530940018355441,-0.490331636032361,0.075,0.099,1,"FRA10AC1","GSE214411","Myeloid",TRUE
0.0531210120399338,-0.5530115954426,0.119,0.143,1,"KAT6B","GSE214411","Myeloid",TRUE
0.0531429369619942,0.196366333675223,0.336,0.292,1,"KRT10","GSE214411","Myeloid",TRUE
0.0532619947009648,-0.103569036420118,0.301,0.331,1,"IL10RB","GSE214411","Myeloid",TRUE
0.0533045053791368,-0.12422768348259,0.606,0.676,1,"TOMM7","GSE214411","Myeloid",TRUE
0.0533204027950049,-0.331237031054944,0.144,0.169,1,"GMPR2","GSE214411","Myeloid",TRUE
0.0534848627492797,-0.0432496703215821,0.074,0.096,1,"ORC4","GSE214411","Myeloid",TRUE
0.0535195900929039,-0.413012472978654,0.015,0.028,1,"PIF1","GSE214411","Myeloid",TRUE
0.0535803154834849,-0.957254820373299,0.081,0.103,1,"CFAP20","GSE214411","Myeloid",TRUE
0.0535857226777853,-0.900694392075799,0.017,0.007,1,"KLHL25","GSE214411","Myeloid",TRUE
0.0535859497961417,0.191850779837778,0.372,0.4,1,"WAC","GSE214411","Myeloid",TRUE
0.0535930807682043,-0.20225266859582,0.323,0.339,1,"UQCRC1","GSE214411","Myeloid",TRUE
0.053642306134642,-0.0334657498545408,0.075,0.099,1,"ZNF770","GSE214411","Myeloid",TRUE
0.0536458534934011,-0.817140770682281,0.031,0.047,1,"MFGE8","GSE214411","Myeloid",TRUE
0.0536802856756418,-1.88265211804663,0.017,0.03,1,"CLDN15","GSE214411","Myeloid",TRUE
0.0536880218017973,0.10530798432241,0.026,0.041,1,"RP11-707G18.1","GSE214411","Myeloid",TRUE
0.0536925508639792,0.288534168045486,0.068,0.048,1,"PRKCH","GSE214411","Myeloid",TRUE
0.0537274363490302,-2.08924400732136,0.004,0.011,1,"AC090616.2","GSE214411","Myeloid",TRUE
0.0537288359952709,0.927360461262565,0.113,0.086,1,"RASGRP2","GSE214411","Myeloid",TRUE
0.0537776026066293,-0.17152135195607,0.026,0.041,1,"NBPF11","GSE214411","Myeloid",TRUE
0.0537992561013588,-0.256515281886513,0.156,0.183,1,"CCNC","GSE214411","Myeloid",TRUE
0.0538037668583568,-0.738981226437151,0.061,0.082,1,"PAPOLG","GSE214411","Myeloid",TRUE
0.0538418889110558,-0.0106922034856438,0.49,0.549,1,"CD48","GSE214411","Myeloid",TRUE
0.0538574466652409,-1.79278968301457,0.004,0.011,1,"RP11-153F10.2","GSE214411","Myeloid",TRUE
0.0538574466652409,-2.06617676388639,0.004,0.011,1,"ZBTB26","GSE214411","Myeloid",TRUE
0.05387050545545,0.844020226005075,0.05,0.033,1,"CATSPER1","GSE214411","Myeloid",TRUE
0.0539851730563416,-2.71628456992125,0.002,0.007,1,"PIK3CD-AS2","GSE214411","Myeloid",TRUE
0.0539851730563416,-2.3245432955926,0.002,0.007,1,"RP11-196G18.23","GSE214411","Myeloid",TRUE
0.0539877194970433,-2.77252069782646,0.004,0.011,1,"RHOJ","GSE214411","Myeloid",TRUE
0.0540494197529005,-1.52713158210981,0.006,0.015,1,"CCDC102B","GSE214411","Myeloid",TRUE
0.0540871493638296,-0.348562234214638,0.03,0.046,1,"TTI1","GSE214411","Myeloid",TRUE
0.0540932689602295,-0.219355627749462,0.15,0.176,1,"EPB41L4A-AS1","GSE214411","Myeloid",TRUE
0.0541478154810539,-2.52227686959927,0.002,0.007,1,"MAMDC4","GSE214411","Myeloid",TRUE
0.0541478154810539,-3.32550289244678,0.002,0.007,1,"SCUBE2","GSE214411","Myeloid",TRUE
0.0541478154810539,-2.28864489530619,0.002,0.007,1,"RP11-390P24.1","GSE214411","Myeloid",TRUE
0.0541478154810539,-2.07283877756327,0.002,0.007,1,"KCNK15","GSE214411","Myeloid",TRUE
0.0541725745328253,-1.75139221090419,0.03,0.046,1,"CARD11","GSE214411","Myeloid",TRUE
0.0541836218084912,-2.48888864733419,0.004,0.011,1,"XXbac-BPG181B23.7","GSE214411","Myeloid",TRUE
0.0541848079842847,-0.0630045974548041,0.059,0.081,1,"ARNTL","GSE214411","Myeloid",TRUE
0.0542292899099512,-2.5935486766551,0.002,0.007,1,"CHRNA6","GSE214411","Myeloid",TRUE
0.0542292899099512,-3.26636507028133,0.002,0.007,1,"HHIPL1","GSE214411","Myeloid",TRUE
0.0542292899099512,-2.205586973984,0.002,0.007,1,"SULT1A2","GSE214411","Myeloid",TRUE
0.0543134748213495,0.801939789542876,0.042,0.026,1,"AHCYL2","GSE214411","Myeloid",TRUE
0.0543168656752356,0.551533422788711,0.006,0.015,1,"RP11-849H4.2","GSE214411","Myeloid",TRUE
0.0543925456691032,-2.73495765470183,0.002,0.007,1,"RP13-977J11.2","GSE214411","Myeloid",TRUE
0.0543925456691032,-1.3590907411862,0.002,0.007,1,"LYPD5","GSE214411","Myeloid",TRUE
0.0544507793044419,-1.34598599859175,0.064,0.084,1,"VPS50","GSE214411","Myeloid",TRUE
0.0544743271867599,-1.39158624288613,0.002,0.007,1,"RP11-413H22.2","GSE214411","Myeloid",TRUE
0.0544743271867599,0.649687262311621,0.002,0.007,1,"MIR99AHG","GSE214411","Myeloid",TRUE
0.0545114437268192,-1.30395824192634,0.004,0.011,1,"ZKSCAN2","GSE214411","Myeloid",TRUE
0.0545195848947371,-0.1710165865144,0.083,0.105,1,"DDX60","GSE214411","Myeloid",TRUE
0.0545562112547892,-1.5756635378025,0.002,0.007,1,"CLEC12B","GSE214411","Myeloid",TRUE
0.0545772062566376,0.35701090011639,0.004,0.011,1,"PRSS12","GSE214411","Myeloid",TRUE
0.0545854148499801,-3.22029476736561,0.006,0.015,1,"C18orf54","GSE214411","Myeloid",TRUE
0.0546198718440367,1.51633851126583,0.027,0.015,1,"IPO4","GSE214411","Myeloid",TRUE
0.0546381979669683,-0.509640059927,0.002,0.007,1,"POU6F1","GSE214411","Myeloid",TRUE
0.0546513291857867,-0.4389763262429,0.137,0.161,1,"LZIC","GSE214411","Myeloid",TRUE
0.0546656988280358,0.160567458767879,0.439,0.463,1,"RAB2A","GSE214411","Myeloid",TRUE
0.0546738721931561,-0.243148552344677,0.078,0.056,1,"PFKP","GSE214411","Myeloid",TRUE
0.0546934687450465,-0.463517869687346,0.197,0.221,1,"PITHD1","GSE214411","Myeloid",TRUE
0.0548010507603905,-1.13398256871828,0.006,0.015,1,"NEK8","GSE214411","Myeloid",TRUE
0.0548409184802563,-1.01612399987793,0.004,0.011,1,"PLPP7","GSE214411","Myeloid",TRUE
0.0548409184802563,0.206300666906117,0.004,0.011,1,"ZNF382","GSE214411","Myeloid",TRUE
0.0548841068543144,-0.306518086393246,0.04,0.057,1,"PRIM2","GSE214411","Myeloid",TRUE
0.0548944703607341,1.56888466891607,0.113,0.09,1,"CLDN3","GSE214411","Myeloid",TRUE
0.0549070123049954,-0.946852048590078,0.004,0.011,1,"SIX5","GSE214411","Myeloid",TRUE
0.0549347169609092,2.28318020735002,0.015,0.006,1,"RGPD2","GSE214411","Myeloid",TRUE
0.0549671731337853,-0.695498171149555,0.002,0.007,1,"C4orf19","GSE214411","Myeloid",TRUE
0.0549778310168452,1.24554701766872,0.048,0.031,1,"TNFRSF10D","GSE214411","Myeloid",TRUE
0.0549785114327442,-0.503661409379917,0.017,0.03,1,"VPS33B","GSE214411","Myeloid",TRUE
0.0550393992170973,-0.865912750662203,0.004,0.011,1,"RIBC2","GSE214411","Myeloid",TRUE
0.0550496744744291,1.4823708982886,0.002,0.007,1,"XXbac-BPG252P9.9","GSE214411","Myeloid",TRUE
0.0550715941505814,-0.884024684142418,0.006,0.015,1,"ZNF718","GSE214411","Myeloid",TRUE
0.0550715941505814,-1.25815840982161,0.006,0.015,1,"TMEM241","GSE214411","Myeloid",TRUE
0.0551516194948163,-0.125329701758592,0.852,0.918,1,"UBA52","GSE214411","Myeloid",TRUE
0.0552586181726294,-0.576993703715213,0.087,0.11,1,"SLC25A40","GSE214411","Myeloid",TRUE
0.0553193374565012,-0.311528652615083,0.074,0.096,1,"FBXL20","GSE214411","Myeloid",TRUE
0.0553691133597215,-1.0756560773752,0.019,0.032,1,"PIGV","GSE214411","Myeloid",TRUE
0.0553727451658762,-0.667882230025337,0.155,0.177,1,"PDCD7","GSE214411","Myeloid",TRUE
0.0553977150758498,-0.594878961325159,0.006,0.015,1,"ARHGAP29","GSE214411","Myeloid",TRUE
0.0554816027395703,1.17173367682505,0.055,0.037,1,"RP1-313I6.12","GSE214411","Myeloid",TRUE
0.0555315058178891,-0.370700189537334,0.183,0.21,1,"DERL2","GSE214411","Myeloid",TRUE
0.0555425103571005,0.539853472535285,0.063,0.043,1,"ZNF668","GSE214411","Myeloid",TRUE
0.0555617065227293,-1.04622764422976,0.02,0.033,1,"CA11","GSE214411","Myeloid",TRUE
0.0556160219039412,-0.275550338350654,0.006,0.015,1,"FAM162B","GSE214411","Myeloid",TRUE
0.0556365832752349,-0.164326191091505,0.124,0.15,1,"MICU1","GSE214411","Myeloid",TRUE
0.0556557719403171,-0.629391768785904,0.017,0.03,1,"CHRNB1","GSE214411","Myeloid",TRUE
0.0557174495265135,0.0803628643704973,0.463,0.497,1,"SSBP1","GSE214411","Myeloid",TRUE
0.0557722925525423,1.84065659536132,0.004,0.011,1,"C2CD4A","GSE214411","Myeloid",TRUE
0.0557724512075921,-0.492265762392737,0.057,0.076,1,"KEAP1","GSE214411","Myeloid",TRUE
0.05577746005747,0.00556685776470278,0.111,0.137,1,"PEX2","GSE214411","Myeloid",TRUE
0.0557838147009689,0.0223259269019278,0.545,0.609,1,"GRB2","GSE214411","Myeloid",TRUE
0.0558131150296588,-0.187742269409607,0.016,0.029,1,"ADAMTS9","GSE214411","Myeloid",TRUE
0.0558737046902459,-0.0769123569174308,0.045,0.064,1,"UVSSA","GSE214411","Myeloid",TRUE
0.0559275285350753,-0.132724711170046,0.047,0.066,1,"POLR3H","GSE214411","Myeloid",TRUE
0.0560219674175776,-0.304941089140584,0.03,0.046,1,"PRPF39","GSE214411","Myeloid",TRUE
0.0561277242811581,-0.404716403687322,0.241,0.263,1,"RBM5","GSE214411","Myeloid",TRUE
0.0561353795903,0.820458121965742,0.067,0.048,1,"TNFRSF12A","GSE214411","Myeloid",TRUE
0.0561912711082207,-2.02683314983115,0.011,0.021,1,"CCL23","GSE214411","Myeloid",TRUE
0.0562594541121086,-0.272719105499537,0.376,0.408,1,"DNAJC7","GSE214411","Myeloid",TRUE
0.0563124962741804,-0.484887544399658,0.09,0.112,1,"KDM1B","GSE214411","Myeloid",TRUE
0.0563204835297821,-0.183120602462064,0.129,0.156,1,"TRIM69","GSE214411","Myeloid",TRUE
0.0563338336669145,-1.35900199795527,0.058,0.077,1,"HSD17B7","GSE214411","Myeloid",TRUE
0.0563636302791862,0.254014232966665,0.243,0.206,1,"DUSP5","GSE214411","Myeloid",TRUE
0.0564151240327216,-0.176522440558067,0.274,0.3,1,"SNW1","GSE214411","Myeloid",TRUE
0.0564218369998047,0.491632986847701,0.158,0.125,1,"NBEAL1","GSE214411","Myeloid",TRUE
0.056463204875784,-0.241953940740398,0.297,0.333,1,"TWISTNB","GSE214411","Myeloid",TRUE
0.0564964292048077,0.358948980530933,0.006,0.015,1,"SKAP1","GSE214411","Myeloid",TRUE
0.0564988126861364,0.377853571741986,0.242,0.278,1,"DDIT3","GSE214411","Myeloid",TRUE
0.056515280464905,-1.61098952465639,0.021,0.034,1,"ANKRD52","GSE214411","Myeloid",TRUE
0.0565524885896109,0.0596174895172288,0.04,0.024,1,"IGF1R","GSE214411","Myeloid",TRUE
0.0566414489133865,-0.614789548602817,0.04,0.057,1,"TMCO4","GSE214411","Myeloid",TRUE
0.056762958364047,-0.6656972187059,0.047,0.065,1,"KRI1","GSE214411","Myeloid",TRUE
0.0568437972242077,0.442970995905291,0.011,0.021,1,"ZNF597","GSE214411","Myeloid",TRUE
0.0568502949318256,0.055504883504366,0.306,0.341,1,"CAT","GSE214411","Myeloid",TRUE
0.0570022469626422,-0.658184812942365,0.011,0.021,1,"MFSD9","GSE214411","Myeloid",TRUE
0.0570856270592958,0.210056457676215,0.071,0.093,1,"SELM","GSE214411","Myeloid",TRUE
0.0570912194278278,-0.573126848966715,0.118,0.142,1,"KRIT1","GSE214411","Myeloid",TRUE
0.0571279929536213,-0.963924173682326,0.024,0.013,1,"PCGF2","GSE214411","Myeloid",TRUE
0.057249853507171,0.435566996260201,0.133,0.104,1,"KDM5C","GSE214411","Myeloid",TRUE
0.0573476329905422,4.02778752678713,0.006,0.001,1,"HIST2H4A","GSE214411","Myeloid",TRUE
0.0573476329905422,2.46272212394812,0.006,0.001,1,"ITPR1-AS1","GSE214411","Myeloid",TRUE
0.0573476329905422,5.03045222603783,0.006,0.001,1,"SLC52A3","GSE214411","Myeloid",TRUE
0.0573510869941349,-0.720408581831596,0.017,0.03,1,"EDNRB","GSE214411","Myeloid",TRUE
0.0573615897506136,-0.615038187867955,0.061,0.082,1,"DEAF1","GSE214411","Myeloid",TRUE
0.0574382639724238,2.19921215060971,0.006,0.001,1,"ADAD2","GSE214411","Myeloid",TRUE
0.0575744263285647,3.60971495908385,0.006,0.001,1,"HPSE2","GSE214411","Myeloid",TRUE
0.0575885601129443,-0.944884125342188,0.11,0.132,1,"ARID2","GSE214411","Myeloid",TRUE
0.0576198832551117,2.02827579412947,0.006,0.001,1,"RP5-1086K13.1","GSE214411","Myeloid",TRUE
0.0576198832551117,3.13656756710444,0.006,0.001,1,"SEMA3A","GSE214411","Myeloid",TRUE
0.0577108717820291,2.43037769694543,0.006,0.001,1,"HDC","GSE214411","Myeloid",TRUE
0.0578019797167939,2.3822598568191,0.006,0.001,1,"ZCWPW2","GSE214411","Myeloid",TRUE
0.0578019797167939,1.35339794078008,0.006,0.001,1,"CTD-2006H14.2","GSE214411","Myeloid",TRUE
0.0578019797167939,3.41609515603798,0.006,0.001,1,"PITPNM2","GSE214411","Myeloid",TRUE
0.0578019797167939,3.37665355345114,0.006,0.001,1,"RP11-960L18.1","GSE214411","Myeloid",TRUE
0.0578019797167939,3.07778996390268,0.006,0.001,1,"FAM209B","GSE214411","Myeloid",TRUE
0.0578031576326852,-0.362865564731692,0.061,0.082,1,"EZH1","GSE214411","Myeloid",TRUE
0.0578640603411356,-0.316235184615182,0.037,0.054,1,"SFXN5","GSE214411","Myeloid",TRUE
0.0578932071725477,1.31001648098725,0.006,0.001,1,"RP11-560J1.2","GSE214411","Myeloid",TRUE
0.0579845542624665,0.0117559528637239,0.006,0.001,1,"RP11-7F18.2","GSE214411","Myeloid",TRUE
0.0579845542624665,0.916251875839893,0.006,0.001,1,"GRHL2","GSE214411","Myeloid",TRUE
0.0579845542624665,1.08916679252899,0.006,0.001,1,"PRR29-AS1","GSE214411","Myeloid",TRUE
0.0580023780994652,0.655223858913757,0.02,0.01,1,"PBLD","GSE214411","Myeloid",TRUE
0.0580121152414024,-0.509921769878736,0.012,0.022,1,"RGAG4","GSE214411","Myeloid",TRUE
0.0580373828104954,0.98618133862145,0.064,0.044,1,"HLA-DOB","GSE214411","Myeloid",TRUE
0.0581341880905109,-0.195408621216026,0.111,0.137,1,"ANKIB1","GSE214411","Myeloid",TRUE
0.0581543709123508,0.0346125294084402,0.403,0.443,1,"BCAS2","GSE214411","Myeloid",TRUE
0.0581746888283763,0.995851755373172,0.042,0.026,1,"RP11-182L21.6","GSE214411","Myeloid",TRUE
0.0582012984126782,-0.465794754651432,0.071,0.092,1,"ZNF480","GSE214411","Myeloid",TRUE
0.0582831028793209,0.166492145971554,0.011,0.021,1,"C14orf93","GSE214411","Myeloid",TRUE
0.0582964299060372,-0.216745394584164,0.219,0.245,1,"BCKDK","GSE214411","Myeloid",TRUE
0.058315808608854,0.18264977037522,0.097,0.123,1,"MMP14","GSE214411","Myeloid",TRUE
0.0583443371915939,-0.432455936477423,0.201,0.227,1,"TMEM30A","GSE214411","Myeloid",TRUE
0.0583560833350627,0.313501134071055,0.038,0.055,1,"C5orf22","GSE214411","Myeloid",TRUE
0.0584267370927089,0.572226303333548,0.217,0.188,1,"CD1C","GSE214411","Myeloid",TRUE
0.0584325309002896,0.169589423946231,0.423,0.469,1,"SPINT2","GSE214411","Myeloid",TRUE
0.0585391535143802,0.0250641529360522,0.031,0.047,1,"CSF1","GSE214411","Myeloid",TRUE
0.0585785836465405,-0.236080405401447,0.358,0.38,1,"SRP72","GSE214411","Myeloid",TRUE
0.0586070263910643,0.703247876273025,0.011,0.021,1,"SPTLC3","GSE214411","Myeloid",TRUE
0.0586095619520502,-0.420933544454774,0.104,0.128,1,"CSE1L","GSE214411","Myeloid",TRUE
0.058666220064272,0.186586419793759,0.12,0.092,1,"BATF3","GSE214411","Myeloid",TRUE
0.0587537149847196,1.44070731848167,0.02,0.01,1,"GREB1","GSE214411","Myeloid",TRUE
0.0588231006421688,-0.395722989082916,0.059,0.079,1,"TGFBRAP1","GSE214411","Myeloid",TRUE
0.0588381901684931,0.27558748895749,0.017,0.03,1,"HIST1H1B","GSE214411","Myeloid",TRUE
0.0589296417874755,0.7673649551683,0.064,0.044,1,"JUP","GSE214411","Myeloid",TRUE
0.0589886302311641,0.723912203382466,0.054,0.036,1,"MXRA7","GSE214411","Myeloid",TRUE
0.0590010947077726,-0.708104632014517,0.012,0.022,1,"KLRG1","GSE214411","Myeloid",TRUE
0.0590770395151904,-0.295076940000098,0.019,0.032,1,"GLB1L","GSE214411","Myeloid",TRUE
0.0590826884409953,-0.39263751558189,0.173,0.199,1,"GYG1","GSE214411","Myeloid",TRUE
0.0591316646755396,-0.631816128969496,0.054,0.074,1,"TNFSF15","GSE214411","Myeloid",TRUE
0.0591994359718373,-0.103939840959162,0.135,0.161,1,"TXNDC9","GSE214411","Myeloid",TRUE
0.0592811220971063,-0.648228791933055,0.075,0.097,1,"SLC27A3","GSE214411","Myeloid",TRUE
0.0593470839891549,0.151983918121206,0.194,0.221,1,"PIH1D1","GSE214411","Myeloid",TRUE
0.0593699540680879,0.281056002277797,0.031,0.048,1,"RFC5","GSE214411","Myeloid",TRUE
0.059388895882345,-0.295479078287314,0.174,0.199,1,"METTL23","GSE214411","Myeloid",TRUE
0.0594309136009531,1.72647590742207,0.013,0.005,1,"DKK3","GSE214411","Myeloid",TRUE
0.0594434441991009,0.854752762522765,0.216,0.179,1,"CSF2RB","GSE214411","Myeloid",TRUE
0.0594451801990256,0.175273898765159,0.045,0.064,1,"TCTA","GSE214411","Myeloid",TRUE
0.0594529516586622,-2.81058942473299,0.007,0.016,1,"INTS6-AS1","GSE214411","Myeloid",TRUE
0.0594826653940004,0.20005349314081,0.1,0.075,1,"RRN3","GSE214411","Myeloid",TRUE
0.0595101000509929,0.046383538623576,0.069,0.09,1,"P2RY14","GSE214411","Myeloid",TRUE
0.0596155107364931,0.905213371118202,0.047,0.031,1,"ABCB10","GSE214411","Myeloid",TRUE
0.0597274180246302,2.25902195307368,0.013,0.005,1,"PPP5D1","GSE214411","Myeloid",TRUE
0.0597400110581863,0.571550371844057,0.139,0.111,1,"TMEM41B","GSE214411","Myeloid",TRUE
0.0597851689979962,-2.27559056865457,0.007,0.016,1,"IRAK1BP1","GSE214411","Myeloid",TRUE
0.0598664390073606,-0.723480501155428,0.012,0.022,1,"DNAH1","GSE214411","Myeloid",TRUE
0.0598839477110661,1.99705089051623,0.032,0.019,1,"LIF","GSE214411","Myeloid",TRUE
0.0599633593539425,-2.27323352196942,0,0.003,1,"RP5-1198O20.4","GSE214411","Myeloid",TRUE
0.0599633593539425,-2.31701673438815,0,0.003,1,"RP5-1074L1.1","GSE214411","Myeloid",TRUE
0.0599633593539425,-2.28263553231944,0,0.003,1,"RP11-96K19.2","GSE214411","Myeloid",TRUE
0.0599633593539425,-3.95387778125236,0,0.003,1,"RP11-403I13.5","GSE214411","Myeloid",TRUE
0.0599633593539425,-2.19604384216082,0,0.003,1,"LINC00624","GSE214411","Myeloid",TRUE
0.0599633593539425,-4.01140572759765,0,0.003,1,"IGSF9","GSE214411","Myeloid",TRUE
0.0599633593539425,-3.6455212572291,0,0.003,1,"RP11-430C7.4","GSE214411","Myeloid",TRUE
0.0599633593539425,-1.99230320540983,0,0.003,1,"RP11-275I14.4","GSE214411","Myeloid",TRUE
0.0599633593539425,-3.32847264061177,0,0.003,1,"RP11-1223D19.1","GSE214411","Myeloid",TRUE
0.0599633593539425,-1.92963842193171,0,0.003,1,"KIAA2012","GSE214411","Myeloid",TRUE
0.0599633593539425,-2.51358324557869,0,0.003,1,"PTH2R","GSE214411","Myeloid",TRUE
0.0599633593539425,-2.07355456665089,0,0.003,1,"NPPC","GSE214411","Myeloid",TRUE
0.0599633593539425,-4.33372157374326,0,0.003,1,"RP11-424N24.2","GSE214411","Myeloid",TRUE
0.0599633593539425,-2.71189680630768,0,0.003,1,"CDHR4","GSE214411","Myeloid",TRUE
0.0599633593539425,-1.80351547457006,0,0.003,1,"DNAH12","GSE214411","Myeloid",TRUE
0.0599633593539425,-2.5244560850761,0,0.003,1,"FAM3D","GSE214411","Myeloid",TRUE
0.0599633593539425,-2.34688430500633,0,0.003,1,"YEATS2-AS1","GSE214411","Myeloid",TRUE
0.0599633593539425,-2.64661798658115,0,0.003,1,"RP11-440L14.4","GSE214411","Myeloid",TRUE
0.0599633593539425,-4.521721275148,0,0.003,1,"STX18-AS1","GSE214411","Myeloid",TRUE
0.0599633593539425,-2.25215018919049,0,0.003,1,"EVC2","GSE214411","Myeloid",TRUE
0.0599633593539425,-1.96981347218275,0,0.003,1,"RP11-281P23.1","GSE214411","Myeloid",TRUE
0.0599633593539425,-2.33933699764186,0,0.003,1,"RP11-127B20.2","GSE214411","Myeloid",TRUE
0.0599633593539425,-2.42963708365735,0,0.003,1,"BMPR1B-AS1","GSE214411","Myeloid",TRUE
0.0599633593539425,-2.35576263901684,0,0.003,1,"NPNT","GSE214411","Myeloid",TRUE
0.0599633593539425,-2.07015612231003,0,0.003,1,"SMARCA5-AS1","GSE214411","Myeloid",TRUE
0.0599633593539425,-2.39793000906177,0,0.003,1,"DNAH5","GSE214411","Myeloid",TRUE
0.0599633593539425,-4.09408477722706,0,0.003,1,"HAPLN1","GSE214411","Myeloid",TRUE
0.0599633593539425,-1.95660358508169,0,0.003,1,"CTC-203F4.2","GSE214411","Myeloid",TRUE
0.0599633593539425,-2.79855843595188,0,0.003,1,"RP11-394O4.5","GSE214411","Myeloid",TRUE
0.0599633593539425,-2.53061200620718,0,0.003,1,"PDE6A","GSE214411","Myeloid",TRUE
0.0599633593539425,-3.97905206698938,0,0.003,1,"RP11-314C16.1","GSE214411","Myeloid",TRUE
0.0599633593539425,-2.48250508170893,0,0.003,1,"HIST1H4F","GSE214411","Myeloid",TRUE
0.0599633593539425,-2.25195490720958,0,0.003,1,"ZNF391","GSE214411","Myeloid",TRUE
0.0599633593539425,-2.44975920361243,0,0.003,1,"KLHL32","GSE214411","Myeloid",TRUE
0.0599633593539425,-2.47698806398962,0,0.003,1,"LINC00271","GSE214411","Myeloid",TRUE
0.0599633593539425,-2.62799633889287,0,0.003,1,"ECT2L","GSE214411","Myeloid",TRUE
0.0599633593539425,-2.78846554484676,0,0.003,1,"C6orf118","GSE214411","Myeloid",TRUE
0.0599633593539425,-4.15527132845911,0,0.003,1,"AC099342.1","GSE214411","Myeloid",TRUE
0.0599633593539425,-3.60516474333664,0,0.003,1,"CYP51A1-AS1","GSE214411","Myeloid",TRUE
0.0599633593539425,-4.15851658811284,0,0.003,1,"FOXP3","GSE214411","Myeloid",TRUE
0.0599633593539425,-4.19109129622592,0,0.003,1,"DIAPH2-AS1","GSE214411","Myeloid",TRUE
0.0599633593539425,-2.93665492099793,0,0.003,1,"PIH1D3","GSE214411","Myeloid",TRUE
0.0599633593539425,-3.2051011367804,0,0.003,1,"CCDC160","GSE214411","Myeloid",TRUE
0.0599633593539425,-2.60072824875988,0,0.003,1,"MCPH1-AS1","GSE214411","Myeloid",TRUE
0.0599633593539425,-2.41742494561926,0,0.003,1,"SPATA6L","GSE214411","Myeloid",TRUE
0.0599633593539425,-4.4721184960299,0,0.003,1,"FAM225B","GSE214411","Myeloid",TRUE
0.0599633593539425,-1.94669364789054,0,0.003,1,"C9orf43","GSE214411","Myeloid",TRUE
0.0599633593539425,-1.88244415969007,0,0.003,1,"RP11-167N5.5","GSE214411","Myeloid",TRUE
0.0599633593539425,-4.28764218898678,0,0.003,1,"TRIM34","GSE214411","Myeloid",TRUE
0.0599633593539425,-2.60809339471242,0,0.003,1,"RP11-613D13.5","GSE214411","Myeloid",TRUE
0.0599633593539425,-3.4991290436699,0,0.003,1,"GLYATL1","GSE214411","Myeloid",TRUE
0.0599633593539425,-2.22817885737126,0,0.003,1,"AQP11","GSE214411","Myeloid",TRUE
0.0599633593539425,-3.30875456849573,0,0.003,1,"POU2AF1","GSE214411","Myeloid",TRUE
0.0599633593539425,-4.58876396454703,0,0.003,1,"TMEM45B","GSE214411","Myeloid",TRUE
0.0599633593539425,-1.87228330542718,0,0.003,1,"RP11-165A20.3","GSE214411","Myeloid",TRUE
0.0599633593539425,-2.20774819327457,0,0.003,1,"LINC00857","GSE214411","Myeloid",TRUE
0.0599633593539425,-2.22319397653216,0,0.003,1,"RP13-735L24.1","GSE214411","Myeloid",TRUE
0.0599633593539425,-2.88687765988973,0,0.003,1,"RDH16","GSE214411","Myeloid",TRUE
0.0599633593539425,-2.26459689040785,0,0.003,1,"RP11-141M1.1","GSE214411","Myeloid",TRUE
0.0599633593539425,-2.31611639013802,0,0.003,1,"LINC00562","GSE214411","Myeloid",TRUE
0.0599633593539425,-4.21404845341213,0,0.003,1,"EFS","GSE214411","Myeloid",TRUE
0.0599633593539425,-2.6432364926308,0,0.003,1,"PRKD1","GSE214411","Myeloid",TRUE
0.0599633593539425,-2.72828688269223,0,0.003,1,"ABHD12B","GSE214411","Myeloid",TRUE
0.0599633593539425,-2.2320626450985,0,0.003,1,"PPP1R36","GSE214411","Myeloid",TRUE
0.0599633593539425,-2.50009457891608,0,0.003,1,"RP11-37C7.3","GSE214411","Myeloid",TRUE
0.0599633593539425,-3.14126268922579,0,0.003,1,"DISP2","GSE214411","Myeloid",TRUE
0.0599633593539425,-1.68051291485387,0,0.003,1,"LIPC","GSE214411","Myeloid",TRUE
0.0599633593539425,-2.02781776510249,0,0.003,1,"RP11-60L3.6","GSE214411","Myeloid",TRUE
0.0599633593539425,-4.43763511252984,0,0.003,1,"ST8SIA2","GSE214411","Myeloid",TRUE
0.0599633593539425,-2.15397243744343,0,0.003,1,"RP11-77H9.2","GSE214411","Myeloid",TRUE
0.0599633593539425,-2.32941135040574,0,0.003,1,"ATP2A1","GSE214411","Myeloid",TRUE
0.0599633593539425,-2.04871655648478,0,0.003,1,"RP11-2C24.7","GSE214411","Myeloid",TRUE
0.0599633593539425,-5.42137064570914,0,0.003,1,"RP11-44F14.8","GSE214411","Myeloid",TRUE
0.0599633593539425,-2.58734114247489,0,0.003,1,"LDHD","GSE214411","Myeloid",TRUE
0.0599633593539425,-2.60785548989227,0,0.003,1,"RP11-55K13.1","GSE214411","Myeloid",TRUE
0.0599633593539425,-3.48270851509592,0,0.003,1,"RP11-849F2.9","GSE214411","Myeloid",TRUE
0.0599633593539425,-4.50744557094643,0,0.003,1,"CFAP52","GSE214411","Myeloid",TRUE
0.0599633593539425,-2.06822717812637,0,0.003,1,"TBC1D3L","GSE214411","Myeloid",TRUE
0.0599633593539425,-3.87210098979464,0,0.003,1,"HCRT","GSE214411","Myeloid",TRUE
0.0599633593539425,-2.29735726634177,0,0.003,1,"SOST","GSE214411","Myeloid",TRUE
0.0599633593539425,-2.79851979144077,0,0.003,1,"MYCBPAP","GSE214411","Myeloid",TRUE
0.0599633593539425,-4.89157820427748,0,0.003,1,"EPN3","GSE214411","Myeloid",TRUE
0.0599633593539425,-2.177927328663,0,0.003,1,"AC145343.2","GSE214411","Myeloid",TRUE
0.0599633593539425,-2.26106115433897,0,0.003,1,"RP11-552F3.9","GSE214411","Myeloid",TRUE
0.0599633593539425,-2.03272358168318,0,0.003,1,"RBFOX3","GSE214411","Myeloid",TRUE
0.0599633593539425,-3.86692801024834,0,0.003,1,"LOXHD1","GSE214411","Myeloid",TRUE
0.0599633593539425,-4.50337715699651,0,0.003,1,"NRTN","GSE214411","Myeloid",TRUE
0.0599633593539425,-2.31482254145311,0,0.003,1,"LLNLR-246C6.1","GSE214411","Myeloid",TRUE
0.0599633593539425,-2.1134468297458,0,0.003,1,"CTC-526N19.1","GSE214411","Myeloid",TRUE
0.0599633593539425,-1.93130963040039,0,0.003,1,"KIRREL2","GSE214411","Myeloid",TRUE
0.0599633593539425,-5.97007288429123,0,0.003,1,"CD177","GSE214411","Myeloid",TRUE
0.0599633593539425,-2.41170224375403,0,0.003,1,"ZNF285","GSE214411","Myeloid",TRUE
0.0599633593539425,-2.39626556848394,0,0.003,1,"LMTK3","GSE214411","Myeloid",TRUE
0.0599633593539425,-4.90160039509651,0,0.003,1,"TULP2","GSE214411","Myeloid",TRUE
0.0599633593539425,-2.38460671364899,0,0.003,1,"ZNF610","GSE214411","Myeloid",TRUE
0.0599633593539425,-4.11131416164285,0,0.003,1,"GP6","GSE214411","Myeloid",TRUE
0.0599633593539425,-2.00042637152726,0,0.003,1,"ZNF497","GSE214411","Myeloid",TRUE
0.0599633593539425,-2.83856493615867,0,0.003,1,"XXbac-B444P24.14","GSE214411","Myeloid",TRUE
0.0599633593539425,-2.49219818601542,0,0.003,1,"CH17-264L24.1","GSE214411","Myeloid",TRUE
0.0599633593539425,-3.7431021051318,0,0.003,1,"ZNRF3-AS1","GSE214411","Myeloid",TRUE
0.0599633593539425,-2.17481132140932,0,0.003,1,"TRAPPC3L","GSE214411","Myeloid",TRUE
0.0599633593539425,-2.55464742907209,0,0.003,1,"AP000349.2","GSE214411","Myeloid",TRUE
0.0599633593539425,-2.70556880803791,0,0.003,1,"AP002954.4","GSE214411","Myeloid",TRUE
0.0599633593539425,-2.76156221660961,0,0.003,1,"IGLL5","GSE214411","Myeloid",TRUE
0.0599633593539425,-3.04714975170662,0,0.003,1,"RP11-575A19.2","GSE214411","Myeloid",TRUE
0.0599633593539425,-3.32248153431523,0,0.003,1,"PDE6H","GSE214411","Myeloid",TRUE
0.0599633593539425,-2.80429890381849,0,0.003,1,"RP5-899B16.1","GSE214411","Myeloid",TRUE
0.0599633593539425,-2.96223006543345,0,0.003,1,"RP11-202G18.1","GSE214411","Myeloid",TRUE
0.0599633593539425,-2.50987200721078,0,0.003,1,"SPIC","GSE214411","Myeloid",TRUE
0.0599633593539425,-3.11023450973541,0,0.003,1,"RP5-839B4.8","GSE214411","Myeloid",TRUE
0.0599633593539425,-1.56334409930741,0,0.003,1,"MS4A6E","GSE214411","Myeloid",TRUE
0.0599633593539425,-3.71298637035723,0,0.003,1,"IFNB1","GSE214411","Myeloid",TRUE
0.0599671339228747,-0.37210144975492,0.075,0.097,1,"C20orf194","GSE214411","Myeloid",TRUE
0.0600075015230424,-1.61226343168311,0.007,0.016,1,"RP11-47A8.5","GSE214411","Myeloid",TRUE
0.0600462927171236,0.208465011880029,0.296,0.334,1,"ATP6V1B2","GSE214411","Myeloid",TRUE
0.0600596196101721,-0.631524148407132,0.09,0.113,1,"GAS2L3","GSE214411","Myeloid",TRUE
0.0600632241287883,1.320672369599,0.078,0.057,1,"HMCES","GSE214411","Myeloid",TRUE
0.0601878920054085,-1.13935521206589,0.012,0.022,1,"RP11-96O20.5","GSE214411","Myeloid",TRUE
0.0601945161881762,-0.168939372666628,0.07,0.091,1,"CEP104","GSE214411","Myeloid",TRUE
0.0602305192508685,-1.6705012461388,0.007,0.016,1,"ZNF543","GSE214411","Myeloid",TRUE
0.0602339304684047,-1.76489561700477,0.012,0.022,1,"FOXN3-AS1","GSE214411","Myeloid",TRUE
0.0602629541736341,-0.692955532936532,0.116,0.14,1,"SNRNP27","GSE214411","Myeloid",TRUE
0.060413609291852,-0.301977576247666,0.058,0.077,1,"WRB","GSE214411","Myeloid",TRUE
0.0604382384858454,-0.765871130827752,0.021,0.034,1,"CHTF18","GSE214411","Myeloid",TRUE
0.06052485208825,-0.18809191683247,0.221,0.179,1,"HNRNPL","GSE214411","Myeloid",TRUE
0.0606243018617493,0.94598808055129,0.013,0.005,1,"ATL1","GSE214411","Myeloid",TRUE
0.0606737972295813,0.102807612958879,0.019,0.032,1,"POLR1B","GSE214411","Myeloid",TRUE
0.0606817905511318,-0.521620230460012,0.105,0.128,1,"ZNF672","GSE214411","Myeloid",TRUE
0.060694474832818,-0.564966737271568,0.045,0.064,1,"TIPIN","GSE214411","Myeloid",TRUE
0.0607289753446894,-0.291236528190349,0.172,0.196,1,"UNC119","GSE214411","Myeloid",TRUE
0.0607447253306043,0.668791938771102,0.013,0.005,1,"RP11-540A21.2","GSE214411","Myeloid",TRUE
0.0607491328343748,-1.03672744151702,0.021,0.034,1,"ACAD10","GSE214411","Myeloid",TRUE
0.0607509970762795,-0.000470130346170272,0.262,0.285,1,"PPP1R7","GSE214411","Myeloid",TRUE
0.0608002158139705,-0.0191515634732846,0.235,0.265,1,"CLIP1","GSE214411","Myeloid",TRUE
0.0608073552811757,-0.0484076877724824,0.243,0.267,1,"MAX","GSE214411","Myeloid",TRUE
0.0610082523694935,0.472160445359592,0.027,0.015,1,"UST","GSE214411","Myeloid",TRUE
0.0610729641540611,-1.26655902293707,0.007,0.016,1,"CTC-534A2.2","GSE214411","Myeloid",TRUE
0.0611151945519403,0.9694384761337,0.125,0.097,1,"JAK3","GSE214411","Myeloid",TRUE
0.0611395077451441,0.36631557274584,0.514,0.487,1,"VAPA","GSE214411","Myeloid",TRUE
0.0611898594428779,0.565306951409287,0.357,0.319,1,"PTP4A1","GSE214411","Myeloid",TRUE
0.0612050371852441,-0.439225299573117,0.172,0.198,1,"GOLIM4","GSE214411","Myeloid",TRUE
0.0612503929178092,0.158609097537906,0.096,0.122,1,"ARHGAP1","GSE214411","Myeloid",TRUE
0.0612620373326531,-0.885448844050633,0.071,0.091,1,"C2orf49","GSE214411","Myeloid",TRUE
0.0613139795531479,0.119814172078812,0.085,0.108,1,"WDR6","GSE214411","Myeloid",TRUE
0.0613265728685733,-0.363749836570959,0.196,0.221,1,"HERC1","GSE214411","Myeloid",TRUE
0.0613412779818287,-0.816101294524777,0.02,0.033,1,"HAUS5","GSE214411","Myeloid",TRUE
0.0613559389161294,-0.463641018146756,0.007,0.016,1,"RASSF8-AS1","GSE214411","Myeloid",TRUE
0.0617117261547449,-0.207057757446862,0.303,0.325,1,"COPZ1","GSE214411","Myeloid",TRUE
0.0619008632832814,-0.197656408507536,0.117,0.14,1,"ASXL2","GSE214411","Myeloid",TRUE
0.0620967577305872,-0.662737205267636,0.007,0.016,1,"CENPO","GSE214411","Myeloid",TRUE
0.0620967577305872,-2.05874076920213,0.007,0.016,1,"CCDC7","GSE214411","Myeloid",TRUE
0.0621540490425844,-0.587775238877597,0.007,0.016,1,"HBA2","GSE214411","Myeloid",TRUE
0.0622447637560923,-0.0574730385225521,0.069,0.09,1,"C5orf56","GSE214411","Myeloid",TRUE
0.0623529282499918,-0.411696826604863,0.054,0.036,1,"DLG4","GSE214411","Myeloid",TRUE
0.0623747438141888,-0.311032544904414,0.126,0.15,1,"ARHGAP27","GSE214411","Myeloid",TRUE
0.0623937531675309,1.23014519113691,0.012,0.004,1,"COLGALT2","GSE214411","Myeloid",TRUE
0.0624067010300904,-0.577931554138769,0.102,0.126,1,"GSS","GSE214411","Myeloid",TRUE
0.0624411619656888,0.376806667862835,0.007,0.016,1,"RP11-84A19.4","GSE214411","Myeloid",TRUE
0.0624444814691297,0.388331939777962,0.108,0.082,1,"RBM15B","GSE214411","Myeloid",TRUE
0.0625342307601969,0.211348230957384,0.281,0.24,1,"PLK3","GSE214411","Myeloid",TRUE
0.0625368701847413,-0.302630918768449,0.211,0.235,1,"TUBGCP2","GSE214411","Myeloid",TRUE
0.0625858777486391,-1.14389550263298,0.013,0.023,1,"ABLIM3","GSE214411","Myeloid",TRUE
0.0626393809503819,1.09647281723121,0.032,0.019,1,"LRRC32","GSE214411","Myeloid",TRUE
0.062708974984155,-0.158595763536045,0.188,0.213,1,"FAM91A1","GSE214411","Myeloid",TRUE
0.062783483960092,1.56798917829391,0.025,0.014,1,"ALPL","GSE214411","Myeloid",TRUE
0.0631039299653195,-0.391954083198266,0.239,0.262,1,"PPHLN1","GSE214411","Myeloid",TRUE
0.0631298975573747,-0.451722310546184,0.145,0.167,1,"UNC50","GSE214411","Myeloid",TRUE
0.0632311632769107,-0.761404322779448,0.073,0.094,1,"ATP5SL","GSE214411","Myeloid",TRUE
0.0632671003995542,-0.0545327809921172,0.374,0.396,1,"ADRBK1","GSE214411","Myeloid",TRUE
0.0632825815979614,-0.0152974041737,0.5,0.538,1,"TOMM20","GSE214411","Myeloid",TRUE
0.0632831080363189,0.795606716455688,0.147,0.119,1,"HIP1","GSE214411","Myeloid",TRUE
0.0633005722552145,0.876399077696751,0.113,0.088,1,"TBC1D7","GSE214411","Myeloid",TRUE
0.0633344730918491,0.904734273998803,0.012,0.004,1,"LINC01465","GSE214411","Myeloid",TRUE
0.0634236138977688,0.374449019326301,0.185,0.153,1,"PRELID3B","GSE214411","Myeloid",TRUE
0.0634292331912691,0.22977369553328,0.214,0.177,1,"CSGALNACT2","GSE214411","Myeloid",TRUE
0.0634930558872774,-0.361702020386492,0.049,0.032,1,"GABBR1","GSE214411","Myeloid",TRUE
0.0635005000668252,1.3786423586243,0.018,0.008,1,"KLRC1","GSE214411","Myeloid",TRUE
0.0636095787189069,-0.277246081762672,0.013,0.023,1,"FAM159A","GSE214411","Myeloid",TRUE
0.0636359163171245,-1.23656018783881,0.03,0.044,1,"MZF1","GSE214411","Myeloid",TRUE
0.0636407636340174,-0.969893924597491,0.023,0.037,1,"KPTN","GSE214411","Myeloid",TRUE
0.0636492406059665,0.81328617550901,0.132,0.107,1,"CXCL1","GSE214411","Myeloid",TRUE
0.0636664127606111,0.81020422651662,0.038,0.023,1,"FAM46C","GSE214411","Myeloid",TRUE
0.06367327216488,0.694255757538373,0.012,0.004,1,"KAZN","GSE214411","Myeloid",TRUE
0.0637013918366279,-0.304039265383573,0.235,0.255,1,"EEA1","GSE214411","Myeloid",TRUE
0.0637108467296234,-0.281890066516591,0.144,0.172,1,"FAM45A","GSE214411","Myeloid",TRUE
0.0637204668792884,0.12263685265135,0.106,0.131,1,"C1GALT1C1","GSE214411","Myeloid",TRUE
0.0638014760636389,1.00190521208009,0.037,0.054,1,"CCDC34","GSE214411","Myeloid",TRUE
0.06381537042063,-0.0726546421607619,0.092,0.114,1,"DDX10","GSE214411","Myeloid",TRUE
0.0638531547444239,0.252150395093008,0.061,0.082,1,"PCYOX1","GSE214411","Myeloid",TRUE
0.0638655784150553,-0.943831933818974,0.032,0.048,1,"IGHMBP2","GSE214411","Myeloid",TRUE
0.0638911583064138,-0.250990975819931,0.013,0.023,1,"NXN","GSE214411","Myeloid",TRUE
0.0640169038379429,1.78195142063413,0.008,0.002,1,"RP11-783K16.5","GSE214411","Myeloid",TRUE
0.0640209070254505,-1.7304253242958,0.034,0.05,1,"TMEM53","GSE214411","Myeloid",TRUE
0.0640323336677586,-0.503235438660801,0.013,0.023,1,"CCDC15","GSE214411","Myeloid",TRUE
0.0640416063226328,-0.105115619739028,0.846,0.935,1,"RPS27A","GSE214411","Myeloid",TRUE
0.0640502978630484,-1.8762207488127,0.004,0.012,1,"CTD-2506P8.6","GSE214411","Myeloid",TRUE
0.0641016245955417,4.20569096231685,0.008,0.002,1,"ART3","GSE214411","Myeloid",TRUE
0.0641615371254863,1.20575628454209,0.035,0.021,1,"IL23A","GSE214411","Myeloid",TRUE
0.0641788623999822,0.464677283597417,0.252,0.209,1,"LAMTOR3","GSE214411","Myeloid",TRUE
0.06418178730421,-1.11518854451238,0.026,0.04,1,"ULK4","GSE214411","Myeloid",TRUE
0.0642480525559806,-0.263444972020326,0.184,0.21,1,"PDHB","GSE214411","Myeloid",TRUE
0.0643135030277916,0.681495481816563,0.283,0.253,1,"FBP1","GSE214411","Myeloid",TRUE
0.0644121928001287,-0.59836258665175,0.287,0.299,1,"ADPGK","GSE214411","Myeloid",TRUE
0.0644414338940738,3.01703726094152,0.008,0.002,1,"C6orf141","GSE214411","Myeloid",TRUE
0.0644727386217811,0.0759419537910258,0.276,0.302,1,"IFNAR1","GSE214411","Myeloid",TRUE
0.0644733923709924,-1.63744138691635,0.004,0.012,1,"KIAA1107","GSE214411","Myeloid",TRUE
0.0644782102385479,0.200421297007201,0.341,0.293,1,"KPNA4","GSE214411","Myeloid",TRUE
0.0645249895328512,0.826130198757138,0.112,0.088,1,"FAM126B","GSE214411","Myeloid",TRUE
0.0645334802464029,-1.49507429498926,0.013,0.024,1,"ZSCAN32","GSE214411","Myeloid",TRUE
0.064566569708753,-0.56401531359108,0.018,0.008,1,"RP11-872J21.3","GSE214411","Myeloid",TRUE
0.064614935459264,-3.10267349525135,0.004,0.012,1,"C1orf194","GSE214411","Myeloid",TRUE
0.064614935459264,-1.63135212374583,0.004,0.012,1,"RMRP","GSE214411","Myeloid",TRUE
0.0646418111106995,-0.00500309970022128,0.057,0.076,1,"ATR","GSE214411","Myeloid",TRUE
0.0646972654546606,2.8124186221401,0.008,0.002,1,"CADM4","GSE214411","Myeloid",TRUE
0.0647277469141853,0.635793264748902,0.018,0.008,1,"MOCOS","GSE214411","Myeloid",TRUE
0.0647827286591774,2.26276147805638,0.008,0.002,1,"RP11-707M3.3","GSE214411","Myeloid",TRUE
0.0647827286591774,1.39703277838926,0.008,0.002,1,"GPR4","GSE214411","Myeloid",TRUE
0.0648277308303588,-1.73523040919721,0.004,0.012,1,"TNNT1","GSE214411","Myeloid",TRUE
0.0648682849919765,1.29091429673535,0.008,0.002,1,"ULBP1","GSE214411","Myeloid",TRUE
0.0648682849919765,0.997493078370829,0.008,0.002,1,"PANX2","GSE214411","Myeloid",TRUE
0.0648692264870843,-0.464384167707317,0.135,0.157,1,"RPF2","GSE214411","Myeloid",TRUE
0.0648711639299809,-1.2112433433036,0.029,0.043,1,"MUL1","GSE214411","Myeloid",TRUE
0.0648711639299809,-1.25925612857113,0.029,0.043,1,"GTPBP10","GSE214411","Myeloid",TRUE
0.0648948959953391,0.328267901920623,0.119,0.145,1,"ARFIP1","GSE214411","Myeloid",TRUE
0.0650157078241914,-0.445365684411078,0.079,0.101,1,"MRPS2","GSE214411","Myeloid",TRUE
0.0650295073956404,-1.85117482929963,0.008,0.017,1,"GPR85","GSE214411","Myeloid",TRUE
0.0650883032234488,-0.57584091138285,0.07,0.09,1,"ANKRD39","GSE214411","Myeloid",TRUE
0.0651399938892333,-3.35179923033241,0.001,0.005,1,"FAM183A","GSE214411","Myeloid",TRUE
0.0651399938892333,-2.60629537924356,0.001,0.005,1,"TCTEX1D4","GSE214411","Myeloid",TRUE
0.0651399938892333,-3.23486159546007,0.001,0.005,1,"AC010883.5","GSE214411","Myeloid",TRUE
0.0651399938892333,-3.72489316655266,0.001,0.005,1,"PNOC","GSE214411","Myeloid",TRUE
0.0651399938892333,-2.16178728254814,0.001,0.005,1,"GRIN3A","GSE214411","Myeloid",TRUE
0.0651399938892333,-4.39725169406912,0.001,0.005,1,"CCDC184","GSE214411","Myeloid",TRUE
0.0651399938892333,-2.94250353358371,0.001,0.005,1,"MYCBP2-AS1","GSE214411","Myeloid",TRUE
0.0651399938892333,-4.4624010924731,0.001,0.005,1,"NRXN3","GSE214411","Myeloid",TRUE
0.0651399938892333,-3.15584349541625,0.001,0.005,1,"TYRO3","GSE214411","Myeloid",TRUE
0.0651399938892333,-2.24898313440374,0.001,0.005,1,"NAGS","GSE214411","Myeloid",TRUE
0.0651836744862353,-1.09460361740122,0.004,0.012,1,"RP11-110G21.1","GSE214411","Myeloid",TRUE
0.0652130679951595,-0.516852986187156,0.102,0.125,1,"POLDIP2","GSE214411","Myeloid",TRUE
0.0652550562922935,-1.5191228252797,0.004,0.012,1,"CABP4","GSE214411","Myeloid",TRUE
0.065255628365877,-0.593418662040506,0.024,0.038,1,"RECQL5","GSE214411","Myeloid",TRUE
0.0652562451335347,-2.50903977486965,0.001,0.005,1,"FBXL2","GSE214411","Myeloid",TRUE
0.0652562451335347,-2.62579722918257,0.001,0.005,1,"SPOCK1","GSE214411","Myeloid",TRUE
0.0652562451335347,-2.74830162463466,0.001,0.005,1,"RP11-250B2.3","GSE214411","Myeloid",TRUE
0.0652562451335347,-2.78193143502335,0.001,0.005,1,"RP11-477D19.2","GSE214411","Myeloid",TRUE
0.0652562451335347,-2.16352149754656,0.001,0.005,1,"HOXA7","GSE214411","Myeloid",TRUE
0.0652562451335347,-2.14636697316801,0.001,0.005,1,"MUM1L1","GSE214411","Myeloid",TRUE
0.0652562451335347,-2.44180029692545,0.001,0.005,1,"SMC5-AS1","GSE214411","Myeloid",TRUE
0.0652562451335347,-3.41416085962571,0.001,0.005,1,"SLC16A9","GSE214411","Myeloid",TRUE
0.0652562451335347,-2.1942438035929,0.001,0.005,1,"AKAP5","GSE214411","Myeloid",TRUE
0.0652562451335347,-3.81872771244975,0.001,0.005,1,"IGHG2","GSE214411","Myeloid",TRUE
0.0652562451335347,-3.3522613553648,0.001,0.005,1,"CTD-2349P21.9","GSE214411","Myeloid",TRUE
0.0652562451335347,-3.08128945183921,0.001,0.005,1,"CNTD1","GSE214411","Myeloid",TRUE
0.0652562451335347,-3.85825815775104,0.001,0.005,1,"KLK4","GSE214411","Myeloid",TRUE
0.0652656793117123,0.00251983376596576,0.142,0.168,1,"GLOD4","GSE214411","Myeloid",TRUE
0.0652674036846424,0.784066577254469,0.018,0.008,1,"SYNGAP1","GSE214411","Myeloid",TRUE
0.0653442310948857,-0.560170566866726,0.022,0.035,1,"FAM89A","GSE214411","Myeloid",TRUE
0.0653631745009805,3.4179637538218,0.004,0,1,"CELA2A","GSE214411","Myeloid",TRUE
0.0653631745009805,1.70997104645513,0.004,0,1,"RP1-125I3.2","GSE214411","Myeloid",TRUE
0.0653631745009805,4.29576658283098,0.004,0,1,"TAL1","GSE214411","Myeloid",TRUE
0.0653631745009805,1.87799660221062,0.004,0,1,"RP5-1024G6.7","GSE214411","Myeloid",TRUE
0.0653631745009805,4.116659545793,0.004,0,1,"SLC16A4","GSE214411","Myeloid",TRUE
0.0653631745009805,3.43004126799502,0.004,0,1,"VANGL2","GSE214411","Myeloid",TRUE
0.0653631745009805,1.96041165711834,0.004,0,1,"AC020571.3","GSE214411","Myeloid",TRUE
0.0653631745009805,1.83268663662303,0.004,0,1,"RP11-757F18.5","GSE214411","Myeloid",TRUE
0.0653631745009805,3.53252948177442,0.004,0,1,"SERPINI2","GSE214411","Myeloid",TRUE
0.0653631745009805,4.22837346980297,0.004,0,1,"RP11-362K14.6","GSE214411","Myeloid",TRUE
0.0653631745009805,1.57417701061964,0.004,0,1,"LINC01170","GSE214411","Myeloid",TRUE
0.0653631745009805,2.63610667576552,0.004,0,1,"FABP6","GSE214411","Myeloid",TRUE
0.0653631745009805,2.69300295567366,0.004,0,1,"PRR7-AS1","GSE214411","Myeloid",TRUE
0.0653631745009805,1.88510322737613,0.004,0,1,"GSTA1","GSE214411","Myeloid",TRUE
0.0653631745009805,5.2499491356457,0.004,0,1,"AC003991.3","GSE214411","Myeloid",TRUE
0.0653631745009805,2.99351915161169,0.004,0,1,"PHKA1","GSE214411","Myeloid",TRUE
0.0653631745009805,5.47378029736796,0.004,0,1,"AFF2","GSE214411","Myeloid",TRUE
0.0653631745009805,4.16135858878052,0.004,0,1,"NEFL","GSE214411","Myeloid",TRUE
0.0653631745009805,3.56812258141564,0.004,0,1,"FAM95C","GSE214411","Myeloid",TRUE
0.0653631745009805,1.4198167136838,0.004,0,1,"RP11-440G5.2","GSE214411","Myeloid",TRUE
0.0653631745009805,1.8860617909697,0.004,0,1,"ORM2","GSE214411","Myeloid",TRUE
0.0653631745009805,3.75273520884395,0.004,0,1,"CFAP77","GSE214411","Myeloid",TRUE
0.0653631745009805,2.15563058844946,0.004,0,1,"LINC00167","GSE214411","Myeloid",TRUE
0.0653631745009805,1.75736048694892,0.004,0,1,"RP11-152N13.16","GSE214411","Myeloid",TRUE
0.0653631745009805,2.06637610921925,0.004,0,1,"U47924.29","GSE214411","Myeloid",TRUE
0.0653631745009805,4.79664985039413,0.004,0,1,"GALNT4","GSE214411","Myeloid",TRUE
0.0653631745009805,3.9010551705667,0.004,0,1,"SERPINA4","GSE214411","Myeloid",TRUE
0.0653631745009805,2.04688156425064,0.004,0,1,"LINC00304","GSE214411","Myeloid",TRUE
0.0653631745009805,3.71179637514062,0.004,0,1,"LGALS9C","GSE214411","Myeloid",TRUE
0.0653631745009805,3.79580085569099,0.004,0,1,"KIF19","GSE214411","Myeloid",TRUE
0.0653631745009805,1.91686445669749,0.004,0,1,"CTD-2561B21.11","GSE214411","Myeloid",TRUE
0.0653631745009805,2.56130179105063,0.004,0,1,"RP13-766D20.4","GSE214411","Myeloid",TRUE
0.0653631745009805,1.49333948379056,0.004,0,1,"FBXO15","GSE214411","Myeloid",TRUE
0.0653631745009805,3.60341540074661,0.004,0,1,"EMILIN3","GSE214411","Myeloid",TRUE
0.0653631745009805,2.07508976676463,0.004,0,1,"RP11-93B14.6","GSE214411","Myeloid",TRUE
0.0653631745009805,1.79916613133131,0.004,0,1,"SIGLEC6","GSE214411","Myeloid",TRUE
0.0653631745009805,3.32785265003895,0.004,0,1,"IL11","GSE214411","Myeloid",TRUE
0.0653631745009805,4.0425990855859,0.004,0,1,"RP1-78B3.1","GSE214411","Myeloid",TRUE
0.0653631745009805,1.73280628272749,0.004,0,1,"AC097495.2","GSE214411","Myeloid",TRUE
0.0653631745009805,2.20966186211541,0.004,0,1,"CCK","GSE214411","Myeloid",TRUE
0.0653631745009805,1.60699137034099,0.004,0,1,"RP11-561O23.5","GSE214411","Myeloid",TRUE
0.0653631745009805,2.07654532791332,0.004,0,1,"RP11-426C22.7","GSE214411","Myeloid",TRUE
0.0653639345524219,-0.678499679794593,0.071,0.092,1,"POLR2M","GSE214411","Myeloid",TRUE
0.0653726674221401,-2.17729325374062,0.001,0.005,1,"PIK3CD-AS1","GSE214411","Myeloid",TRUE
0.0653726674221401,-3.83636004822874,0.001,0.005,1,"IQCC","GSE214411","Myeloid",TRUE
0.0653726674221401,-3.68910087188939,0.001,0.005,1,"RP11-410E4.1","GSE214411","Myeloid",TRUE
0.0653726674221401,-2.12073677203531,0.001,0.005,1,"CFB","GSE214411","Myeloid",TRUE
0.0653726674221401,-2.03526571928014,0.001,0.005,1,"RP11-169D4.2","GSE214411","Myeloid",TRUE
0.0653726674221401,-3.67729114730333,0.001,0.005,1,"MAPT","GSE214411","Myeloid",TRUE
0.0653886800062156,0.858916969699793,0.146,0.119,1,"TP53INP2","GSE214411","Myeloid",TRUE
0.0654421022005252,0.409065044337886,0.049,0.033,1,"CDK14","GSE214411","Myeloid",TRUE
0.0654475586843195,1.12167554608402,0.01,0.003,1,"FAM87B","GSE214411","Myeloid",TRUE
0.0654695885991201,-1.32015606444171,0.004,0.012,1,"ZNF782","GSE214411","Myeloid",TRUE
0.0654892609325523,-3.16466014283679,0.001,0.005,1,"TP73","GSE214411","Myeloid",TRUE
0.0654892609325523,-2.31386369533627,0.001,0.005,1,"STON1","GSE214411","Myeloid",TRUE
0.0654892609325523,-3.45621825736266,0.001,0.005,1,"ERMN","GSE214411","Myeloid",TRUE
0.0654892609325523,-3.38616190495632,0.001,0.005,1,"RBMS3","GSE214411","Myeloid",TRUE
0.0654892609325523,-1.75971285423852,0.001,0.005,1,"NPHP3-ACAD11","GSE214411","Myeloid",TRUE
0.0654892609325523,-3.26976696891458,0.001,0.005,1,"TIMD4","GSE214411","Myeloid",TRUE
0.0654892609325523,-1.36960701133044,0.001,0.005,1,"HIST1H2BO","GSE214411","Myeloid",TRUE
0.0654892609325523,-2.05754112899442,0.001,0.005,1,"TMPRSS4","GSE214411","Myeloid",TRUE
0.0654892609325523,-1.99178498933789,0.001,0.005,1,"RP11-324E6.10","GSE214411","Myeloid",TRUE
0.0654892609325523,-2.77352764059196,0.001,0.005,1,"KCNRG","GSE214411","Myeloid",TRUE
0.0655240887407172,1.7779480566116,0.01,0.003,1,"CD5","GSE214411","Myeloid",TRUE
0.0655279556930999,0.177397689913457,0.37,0.387,1,"NDUFA3","GSE214411","Myeloid",TRUE
0.0655439559231331,-0.572425184565338,0.05,0.069,1,"SETDB1","GSE214411","Myeloid",TRUE
0.0655450258797688,-2.26351490433628,0.008,0.017,1,"ARHGAP6","GSE214411","Myeloid",TRUE
0.0655450258797688,-1.57216395611807,0.008,0.017,1,"FAM109B","GSE214411","Myeloid",TRUE
0.0655556966021881,-1.84481460994652,0.013,0.024,1,"AC022182.3","GSE214411","Myeloid",TRUE
0.0655668739336105,0.0856368633993789,0.163,0.189,1,"SPSB3","GSE214411","Myeloid",TRUE
0.0656023300517863,0.776327200700285,0.013,0.023,1,"DHRS11","GSE214411","Myeloid",TRUE
0.0656060258423171,-1.73320379560776,0.001,0.005,1,"LRRC39","GSE214411","Myeloid",TRUE
0.0656060258423171,-3.44821902171769,0.001,0.005,1,"STAC","GSE214411","Myeloid",TRUE
0.0656060258423171,-1.58831191582787,0.001,0.005,1,"RCOR2","GSE214411","Myeloid",TRUE
0.0656060258423171,-1.25482502153787,0.001,0.005,1,"DNAH3","GSE214411","Myeloid",TRUE
0.0656060258423171,-1.29572221758524,0.001,0.005,1,"RP11-405M12.3","GSE214411","Myeloid",TRUE
0.0656060258423171,-2.47609950238118,0.001,0.005,1,"PRR34","GSE214411","Myeloid",TRUE
0.0656129329548758,-2.1716427661787,0.004,0.012,1,"SLAMF1","GSE214411","Myeloid",TRUE
0.0656367329516469,-0.607616271583387,0.098,0.122,1,"TRMT10C","GSE214411","Myeloid",TRUE
0.0656847021013455,-1.32850844606247,0.004,0.012,1,"CCDC150","GSE214411","Myeloid",TRUE
0.0656847021013455,-0.968621022220348,0.004,0.012,1,"SLC7A2","GSE214411","Myeloid",TRUE
0.0656847021013455,-0.483981833749601,0.004,0.012,1,"KLK1","GSE214411","Myeloid",TRUE
0.0656866627734101,0.437021386695355,0.064,0.085,1,"OSGIN2","GSE214411","Myeloid",TRUE
0.0657193786731922,-0.413970348749352,0.23,0.251,1,"MRPL21","GSE214411","Myeloid",TRUE
0.065722962329023,-0.020253584658434,0.001,0.005,1,"LDLRAD2","GSE214411","Myeloid",TRUE
0.065722962329023,0.725574955703447,0.001,0.005,1,"RP11-495P10.1","GSE214411","Myeloid",TRUE
0.065722962329023,-0.794230130430154,0.001,0.005,1,"DCAF4L1","GSE214411","Myeloid",TRUE
0.065722962329023,-1.20973604388695,0.001,0.005,1,"RP1-261G23.7","GSE214411","Myeloid",TRUE
0.065722962329023,1.49465822288646,0.001,0.005,1,"U47924.27","GSE214411","Myeloid",TRUE
0.065722962329023,-0.959568858907139,0.001,0.005,1,"SAMD15","GSE214411","Myeloid",TRUE
0.065722962329023,0.892101003812069,0.001,0.005,1,"RP11-159D12.5","GSE214411","Myeloid",TRUE
0.0657276785836935,0.345585378943794,0.343,0.379,1,"ACAP2","GSE214411","Myeloid",TRUE
0.065844489518184,-0.277968878333706,0.226,0.25,1,"SEC63","GSE214411","Myeloid",TRUE
0.0658578817271123,-1.08498571929091,0.079,0.1,1,"ZNF141","GSE214411","Myeloid",TRUE
0.0658714430427624,0.11924051459396,0.161,0.19,1,"PRKX","GSE214411","Myeloid",TRUE
0.065900397908207,-0.26284676714869,0.004,0.012,1,"NUAK1","GSE214411","Myeloid",TRUE
0.065945153060636,-1.93530556516098,0.025,0.039,1,"HINFP","GSE214411","Myeloid",TRUE
0.065948639488762,-0.0789962133670525,0.036,0.052,1,"MCM9","GSE214411","Myeloid",TRUE
0.0659813321896726,-0.530483953071042,0.025,0.039,1,"TIMELESS","GSE214411","Myeloid",TRUE
0.0660835111913622,-0.233503792912137,0.063,0.083,1,"WASL","GSE214411","Myeloid",TRUE
0.0661389889922143,0.971837870108577,0.01,0.003,1,"RP11-809N8.4","GSE214411","Myeloid",TRUE
0.0661787882910796,0.253518376550836,0.145,0.172,1,"TOPORS","GSE214411","Myeloid",TRUE
0.0661958939191591,0.734909543440134,0.127,0.099,1,"ZDHHC18","GSE214411","Myeloid",TRUE
0.0661996906063337,-0.500159912709931,0.168,0.194,1,"PHF14","GSE214411","Myeloid",TRUE
0.0662186951550508,-0.311858696662151,0.106,0.128,1,"SGPP1","GSE214411","Myeloid",TRUE
0.0662611879442283,0.783397749732568,0.004,0.012,1,"RP11-733O18.1","GSE214411","Myeloid",TRUE
0.0662620034868654,-0.259290858558391,0.049,0.067,1,"MPP5","GSE214411","Myeloid",TRUE
0.0662780153045699,0.323254477554751,0.128,0.102,1,"MTF1","GSE214411","Myeloid",TRUE
0.0662850435772432,2.10427907528623,0.033,0.02,1,"RAB3IP","GSE214411","Myeloid",TRUE
0.0662923669155959,0.527502921617351,0.16,0.129,1,"GOLT1B","GSE214411","Myeloid",TRUE
0.0662934547272729,0.110167313462304,0.01,0.003,1,"MEX3A","GSE214411","Myeloid",TRUE
0.0664033347946799,-0.50618775381324,0.035,0.051,1,"MYL5","GSE214411","Myeloid",TRUE
0.066408799082517,0.0250381601315177,0.072,0.093,1,"RNF146","GSE214411","Myeloid",TRUE
0.0664513000472188,0.0884495626981581,0.106,0.081,1,"AKT1S1","GSE214411","Myeloid",TRUE
0.0664682775222478,0.461066360053011,0.066,0.088,1,"HERC5","GSE214411","Myeloid",TRUE
0.0664784419900744,-0.854209142778939,0.004,0.012,1,"RP11-381K20.2","GSE214411","Myeloid",TRUE
0.0665067358249541,0.811092705185389,0.063,0.044,1,"AEN","GSE214411","Myeloid",TRUE
0.0665200009815872,-0.0965691221466627,0.159,0.188,1,"RBM33","GSE214411","Myeloid",TRUE
0.0665350066132322,0.0896255232405582,0.353,0.375,1,"SH3KBP1","GSE214411","Myeloid",TRUE
0.0665392097098331,0.57577291452581,0.022,0.035,1,"KIF21B","GSE214411","Myeloid",TRUE
0.0665813410958747,0.537774948151216,0.341,0.3,1,"CYLD","GSE214411","Myeloid",TRUE
0.0666353938392252,-0.305618697119304,0.254,0.281,1,"CISD2","GSE214411","Myeloid",TRUE
0.066686028752033,-1.19305814447892,0.013,0.024,1,"KHK","GSE214411","Myeloid",TRUE
0.0667397532560689,-0.491757776570886,0.185,0.211,1,"MAP4","GSE214411","Myeloid",TRUE
0.0668388746839676,-0.0887697972670782,0.311,0.344,1,"CSF2RA","GSE214411","Myeloid",TRUE
0.0668487277317502,1.085526347453,0.064,0.046,1,"SFXN1","GSE214411","Myeloid",TRUE
0.0668811192563007,0.177796887152254,0.385,0.407,1,"DOCK8","GSE214411","Myeloid",TRUE
0.0669947238098958,0.372912981249795,0.008,0.017,1,"SCIN","GSE214411","Myeloid",TRUE
0.0669973247317908,0.183611633302454,0.068,0.049,1,"CAPN15","GSE214411","Myeloid",TRUE
0.0670125556508506,-0.667073729241777,0.028,0.042,1,"LMF1","GSE214411","Myeloid",TRUE
0.0670262875384296,-0.465695929898922,0.044,0.061,1,"GAS2L1","GSE214411","Myeloid",TRUE
0.0670322366886565,-0.44963583393664,0.056,0.075,1,"NR2F2","GSE214411","Myeloid",TRUE
0.0670828505274974,-0.981937360560584,0.027,0.041,1,"FAM189B","GSE214411","Myeloid",TRUE
0.0671403004518652,-0.136206252047574,0.27,0.289,1,"DYNC1I2","GSE214411","Myeloid",TRUE
0.0671860148712257,-0.863050476814048,0.049,0.068,1,"POLRMT","GSE214411","Myeloid",TRUE
0.0672039258061679,0.985719455301351,0.013,0.023,1,"IKZF2","GSE214411","Myeloid",TRUE
0.0672567902537125,1.55057503510191,0.028,0.016,1,"DYRK3","GSE214411","Myeloid",TRUE
0.0674053367171376,-0.992344077318289,0.008,0.017,1,"PASK","GSE214411","Myeloid",TRUE
0.0674447515765908,-0.46736716587628,0.114,0.139,1,"ANKRD9","GSE214411","Myeloid",TRUE
0.0674720992048059,0.085403425324013,0.187,0.213,1,"SMIM14","GSE214411","Myeloid",TRUE
0.0675510851279364,-0.452996423999523,0.151,0.175,1,"SMIM12","GSE214411","Myeloid",TRUE
0.0675737546810609,-1.02520951640114,0.034,0.05,1,"EFCAB11","GSE214411","Myeloid",TRUE
0.0677828575886858,-0.796176815429836,0.026,0.04,1,"PTBP2","GSE214411","Myeloid",TRUE
0.0678139471019839,-0.0131267815944027,0.137,0.165,1,"WBP5","GSE214411","Myeloid",TRUE
0.0678243645304801,-0.575017865621678,0.028,0.042,1,"AC159540.1","GSE214411","Myeloid",TRUE
0.0678667854570375,-0.510530494887813,0.025,0.039,1,"MIR4458HG","GSE214411","Myeloid",TRUE
0.0679345455673159,-0.320575431135659,0.04,0.056,1,"PCCA","GSE214411","Myeloid",TRUE
0.0680318712655696,-0.387505012941506,0.035,0.051,1,"SVIL-AS1","GSE214411","Myeloid",TRUE
0.068063793198223,0.374530407927021,0.08,0.102,1,"RSBN1","GSE214411","Myeloid",TRUE
0.0681019129396565,0.510263966069844,0.093,0.07,1,"RP11-841O20.2","GSE214411","Myeloid",TRUE
0.0681123229306444,-0.295260060714646,0.14,0.165,1,"ARL2BP","GSE214411","Myeloid",TRUE
0.0681211220634907,0.0109655325914672,0.342,0.376,1,"PNN","GSE214411","Myeloid",TRUE
0.0681286089250194,-1.1047668600539,0.032,0.048,1,"NDUFAF5","GSE214411","Myeloid",TRUE
0.0681312540801579,-0.444352388596003,0.063,0.083,1,"NME2","GSE214411","Myeloid",TRUE
0.0681708876600641,-0.198823884346815,0.236,0.262,1,"PSMD14","GSE214411","Myeloid",TRUE
0.0681723507900017,0.316005697644329,0.553,0.575,1,"PTP4A2","GSE214411","Myeloid",TRUE
0.0684295820024934,-0.0882368639834459,0.028,0.042,1,"GPSM2","GSE214411","Myeloid",TRUE
0.0684334021083112,0.105598256434498,0.049,0.068,1,"ZNF506","GSE214411","Myeloid",TRUE
0.0684653208409058,-0.335862517069375,0.028,0.042,1,"HIST1H1E","GSE214411","Myeloid",TRUE
0.0685360738618693,-0.640821742872716,0.034,0.05,1,"SZT2","GSE214411","Myeloid",TRUE
0.0685520898508268,-0.416284842599534,0.026,0.04,1,"COL7A1","GSE214411","Myeloid",TRUE
0.0685524817463212,0.123627980349246,0.034,0.05,1,"RUFY2","GSE214411","Myeloid",TRUE
0.0685601033299862,-0.00471669417508777,0.409,0.427,1,"DYNLRB1","GSE214411","Myeloid",TRUE
0.0685752944705104,0.280007162919476,0.181,0.208,1,"RERE","GSE214411","Myeloid",TRUE
0.0686521293816503,-1.51347537488933,0.039,0.055,1,"DDX20","GSE214411","Myeloid",TRUE
0.0686649668856829,-0.163400673887178,0.014,0.025,1,"SIRT3","GSE214411","Myeloid",TRUE
0.0686917521267283,-1.13499242079706,0.059,0.078,1,"C4orf32","GSE214411","Myeloid",TRUE
0.0687048451974973,-0.465201456255396,0.028,0.016,1,"PPARG","GSE214411","Myeloid",TRUE
0.068708761771587,0.79237320587759,0.179,0.144,1,"ORAI2","GSE214411","Myeloid",TRUE
0.0688584795068431,1.50608745728115,0.052,0.036,1,"ITGB8","GSE214411","Myeloid",TRUE
0.0688805506636896,-0.402986582214005,0.102,0.124,1,"PPP2R5A","GSE214411","Myeloid",TRUE
0.0689492551248893,-0.0538406089597743,0.279,0.308,1,"CPEB4","GSE214411","Myeloid",TRUE
0.0689724574002535,-0.408040293022962,0.035,0.051,1,"METTL12","GSE214411","Myeloid",TRUE
0.0690640011778728,-0.077755122617428,0.056,0.075,1,"TUBG1","GSE214411","Myeloid",TRUE
0.0691054440446849,0.115169162064195,0.122,0.146,1,"PLCG2","GSE214411","Myeloid",TRUE
0.0691115641966685,-0.668276067163709,0.05,0.069,1,"MRPL49","GSE214411","Myeloid",TRUE
0.0692848316757627,0.103801327823116,0.182,0.147,1,"MOB1B","GSE214411","Myeloid",TRUE
0.0692882712080956,-1.55893825695222,0.015,0.026,1,"INCENP","GSE214411","Myeloid",TRUE
0.0693050629317375,-0.511775187128674,0.025,0.039,1,"ZNF282","GSE214411","Myeloid",TRUE
0.0693094375512136,-0.460542924848684,0.044,0.061,1,"ANO10","GSE214411","Myeloid",TRUE
0.069320093283575,-0.137893221845771,0.08,0.102,1,"NAE1","GSE214411","Myeloid",TRUE
0.069350766260629,-0.162339307637789,0.18,0.204,1,"GAPT","GSE214411","Myeloid",TRUE
0.0693897835831138,0.0418934502611168,0.031,0.047,1,"VIPAS39","GSE214411","Myeloid",TRUE
0.0694125179434975,-0.476194265677954,0.102,0.126,1,"ARMC1","GSE214411","Myeloid",TRUE
0.0694727581546384,-0.811726452791467,0.04,0.057,1,"BCO2","GSE214411","Myeloid",TRUE
0.069508220008958,0.13862805571357,0.196,0.218,1,"EPS15","GSE214411","Myeloid",TRUE
0.069523811968486,0.341713576125641,0.421,0.397,1,"INSIG1","GSE214411","Myeloid",TRUE
0.069542838035097,-1.63030845963052,0.016,0.028,1,"FAN1","GSE214411","Myeloid",TRUE
0.0695984112146094,0.0307076568503701,0.527,0.56,1,"NINJ1","GSE214411","Myeloid",TRUE
0.0696261436144788,-0.152220907426878,0.026,0.04,1,"DLEU1","GSE214411","Myeloid",TRUE
0.0696365313349376,-0.0961165436103339,0.045,0.062,1,"ATP6V0E2","GSE214411","Myeloid",TRUE
0.0697205703254711,-0.23521268935987,0.029,0.043,1,"HERC6","GSE214411","Myeloid",TRUE
0.0697310437268923,-0.565368896997301,0.032,0.048,1,"PCGF1","GSE214411","Myeloid",TRUE
0.0698218624170779,1.29087467911778,0.016,0.007,1,"SLC25A34","GSE214411","Myeloid",TRUE
0.0699734314025634,-0.327121246677865,0.238,0.26,1,"NUP62","GSE214411","Myeloid",TRUE
0.0700036579157246,1.66604046207071,0.016,0.007,1,"LGALSL","GSE214411","Myeloid",TRUE
0.070024429108577,-0.592671693370029,0.042,0.059,1,"NUP85","GSE214411","Myeloid",TRUE
0.0700509456376826,0.684771638381457,0.109,0.084,1,"PRPSAP2","GSE214411","Myeloid",TRUE
0.0700898536027722,-0.81685465510999,0.031,0.046,1,"DCUN1D4","GSE214411","Myeloid",TRUE
0.0701179997860299,-0.179227229265274,0.255,0.291,1,"PIK3R1","GSE214411","Myeloid",TRUE
0.0701466243811023,0.0576925018146186,0.014,0.025,1,"GSTM2","GSE214411","Myeloid",TRUE
0.0702650219522272,0.0138399727311734,0.464,0.483,1,"CD164","GSE214411","Myeloid",TRUE
0.0702680689827105,0.0257778558059503,0.031,0.018,1,"TTC39B","GSE214411","Myeloid",TRUE
0.0702947806261218,-0.245492361104087,0.214,0.234,1,"CFDP1","GSE214411","Myeloid",TRUE
0.0702970905524092,-0.41487000569205,0.227,0.248,1,"CCDC124","GSE214411","Myeloid",TRUE
0.0703587883721685,0.740701831292597,0.028,0.016,1,"PSMD6-AS2","GSE214411","Myeloid",TRUE
0.0704415015998353,-0.60518126213878,0.024,0.038,1,"CLDN1","GSE214411","Myeloid",TRUE
0.070449166746381,0.472716650324177,0.355,0.312,1,"MRPL33","GSE214411","Myeloid",TRUE
0.0705111540283516,0.157994893358093,0.099,0.123,1,"FBLN1","GSE214411","Myeloid",TRUE
0.0705229513405555,0.238881985933135,0.242,0.209,1,"SLC25A19","GSE214411","Myeloid",TRUE
0.0705459099637572,-0.222321507272243,0.32,0.339,1,"TIMM8B","GSE214411","Myeloid",TRUE
0.0705550917737974,-0.105140866847992,0.407,0.429,1,"FAM96B","GSE214411","Myeloid",TRUE
0.0705762818727496,0.101419206124142,0.164,0.131,1,"CBWD1","GSE214411","Myeloid",TRUE
0.070624693137792,0.464896600133552,0.181,0.148,1,"SSFA2","GSE214411","Myeloid",TRUE
0.0706335894163178,-1.67705584516409,0.009,0.018,1,"DPP4","GSE214411","Myeloid",TRUE
0.0708605496283634,-0.2980145642294,0.386,0.412,1,"HBEGF","GSE214411","Myeloid",TRUE
0.0708792406006627,-0.154635716421707,0.217,0.238,1,"AIG1","GSE214411","Myeloid",TRUE
0.070904951083645,-0.357722152533981,0.03,0.044,1,"LIPE-AS1","GSE214411","Myeloid",TRUE
0.0709413076883318,0.136798261076184,0.169,0.196,1,"CTDSP2","GSE214411","Myeloid",TRUE
0.0710147716421771,-0.0565055981917677,0.873,0.948,1,"RPS18","GSE214411","Myeloid",TRUE
0.0710528384399791,-0.805156780069839,0.047,0.065,1,"ZC3H8","GSE214411","Myeloid",TRUE
0.0711036147960401,-0.346353282018599,0.217,0.24,1,"DPYD","GSE214411","Myeloid",TRUE
0.0711246832876472,-0.313248172482397,0.057,0.039,1,"ARMC5","GSE214411","Myeloid",TRUE
0.071223927257142,-2.73721943810042,0.009,0.018,1,"XRCC3","GSE214411","Myeloid",TRUE
0.0713845898374262,-0.41637718544229,0.075,0.096,1,"MAP3K7","GSE214411","Myeloid",TRUE
0.0713943095542005,0.406904832366014,0.184,0.153,1,"CHCHD3","GSE214411","Myeloid",TRUE
0.0713985270653142,-0.390642846360035,0.118,0.14,1,"MRPL24","GSE214411","Myeloid",TRUE
0.0715453507445296,-0.341883492989015,0.285,0.306,1,"SDHC","GSE214411","Myeloid",TRUE
0.0716670949366831,-0.323374702656548,0.089,0.11,1,"NPM3","GSE214411","Myeloid",TRUE
0.0716991041637641,-1.25831796875957,0.009,0.018,1,"NPIPB11","GSE214411","Myeloid",TRUE
0.0717341645599384,-0.151007508120875,0.141,0.166,1,"MRPL9","GSE214411","Myeloid",TRUE
0.0717466567717039,-0.758950599187416,0.015,0.026,1,"B4GAT1","GSE214411","Myeloid",TRUE
0.0719053431636139,-0.60441942555712,0.016,0.028,1,"ZNF248","GSE214411","Myeloid",TRUE
0.072199585209498,-0.225887374971298,0.04,0.057,1,"TYSND1","GSE214411","Myeloid",TRUE
0.0722326774791981,-0.120384185110378,0.332,0.355,1,"EIF5B","GSE214411","Myeloid",TRUE
0.0722367796165524,-0.169266829369389,0.009,0.018,1,"ZNF776","GSE214411","Myeloid",TRUE
0.0723312307070371,0.0483264310688011,0.418,0.448,1,"ZYX","GSE214411","Myeloid",TRUE
0.072355703468887,0.946841561308394,0.181,0.155,1,"CD24","GSE214411","Myeloid",TRUE
0.0723586363210436,-0.526649836719126,0.113,0.136,1,"INIP","GSE214411","Myeloid",TRUE
0.0723767563582432,0.26919099836348,0.032,0.048,1,"KMT5C","GSE214411","Myeloid",TRUE
0.0723948479403171,-1.8637228191029,0.003,0.008,1,"RP11-318A15.2","GSE214411","Myeloid",TRUE
0.0724388619741596,1.42256417781688,0.031,0.018,1,"SSH3","GSE214411","Myeloid",TRUE
0.072488583438336,-2.10124012756302,0.003,0.008,1,"RP11-156E8.1","GSE214411","Myeloid",TRUE
0.072527209118656,0.539551171965042,0.226,0.192,1,"OAT","GSE214411","Myeloid",TRUE
0.0725824182722485,-1.96032455988722,0.003,0.008,1,"SPRY3","GSE214411","Myeloid",TRUE
0.0725932248104872,-0.888127346012887,0.112,0.133,1,"SNX4","GSE214411","Myeloid",TRUE
0.072626546705918,-0.476726962519109,0.094,0.115,1,"LCORL","GSE214411","Myeloid",TRUE
0.072700852890608,-0.194845778424026,0.112,0.137,1,"HERPUD2","GSE214411","Myeloid",TRUE
0.072770386238169,-2.06927448355066,0.003,0.008,1,"SPATA9","GSE214411","Myeloid",TRUE
0.072770386238169,-1.9141418506513,0.003,0.008,1,"RP11-346C20.3","GSE214411","Myeloid",TRUE
0.0727950783235962,0.167844578505974,0.113,0.139,1,"SRPK1","GSE214411","Myeloid",TRUE
0.0728286629057874,-0.130955292395002,0.061,0.081,1,"NPEPL1","GSE214411","Myeloid",TRUE
0.0728645195154037,-1.65881664491059,0.003,0.008,1,"SPAG8","GSE214411","Myeloid",TRUE
0.0728645195154037,-1.9315919250437,0.003,0.008,1,"ECM2","GSE214411","Myeloid",TRUE
0.0728645195154037,-3.27026351136722,0.003,0.008,1,"CECR2","GSE214411","Myeloid",TRUE
0.0729587524189852,-0.898373683863574,0.003,0.008,1,"IFNL1","GSE214411","Myeloid",TRUE
0.0730087194579231,0.14541718453197,0.243,0.266,1,"NIN","GSE214411","Myeloid",TRUE
0.0730530850215456,-1.61908600117608,0.003,0.008,1,"CTD-2353F22.1","GSE214411","Myeloid",TRUE
0.0730530850215456,-3.0727261793197,0.003,0.008,1,"ADGRF5","GSE214411","Myeloid",TRUE
0.0730813109537939,0.10716571254614,0.035,0.051,1,"SERINC2","GSE214411","Myeloid",TRUE
0.0731387530799239,0.575954810695093,0.014,0.025,1,"DNASE1","GSE214411","Myeloid",TRUE
0.0731475173957249,-2.3809419349524,0.003,0.008,1,"KB-1254G8.1","GSE214411","Myeloid",TRUE
0.0731475173957249,-3.23018828161728,0.003,0.008,1,"CTD-2562J15.6","GSE214411","Myeloid",TRUE
0.0731475173957249,-1.71080193757314,0.003,0.008,1,"ZNF575","GSE214411","Myeloid",TRUE
0.0732420496141702,-1.73975795480002,0.003,0.008,1,"ANKRD23","GSE214411","Myeloid",TRUE
0.0733366817495359,-1.62014129407259,0.003,0.008,1,"RP11-46C24.7","GSE214411","Myeloid",TRUE
0.0734167131458235,-0.0971316146639256,0.747,0.885,1,"RPL35","GSE214411","Myeloid",TRUE
0.0735262460616825,-0.94120503408786,0.003,0.008,1,"LINC01554","GSE214411","Myeloid",TRUE
0.0735920836067487,-0.566891299091865,0.132,0.154,1,"DPP9","GSE214411","Myeloid",TRUE
0.0736211783838085,0.0862476922500806,0.003,0.008,1,"ZNF507","GSE214411","Myeloid",TRUE
0.0736859680289909,-0.103846723247787,0.015,0.026,1,"DDX11","GSE214411","Myeloid",TRUE
0.0736867386382554,-0.0241494736010637,0.009,0.018,1,"POLH","GSE214411","Myeloid",TRUE
0.0737033892217491,0.0334299378516061,0.166,0.132,1,"BTAF1","GSE214411","Myeloid",TRUE
0.0737595163041319,-1.21541914112934,0.015,0.026,1,"CTB-119C2.1","GSE214411","Myeloid",TRUE
0.0737604128007018,1.76016182431536,0.037,0.023,1,"GATA2","GSE214411","Myeloid",TRUE
0.0737607285164874,-0.393717346533764,0.121,0.144,1,"BRD9","GSE214411","Myeloid",TRUE
0.0737892714243585,-0.195229288562422,0.04,0.056,1,"NR2F6","GSE214411","Myeloid",TRUE
0.0738086352195369,-0.595561568983794,0.009,0.018,1,"GPR171","GSE214411","Myeloid",TRUE
0.073811343723581,-1.10999069156318,0.003,0.008,1,"CTD-3116E22.8","GSE214411","Myeloid",TRUE
0.0739512298220148,0.717458715340281,0.073,0.053,1,"NSMF","GSE214411","Myeloid",TRUE
0.0739671624066058,-0.029876572795533,0.05,0.069,1,"PCTP","GSE214411","Myeloid",TRUE
0.0740744488390493,-0.0257316295403169,0.419,0.451,1,"RBM25","GSE214411","Myeloid",TRUE
0.0740973445624956,-0.442248857461008,0.003,0.008,1,"IGF2BP3","GSE214411","Myeloid",TRUE
0.0740973445624956,-0.392987081861983,0.003,0.008,1,"KDM8","GSE214411","Myeloid",TRUE
0.0741643974572659,-0.477157753241542,0.017,0.029,1,"ZFYVE1","GSE214411","Myeloid",TRUE
0.0741913911635981,0.413312169757684,0.034,0.021,1,"AATK","GSE214411","Myeloid",TRUE
0.0741928792207709,-0.694429540447866,0.003,0.008,1,"AP000254.8","GSE214411","Myeloid",TRUE
0.0743592116401232,-0.481203720861812,0.009,0.018,1,"LINC00680","GSE214411","Myeloid",TRUE
0.0743633123302864,-0.116014043690136,0.07,0.09,1,"FAM172A","GSE214411","Myeloid",TRUE
0.0743835148568103,0.168651867441455,0.128,0.153,1,"MAP3K5","GSE214411","Myeloid",TRUE
0.0744696136538632,-2.75870306648749,0.005,0.013,1,"C11orf88","GSE214411","Myeloid",TRUE
0.0745158560461261,0.885327144470933,0.221,0.189,1,"GOLGA7","GSE214411","Myeloid",TRUE
0.0745447223987772,-1.4090961878343,0.005,0.013,1,"CTD-2026K11.4","GSE214411","Myeloid",TRUE
0.074619893022285,-0.790341294915076,0.005,0.013,1,"TMEM143","GSE214411","Myeloid",TRUE
0.0746715943961898,0.0295365260100615,0.016,0.028,1,"RAB11B-AS1","GSE214411","Myeloid",TRUE
0.0746736873218433,-0.19810391300579,0.201,0.229,1,"SAR1B","GSE214411","Myeloid",TRUE
0.0746867859616282,-0.415737017718195,0.157,0.181,1,"ATL3","GSE214411","Myeloid",TRUE
0.0749044223124285,-0.00286970551456944,0.053,0.071,1,"EXOC2","GSE214411","Myeloid",TRUE
0.0749966755415247,-2.41827008436598,0.005,0.013,1,"LINC01146","GSE214411","Myeloid",TRUE
0.0750024116086576,0.168661764843037,0.041,0.058,1,"SLC12A4","GSE214411","Myeloid",TRUE
0.0750395851345351,-0.209855276173184,0.093,0.07,1,"RASA3","GSE214411","Myeloid",TRUE
0.0750636085592213,-0.284411407916593,0.254,0.28,1,"TRIM28","GSE214411","Myeloid",TRUE
0.0750722181703038,-1.28325872166834,0.005,0.013,1,"SMG8","GSE214411","Myeloid",TRUE
0.075080249632425,-0.644683253211004,0.206,0.226,1,"SARS","GSE214411","Myeloid",TRUE
0.0751068543503662,0.179712435275402,0.181,0.21,1,"APP","GSE214411","Myeloid",TRUE
0.0752412341029493,-1.21646084371498,0.044,0.06,1,"ZBTB46","GSE214411","Myeloid",TRUE
0.075254726472433,-0.216225724956655,0.25,0.276,1,"CELF1","GSE214411","Myeloid",TRUE
0.0753011441793848,0.457556007781142,0.042,0.028,1,"BZRAP1-AS1","GSE214411","Myeloid",TRUE
0.07532311256124,-0.272414294968968,0.068,0.088,1,"RNPC3","GSE214411","Myeloid",TRUE
0.0753455344087642,0.0721675236552981,0.911,0.971,1,"EEF1A1","GSE214411","Myeloid",TRUE
0.0753803332838636,0.388619849740091,0.042,0.059,1,"CLCC1","GSE214411","Myeloid",TRUE
0.0754728916671155,0.227949899927757,0.029,0.043,1,"TMEM187","GSE214411","Myeloid",TRUE
0.0755027822647353,-0.485389403316741,0.061,0.081,1,"HEATR5B","GSE214411","Myeloid",TRUE
0.0756027579783198,-0.747718317720357,0.005,0.013,1,"FITM2","GSE214411","Myeloid",TRUE
0.0756611321570272,-0.561484483507971,0.017,0.029,1,"ZNF354B","GSE214411","Myeloid",TRUE
0.0756787985713172,-1.30932746892083,0.005,0.013,1,"KIF20A","GSE214411","Myeloid",TRUE
0.0758310670008316,-0.698843488816636,0.005,0.013,1,"PLA2G6","GSE214411","Myeloid",TRUE
0.0758506281987728,0.545255692354241,0.026,0.015,1,"CDH17","GSE214411","Myeloid",TRUE
0.0758893368328457,0.0800054883065533,0.068,0.089,1,"BET1","GSE214411","Myeloid",TRUE
0.0759072949072862,-1.26734873708823,0.005,0.013,1,"C8orf44","GSE214411","Myeloid",TRUE
0.0759114170178921,-1.40658563427702,0.022,0.034,1,"ZNF814","GSE214411","Myeloid",TRUE
0.0759581161114723,-0.346211496813413,0.184,0.207,1,"LTBR","GSE214411","Myeloid",TRUE
0.0759689456150997,-0.417959329729037,0.015,0.026,1,"LAG3","GSE214411","Myeloid",TRUE
0.075971428430279,-0.507617966770851,0.156,0.179,1,"N4BP2","GSE214411","Myeloid",TRUE
0.0760017404712754,-0.000373919112038879,0.555,0.591,1,"SSR2","GSE214411","Myeloid",TRUE
0.0760255025364127,-1.93689511619207,0.01,0.019,1,"RP11-102N12.3","GSE214411","Myeloid",TRUE
0.0760438523148799,-0.334284512785751,0.049,0.066,1,"ITFG2","GSE214411","Myeloid",TRUE
0.0760599382784495,-1.17796192063341,0.005,0.013,1,"SNAI3-AS1","GSE214411","Myeloid",TRUE
0.0761731551156814,-0.684055879142541,0.052,0.07,1,"NUP160","GSE214411","Myeloid",TRUE
0.0762176306724968,-0.338766913427148,0.123,0.146,1,"ZMPSTE24","GSE214411","Myeloid",TRUE
0.0763245627555406,0.565199919186335,0.032,0.048,1,"SMIM8","GSE214411","Myeloid",TRUE
0.0763275804025257,-1.43889347381956,0.01,0.019,1,"KIF18B","GSE214411","Myeloid",TRUE
0.0764600273729519,-0.463366498899409,0.06,0.079,1,"OBFC1","GSE214411","Myeloid",TRUE
0.0765531521012618,-0.337494907125603,0.239,0.256,1,"NOP56","GSE214411","Myeloid",TRUE
0.0765632689386602,-0.023830124543621,0.118,0.142,1,"VTA1","GSE214411","Myeloid",TRUE
0.0765748560545493,-0.193871443518735,0.229,0.251,1,"COMMD3","GSE214411","Myeloid",TRUE
0.0766841181282468,0.336436803881483,0.428,0.392,1,"HCK","GSE214411","Myeloid",TRUE
0.076684593280275,-0.0903466228245007,0.155,0.124,1,"NSF","GSE214411","Myeloid",TRUE
0.0767438347143382,-0.0926149660866047,0.037,0.053,1,"COL5A1","GSE214411","Myeloid",TRUE
0.0768129404773707,-0.977273848913131,0.01,0.019,1,"MFAP2","GSE214411","Myeloid",TRUE
0.076832169502686,0.266103475632696,0.165,0.192,1,"NFATC3","GSE214411","Myeloid",TRUE
0.0770582340241805,0.774257243159488,0.005,0.013,1,"CCDC180","GSE214411","Myeloid",TRUE
0.0770582340241805,-0.674378377028876,0.005,0.013,1,"ZIK1","GSE214411","Myeloid",TRUE
0.0771175660682199,-0.596535854885375,0.01,0.019,1,"LAMA5","GSE214411","Myeloid",TRUE
0.077170462494781,-1.4992892123311,0.038,0.053,1,"FAM219B","GSE214411","Myeloid",TRUE
0.0772166991758049,-0.396331886286179,0.115,0.138,1,"SORT1","GSE214411","Myeloid",TRUE
0.0773619747557863,-1.39564170067481,0.01,0.019,1,"CLHC1","GSE214411","Myeloid",TRUE
0.0773801484200546,-0.92793880261626,0.018,0.03,1,"ZBTB34","GSE214411","Myeloid",TRUE
0.0774217044114842,-0.381288018389875,0.111,0.132,1,"MRPL50","GSE214411","Myeloid",TRUE
0.0774279459349825,-1.28618227479135,0.018,0.03,1,"HOMEZ","GSE214411","Myeloid",TRUE
0.0775026019681284,-0.131089751211492,0.403,0.433,1,"SNHG8","GSE214411","Myeloid",TRUE
0.0775329396618558,0.235789064745989,0.072,0.092,1,"SYNJ1","GSE214411","Myeloid",TRUE
0.0775845919955825,-0.390013698863666,0.022,0.034,1,"LEAP2","GSE214411","Myeloid",TRUE
0.0776402268717899,-0.568015256081674,0.082,0.102,1,"GTF2H3","GSE214411","Myeloid",TRUE
0.0776779169898207,-0.137329320295382,0.276,0.296,1,"MAF1","GSE214411","Myeloid",TRUE
0.0777335097416749,0.154519349117913,0.142,0.168,1,"MOSPD2","GSE214411","Myeloid",TRUE
0.0777577443497197,2.30114824496315,0.019,0.01,1,"CBX8","GSE214411","Myeloid",TRUE
0.0777624749465837,-0.109177655792174,0.127,0.149,1,"ING3","GSE214411","Myeloid",TRUE
0.0778106359036415,-0.0841791131674094,0.35,0.368,1,"NONO","GSE214411","Myeloid",TRUE
0.0779072451908822,-0.602182388449673,0.018,0.03,1,"PIR","GSE214411","Myeloid",TRUE
0.0779837312481082,0.128355564445451,0.395,0.427,1,"ANXA11","GSE214411","Myeloid",TRUE
0.0779891864259125,0.119517093291327,0.017,0.029,1,"NLRX1","GSE214411","Myeloid",TRUE
0.0781817429102925,-0.391270669777291,0.128,0.151,1,"RAB29","GSE214411","Myeloid",TRUE
0.0781924367595183,-0.120257639451783,0.126,0.148,1,"TATDN1","GSE214411","Myeloid",TRUE
0.0782200802780809,0.653076425086796,0.029,0.017,1,"SMAD9","GSE214411","Myeloid",TRUE
0.0782276726669452,1.57686020879083,0.093,0.072,1,"KAT2B","GSE214411","Myeloid",TRUE
0.0782538682448405,0.0217152586982077,0.037,0.053,1,"TRIM37","GSE214411","Myeloid",TRUE
0.0782619814234129,-0.603384312858946,0.019,0.031,1,"PSPH","GSE214411","Myeloid",TRUE
0.0782979952444152,-0.0328207730002918,0.235,0.257,1,"SRP19","GSE214411","Myeloid",TRUE
0.0783338779312513,-0.0366895202896984,0.053,0.071,1,"RAB28","GSE214411","Myeloid",TRUE
0.0783433750584227,-0.800138437435275,0.102,0.123,1,"TSPAN31","GSE214411","Myeloid",TRUE
0.0783755231708618,0.622205404533673,0.237,0.2,1,"ATP6V1C1","GSE214411","Myeloid",TRUE
0.0784223425591473,0.23208069506471,0.081,0.103,1,"C14orf142","GSE214411","Myeloid",TRUE
0.0785372112265837,-0.0947851801027741,0.161,0.185,1,"SGPL1","GSE214411","Myeloid",TRUE
0.0785706402703666,-0.0292822448610275,0.33,0.355,1,"RAB11A","GSE214411","Myeloid",TRUE
0.0787236302335166,1.67060823745208,0.049,0.034,1,"RASD1","GSE214411","Myeloid",TRUE
0.0787463071023673,-0.355031701007548,0.267,0.288,1,"MFSD12","GSE214411","Myeloid",TRUE
0.0788585821832068,-0.411683542816811,0.058,0.077,1,"ZCCHC3","GSE214411","Myeloid",TRUE
0.0788747054772225,0.0443406851980064,0.116,0.14,1,"FBXO9","GSE214411","Myeloid",TRUE
0.0788845478423891,0.342182414471704,0.051,0.035,1,"CBWD2","GSE214411","Myeloid",TRUE
0.0789261447281147,-1.34010758590997,0.019,0.031,1,"LACE1","GSE214411","Myeloid",TRUE
0.0789663933680958,0.193503791998095,0.097,0.073,1,"ABCC1","GSE214411","Myeloid",TRUE
0.079093685033087,0.297474699723006,0.067,0.089,1,"MMP26","GSE214411","Myeloid",TRUE
0.0791074953425178,0.13190993981258,0.744,0.845,1,"CTSS","GSE214411","Myeloid",TRUE
0.0791160691544277,-0.882854383239655,0.018,0.03,1,"PDE6B","GSE214411","Myeloid",TRUE
0.0791167455690927,-0.598097432154669,0.019,0.031,1,"TAF9B","GSE214411","Myeloid",TRUE
0.0791402360755166,-1.00442967721241,0.038,0.053,1,"RP11-147L13.2","GSE214411","Myeloid",TRUE
0.0792268335518143,0.189800011375863,0.177,0.204,1,"CHTOP","GSE214411","Myeloid",TRUE
0.0792621476834643,0.747483750312026,0.018,0.03,1,"RP11-83A24.2","GSE214411","Myeloid",TRUE
0.0793172576183164,1.54867312861735,0.014,0.006,1,"FAM234B","GSE214411","Myeloid",TRUE
0.079323229298918,-0.697272626694107,0.095,0.117,1,"DMAP1","GSE214411","Myeloid",TRUE
0.0793400430010356,-0.242435892546776,0.01,0.019,1,"KCNAB1","GSE214411","Myeloid",TRUE
0.0793585156852052,0.0678473843909566,0.238,0.265,1,"COPB2","GSE214411","Myeloid",TRUE
0.0793950111769531,-0.346939883708906,0.194,0.218,1,"GPR108","GSE214411","Myeloid",TRUE
0.0795212297911174,-0.531876326987614,0.119,0.141,1,"TRAPPC12","GSE214411","Myeloid",TRUE
0.079546966372527,-1.7871642183753,0.019,0.031,1,"CKAP2L","GSE214411","Myeloid",TRUE
0.0795764128615718,0.460431327186138,0.261,0.231,1,"TTC19","GSE214411","Myeloid",TRUE
0.0796432385185896,-0.687729464307105,0.196,0.214,1,"NUBP1","GSE214411","Myeloid",TRUE
0.0796489886637439,-0.182978567270534,0.325,0.356,1,"CD99","GSE214411","Myeloid",TRUE
0.079662376146729,0.641744401394488,0.109,0.085,1,"AEBP2","GSE214411","Myeloid",TRUE
0.0797518667719325,0.519062000267673,0.048,0.032,1,"EHBP1","GSE214411","Myeloid",TRUE
0.0798490001534071,-0.112465326265236,0.089,0.11,1,"EBI3","GSE214411","Myeloid",TRUE
0.0798946570368596,-1.35758569383483,0.011,0.02,1,"TMEM132A","GSE214411","Myeloid",TRUE
0.0799420486344933,0.789819647659233,0.401,0.373,1,"TSC22D3","GSE214411","Myeloid",TRUE
0.0799574272643112,0.467143584580695,0.084,0.062,1,"MAP4K1","GSE214411","Myeloid",TRUE
0.0800195169997119,1.59454795276722,0.019,0.01,1,"PTPN13","GSE214411","Myeloid",TRUE
0.0800923409530992,-1.28505351485032,0.01,0.019,1,"E2F7","GSE214411","Myeloid",TRUE
0.0802975246560018,-0.699237485679665,0.099,0.12,1,"TMEM65","GSE214411","Myeloid",TRUE
0.0804137741562043,-0.231964629179936,0.082,0.103,1,"ZMAT3","GSE214411","Myeloid",TRUE
0.0804963707876026,-0.345105798854616,0.108,0.129,1,"DYRK4","GSE214411","Myeloid",TRUE
0.0805010462042771,-0.673805383652547,0.02,0.032,1,"PAK4","GSE214411","Myeloid",TRUE
0.0805161546392457,-1.46128040028615,0.022,0.034,1,"ZNF468","GSE214411","Myeloid",TRUE
0.0807386205792268,-0.548911787680066,0.02,0.032,1,"GNB1L","GSE214411","Myeloid",TRUE
0.0808005193954421,-0.512935554927011,0.019,0.031,1,"RP11-24F11.2","GSE214411","Myeloid",TRUE
0.080893467257628,-0.577775158941119,0.026,0.015,1,"LY6K","GSE214411","Myeloid",TRUE
0.0809332880734636,-0.781022855144894,0.011,0.02,1,"S1PR1","GSE214411","Myeloid",TRUE
0.0809826565709255,-0.225113313269351,0.018,0.03,1,"GDF7","GSE214411","Myeloid",TRUE
0.0809970427417419,0.455487231451499,0.555,0.539,1,"ARF1","GSE214411","Myeloid",TRUE
0.0810093878345392,0.423760490847259,0.392,0.349,1,"MAPRE1","GSE214411","Myeloid",TRUE
0.0810333736749639,-0.171909545266049,0.102,0.124,1,"ZZEF1","GSE214411","Myeloid",TRUE
0.0810561974261902,-1.54515035844345,0.011,0.02,1,"TP73-AS1","GSE214411","Myeloid",TRUE
0.0811479730367584,-0.502077627320402,0.086,0.107,1,"HDAC7","GSE214411","Myeloid",TRUE
0.0811577349089107,-0.400879500950409,0.073,0.093,1,"PNPLA4","GSE214411","Myeloid",TRUE
0.0812408455268275,0.775994805627339,0.011,0.02,1,"F8","GSE214411","Myeloid",TRUE
0.0812960033153541,0.298979566679868,0.119,0.145,1,"EXOSC4","GSE214411","Myeloid",TRUE
0.0814258348891759,0.482532727057383,0.011,0.02,1,"CROCC","GSE214411","Myeloid",TRUE
0.0814819734745088,-0.333636825244115,0.046,0.062,1,"ZNF236","GSE214411","Myeloid",TRUE
0.0815841932709229,-0.195357520230301,0.099,0.121,1,"NOB1","GSE214411","Myeloid",TRUE
0.0816160396951299,0.517740292031978,0.122,0.1,1,"MGST1","GSE214411","Myeloid",TRUE
0.0816440902550698,0.716448917580299,0.108,0.086,1,"MMP19","GSE214411","Myeloid",TRUE
0.0816824276936276,-0.955519388202585,0.022,0.035,1,"LRRC27","GSE214411","Myeloid",TRUE
0.0817664284551739,-0.0742510439317341,0.019,0.01,1,"TFPI","GSE214411","Myeloid",TRUE
0.0817723757251993,0.047376681444119,0.123,0.148,1,"CISD1","GSE214411","Myeloid",TRUE
0.0817789590656429,0.011939432885657,0.221,0.248,1,"MAP3K11","GSE214411","Myeloid",TRUE
0.0818452448401931,-0.572367893600647,0.148,0.169,1,"N4BP2L1","GSE214411","Myeloid",TRUE
0.0818549548999094,-0.440373074017279,0.136,0.158,1,"EHMT1","GSE214411","Myeloid",TRUE
0.081884333455293,0.225292575516164,0.153,0.178,1,"PSME4","GSE214411","Myeloid",TRUE
0.0819105237646386,-0.426852890452587,0.171,0.194,1,"PTGES2","GSE214411","Myeloid",TRUE
0.081916499789346,-1.29296707771657,0.023,0.036,1,"RP11-597D13.9","GSE214411","Myeloid",TRUE
0.0819720112615774,-1.18999318182066,0.021,0.033,1,"GTF2H2C","GSE214411","Myeloid",TRUE
0.0819794114592699,-0.0985433231410728,0.72,0.849,1,"PFDN5","GSE214411","Myeloid",TRUE
0.0821335029617981,-1.12385679811761,0.031,0.046,1,"SPATA6","GSE214411","Myeloid",TRUE
0.0821781306608987,-0.591156680314155,0.034,0.049,1,"TMEM185A","GSE214411","Myeloid",TRUE
0.0822175870186784,-0.438841641462932,0.019,0.031,1,"PTK7","GSE214411","Myeloid",TRUE
0.0822606542619406,-0.969782504341046,0.036,0.051,1,"SETD1A","GSE214411","Myeloid",TRUE
0.0822936432431564,-1.0197968989993,0.011,0.02,1,"TAF5","GSE214411","Myeloid",TRUE
0.0823242371976965,0.700104255988138,0.213,0.179,1,"SEMA4A","GSE214411","Myeloid",TRUE
0.0823437554824777,0.355476492679648,0.185,0.154,1,"CBFB","GSE214411","Myeloid",TRUE
0.0823510601135741,0.45398679755469,0.163,0.133,1,"CHRAC1","GSE214411","Myeloid",TRUE
0.0823652159907419,-1.82446622963117,0.024,0.037,1,"RBM45","GSE214411","Myeloid",TRUE
0.0823821112212675,-0.45973705581883,0.264,0.283,1,"PSMC6","GSE214411","Myeloid",TRUE
0.0824714496029752,-0.233292035105666,0.114,0.136,1,"LETMD1","GSE214411","Myeloid",TRUE
0.0826138715165675,-0.0728112852848857,0.047,0.064,1,"KLHL7","GSE214411","Myeloid",TRUE
0.0826194704330319,0.954220388614202,0.037,0.023,1,"SNTB1","GSE214411","Myeloid",TRUE
0.0826611261838565,-0.315545181437636,0.181,0.206,1,"GANAB","GSE214411","Myeloid",TRUE
0.0826613210343446,0.0285700806787046,0.269,0.298,1,"ARHGAP30","GSE214411","Myeloid",TRUE
0.0827315031639566,-0.335222099068137,0.267,0.286,1,"MAZ","GSE214411","Myeloid",TRUE
0.0829179668619778,1.05313331749191,0.093,0.071,1,"MSL2","GSE214411","Myeloid",TRUE
0.0830089147340115,-0.764451177142929,0.048,0.065,1,"CMPK2","GSE214411","Myeloid",TRUE
0.0830363984787453,-2.0295084292545,0.006,0.014,1,"CDC7","GSE214411","Myeloid",TRUE
0.0831000917275346,0.442276935532013,0.147,0.121,1,"API5","GSE214411","Myeloid",TRUE
0.0832177736592815,-0.24968864922206,0.041,0.057,1,"TMEM260","GSE214411","Myeloid",TRUE
0.083217980283632,-1.05131473212986,0.043,0.058,1,"TMEM191B","GSE214411","Myeloid",TRUE
0.0832734659575017,-1.58264050247103,0.029,0.042,1,"RP11-196G11.2","GSE214411","Myeloid",TRUE
0.0833602185656091,-1.1161137182573,0.028,0.041,1,"ALKBH6","GSE214411","Myeloid",TRUE
0.0833789899644524,0.638358972990014,0.126,0.101,1,"CMAS","GSE214411","Myeloid",TRUE
0.0835046342928644,-1.66206560761083,0.006,0.014,1,"PPM1J","GSE214411","Myeloid",TRUE
0.0836611872623256,-1.58471717239454,0.006,0.014,1,"RP11-350N15.5","GSE214411","Myeloid",TRUE
0.0836696878544377,0.162510254151153,0.174,0.143,1,"ZNF326","GSE214411","Myeloid",TRUE
0.0837575075142869,0.138682917830271,0.163,0.131,1,"GDI1","GSE214411","Myeloid",TRUE
0.0837952835485312,-0.56320088757843,0.095,0.115,1,"EXOSC5","GSE214411","Myeloid",TRUE
0.083819917540011,1.04881731699563,0.035,0.022,1,"FSTL3","GSE214411","Myeloid",TRUE
0.0838323625708207,1.05249500932513,0.061,0.043,1,"RARA-AS1","GSE214411","Myeloid",TRUE
0.0838631024172111,3.94431027298991,0.013,0.005,1,"NLGN2","GSE214411","Myeloid",TRUE
0.0838811245529544,0.0478575148639542,0.021,0.033,1,"PLAT","GSE214411","Myeloid",TRUE
0.0839151216707508,-0.569172623757269,0.022,0.034,1,"KB-1507C5.4","GSE214411","Myeloid",TRUE
0.0839153410775591,0.185630322256808,0.183,0.21,1,"VPS41","GSE214411","Myeloid",TRUE
0.0839658426206522,-0.403011537549563,0.12,0.142,1,"DRG1","GSE214411","Myeloid",TRUE
0.0840668148090036,-0.790171343887291,0.04,0.055,1,"MBTD1","GSE214411","Myeloid",TRUE
0.0841237959991042,0.400156226405579,0.04,0.026,1,"DHCR24","GSE214411","Myeloid",TRUE
0.0841730364440428,-0.742590463774062,0.029,0.042,1,"TMEM104","GSE214411","Myeloid",TRUE
0.0841761917115134,0.396527210971771,0.022,0.012,1,"NCS1","GSE214411","Myeloid",TRUE
0.0842842174762683,-0.547041809784637,0.086,0.106,1,"SEL1L3","GSE214411","Myeloid",TRUE
0.0843381192438033,-0.17063650165826,0.12,0.145,1,"CRIPT","GSE214411","Myeloid",TRUE
0.0843861605577256,-0.238645433449504,0.012,0.021,1,"NSUN7","GSE214411","Myeloid",TRUE
0.0844281952822931,2.10973042815628,0.013,0.005,1,"PI3","GSE214411","Myeloid",TRUE
0.0844312663934307,-1.44902198779041,0.032,0.047,1,"NPFFR1","GSE214411","Myeloid",TRUE
0.0845264818072919,-2.30960949215403,0.006,0.014,1,"RAD54L","GSE214411","Myeloid",TRUE
0.0845902150911736,1.57776484385907,0.013,0.005,1,"PAX2","GSE214411","Myeloid",TRUE
0.0846232768701515,1.36508866905223,0.011,0.02,1,"ZSCAN2","GSE214411","Myeloid",TRUE
0.0846730028875532,-0.371415598024288,0.054,0.071,1,"EEFSEC","GSE214411","Myeloid",TRUE
0.0846821050221308,0.58902341695492,0.226,0.194,1,"RP11-138A9.2","GSE214411","Myeloid",TRUE
0.0847106090678648,0.641893194478123,0.272,0.237,1,"POLR2A","GSE214411","Myeloid",TRUE
0.0847375084940292,-0.204480457540972,0.05,0.068,1,"FUT8","GSE214411","Myeloid",TRUE
0.0847637237822183,-1.24471563753589,0.006,0.014,1,"DBF4B","GSE214411","Myeloid",TRUE
0.0848484796967138,-0.0773752124172143,0.364,0.39,1,"NR3C1","GSE214411","Myeloid",TRUE
0.0849150054185345,3.19117132891388,0.013,0.005,1,"DSG2","GSE214411","Myeloid",TRUE
0.0850660427989511,-1.38506867529218,0.012,0.021,1,"ARL17B","GSE214411","Myeloid",TRUE
0.0851592663241835,2.43142089425888,0.013,0.005,1,"SH2D2A","GSE214411","Myeloid",TRUE
0.0851810341171323,-0.627766189529954,0.04,0.056,1,"ZBED4","GSE214411","Myeloid",TRUE
0.0852523694046628,-0.536854381857518,0.161,0.182,1,"PBDC1","GSE214411","Myeloid",TRUE
0.0852786855218911,-0.732914252982158,0.042,0.058,1,"HIF1AN","GSE214411","Myeloid",TRUE
0.0853765411288771,-1.78962939291069,0.012,0.021,1,"ZNF502","GSE214411","Myeloid",TRUE
0.0853765411288771,-0.331262650365337,0.012,0.021,1,"ZNF574","GSE214411","Myeloid",TRUE
0.0854858257273115,2.96148006946798,0.013,0.005,1,"RNF207","GSE214411","Myeloid",TRUE
0.0855009967264466,-0.206940622745991,0.012,0.021,1,"FAM71A","GSE214411","Myeloid",TRUE
0.0856116532762175,1.82014522341619,0.041,0.028,1,"FRY","GSE214411","Myeloid",TRUE
0.0856335048394495,-0.361644188756241,0.134,0.156,1,"SIRT7","GSE214411","Myeloid",TRUE
0.0856863662866275,0.86344374883997,0.089,0.068,1,"SF3A2","GSE214411","Myeloid",TRUE
0.085718083154477,0.485749240655663,0.006,0.014,1,"KIF3C","GSE214411","Myeloid",TRUE
0.0857256023362928,-0.750005914989325,0.04,0.055,1,"ARHGAP32","GSE214411","Myeloid",TRUE
0.0857694906461604,1.05733264748549,0.024,0.014,1,"EPHA2","GSE214411","Myeloid",TRUE
0.0858167018669287,-0.0974317283739237,0.088,0.108,1,"RNF40","GSE214411","Myeloid",TRUE
0.0858958732346912,-0.325763579660401,0.077,0.097,1,"CAPN7","GSE214411","Myeloid",TRUE
0.0859406170459947,0.936767942561209,0.062,0.044,1,"NUAK2","GSE214411","Myeloid",TRUE
0.0860809290524989,-0.673873767784027,0.107,0.128,1,"RIOK1","GSE214411","Myeloid",TRUE
0.0860932781385229,-0.505259455531866,0.044,0.06,1,"FKBP11","GSE214411","Myeloid",TRUE
0.0861059137705552,-0.153067543127862,0.026,0.039,1,"USP18","GSE214411","Myeloid",TRUE
0.0861414019664428,0.387722894207105,0.095,0.073,1,"MFSD2A","GSE214411","Myeloid",TRUE
0.0861914067966033,-0.366269318391119,0.149,0.172,1,"TRADD","GSE214411","Myeloid",TRUE
0.0862610995532831,0.601936895372164,0.022,0.034,1,"TMTC3","GSE214411","Myeloid",TRUE
0.0863094837135215,-0.547663656144677,0.036,0.051,1,"NDC1","GSE214411","Myeloid",TRUE
0.0863333962332932,-1.28332028307627,0.025,0.038,1,"SLC2A9","GSE214411","Myeloid",TRUE
0.0864133414613129,-0.285189645305525,0.023,0.036,1,"PTPN4","GSE214411","Myeloid",TRUE
0.086482990015415,-0.354068401489115,0.19,0.213,1,"CSRP1","GSE214411","Myeloid",TRUE
0.0865343491824372,0.493727137353085,0.094,0.073,1,"MEFV","GSE214411","Myeloid",TRUE
0.0865719661340315,0.357559007117198,0.25,0.21,1,"MANBA","GSE214411","Myeloid",TRUE
0.086677484243054,-0.141522089234617,0.046,0.031,1,"PRKCE","GSE214411","Myeloid",TRUE
0.0867354217855093,-1.31111659727112,0.027,0.04,1,"ZNF747","GSE214411","Myeloid",TRUE
0.0868615479702893,-0.137185034915107,0.86,0.914,1,"UBC","GSE214411","Myeloid",TRUE
0.0868693789156845,-0.356780956745874,0.168,0.19,1,"GAPVD1","GSE214411","Myeloid",TRUE
0.0868909832847215,1.55652957156637,0.017,0.008,1,"ARMCX4","GSE214411","Myeloid",TRUE
0.0870024312787697,-1.02529196092169,0.026,0.039,1,"ANKMY2","GSE214411","Myeloid",TRUE
0.0871666084540162,0.518619562459357,0.385,0.353,1,"ZNF267","GSE214411","Myeloid",TRUE
0.0873369868009656,-0.862168309587726,0.025,0.038,1,"LPAR1","GSE214411","Myeloid",TRUE
0.0873573109695227,0.0248695011453399,0.155,0.181,1,"CLPTM1","GSE214411","Myeloid",TRUE
0.0875179867136062,-0.173787366436337,0.034,0.049,1,"ENPP4","GSE214411","Myeloid",TRUE
0.0875579338141876,-0.252188214707004,0.057,0.074,1,"MAP3K12","GSE214411","Myeloid",TRUE
0.0875630171859342,-0.315248665261339,0.158,0.183,1,"SYS1","GSE214411","Myeloid",TRUE
0.0876332099630753,-0.644874768395365,0.013,0.005,1,"RP11-286N22.8","GSE214411","Myeloid",TRUE
0.0876597133394699,0.92086712932072,0.017,0.008,1,"MYO10","GSE214411","Myeloid",TRUE
0.0877523464160055,-0.255776004655085,0.046,0.062,1,"TMEM94","GSE214411","Myeloid",TRUE
0.0877663782722888,-0.492913124926022,0.012,0.021,1,"DDR2","GSE214411","Myeloid",TRUE
0.0877942356382184,-0.475802320012763,0.058,0.075,1,"UNC5B","GSE214411","Myeloid",TRUE
0.0878141396255839,-0.327962159735726,0.341,0.357,1,"CCT2","GSE214411","Myeloid",TRUE
0.0878299900299695,0.834080565014196,0.012,0.021,1,"DHRS13","GSE214411","Myeloid",TRUE
0.0878423007714545,-0.339666926113497,0.025,0.038,1,"SGOL1","GSE214411","Myeloid",TRUE
0.0880022908241121,-0.857651929335634,0.034,0.049,1,"RBM4B","GSE214411","Myeloid",TRUE
0.0880081253554876,-0.0367565086006352,0.116,0.138,1,"SUDS3","GSE214411","Myeloid",TRUE
0.0880270067019191,0.262073248224151,0.04,0.026,1,"LINC00937","GSE214411","Myeloid",TRUE
0.0881357569535673,-0.458490965943834,0.112,0.132,1,"ATPAF2","GSE214411","Myeloid",TRUE
0.0883499701263048,-0.505395033207956,0.025,0.038,1,"SH3BP5L","GSE214411","Myeloid",TRUE
0.088367280662261,0.0939270196700441,0.25,0.212,1,"MED13","GSE214411","Myeloid",TRUE
0.0884442061233001,-1.0298129429705,0.033,0.048,1,"COL6A3","GSE214411","Myeloid",TRUE
0.0886310206706859,-0.223424747774099,0.168,0.191,1,"TCF12","GSE214411","Myeloid",TRUE
0.0886447391184579,-0.0870088269962834,0.052,0.069,1,"C2orf68","GSE214411","Myeloid",TRUE
0.0887024400658929,-1.66915516014761,0.031,0.044,1,"ING5","GSE214411","Myeloid",TRUE
0.0887968011869832,0.660884154840123,0.088,0.068,1,"MEX3C","GSE214411","Myeloid",TRUE
0.0888576464482673,0.801942946106517,0.084,0.064,1,"LY75","GSE214411","Myeloid",TRUE
0.0888662803162363,-0.17049640580982,0.035,0.05,1,"BCAT2","GSE214411","Myeloid",TRUE
0.0888694071229049,1.0948483548115,0.04,0.026,1,"BCAR3","GSE214411","Myeloid",TRUE
0.0889271537154174,-1.56205367459463,0.023,0.036,1,"GNPDA2","GSE214411","Myeloid",TRUE
0.088974531950989,0.0611528030316093,0.434,0.48,1,"RANBP2","GSE214411","Myeloid",TRUE
0.0890292938321354,0.0541002162162709,0.513,0.581,1,"GSTO1","GSE214411","Myeloid",TRUE
0.089080617715127,0.419431052637768,0.146,0.119,1,"MLLT6","GSE214411","Myeloid",TRUE
0.0890838982235341,0.526820673739538,0.056,0.074,1,"HAUS6","GSE214411","Myeloid",TRUE
0.0892388806003659,0.321118392824901,0.012,0.021,1,"SEPHS2","GSE214411","Myeloid",TRUE
0.0892582752975007,-2.61406691402052,0.004,0.01,1,"PLEKHM3","GSE214411","Myeloid",TRUE
0.0892582752975007,-2.06932256968999,0.004,0.01,1,"C19orf73","GSE214411","Myeloid",TRUE
0.0892828594983958,-0.0993056609097218,0.111,0.132,1,"C5orf24","GSE214411","Myeloid",TRUE
0.089325297605301,-0.640502133179997,0.084,0.104,1,"UBQLN2","GSE214411","Myeloid",TRUE
0.0893407194205015,-1.0383125455353,0.045,0.06,1,"ARL15","GSE214411","Myeloid",TRUE
0.0894272358039163,0.467948879651711,0.017,0.008,1,"RP11-345P4.9","GSE214411","Myeloid",TRUE
0.0895390855838637,0.71477086473531,0.053,0.037,1,"SIPA1L3","GSE214411","Myeloid",TRUE
0.0895462621486257,-0.215067532004327,0.175,0.197,1,"SFSWAP","GSE214411","Myeloid",TRUE
0.0895653181453402,0.146426298543587,0.004,0.01,1,"CAPSL","GSE214411","Myeloid",TRUE
0.0895653181453402,-1.6664939834766,0.004,0.01,1,"PDE8B","GSE214411","Myeloid",TRUE
0.0895653181453402,-1.60047009138431,0.004,0.01,1,"RP5-908M14.9","GSE214411","Myeloid",TRUE
0.0897612914704536,-0.200274594413957,0.024,0.014,1,"A1BG-AS1","GSE214411","Myeloid",TRUE
0.0897704854550221,-1.67425147957533,0.004,0.01,1,"RP11-290L1.2","GSE214411","Myeloid",TRUE
0.0897704854550221,-1.49339634601814,0.004,0.01,1,"RP11-66B24.4","GSE214411","Myeloid",TRUE
0.0899748868501653,-0.609717647007858,0.033,0.048,1,"WDR3","GSE214411","Myeloid",TRUE
0.0899760309572579,-1.34209290632403,0.004,0.01,1,"C8orf37","GSE214411","Myeloid",TRUE
0.0899760309572579,-0.00843586491135362,0.004,0.01,1,"DICER1-AS1","GSE214411","Myeloid",TRUE
0.0899957024169961,-0.261103572077364,0.322,0.339,1,"PDXK","GSE214411","Myeloid",TRUE
0.0900071693409471,-0.350789121187611,0.013,0.022,1,"APOBEC3F","GSE214411","Myeloid",TRUE
0.0900401732019677,-0.187123109176393,0.391,0.428,1,"ARL4A","GSE214411","Myeloid",TRUE
0.0900789456726173,-1.02359541424677,0.004,0.01,1,"SENP8","GSE214411","Myeloid",TRUE
0.0901819551065489,-3.25665463105987,0.004,0.01,1,"CTF1","GSE214411","Myeloid",TRUE
0.0901819551065489,-1.3875095350896,0.004,0.01,1,"DPEP3","GSE214411","Myeloid",TRUE
0.0902205502781968,0.0771175952111959,0.296,0.324,1,"CDK2AP2","GSE214411","Myeloid",TRUE
0.0902540512747032,0.321819715101481,0.251,0.214,1,"DHX9","GSE214411","Myeloid",TRUE
0.0903107270839777,0.136773661462861,0.056,0.074,1,"SORD","GSE214411","Myeloid",TRUE
0.0903555306402442,-0.176089940056361,0.022,0.034,1,"NAT1","GSE214411","Myeloid",TRUE
0.090364669371986,-0.486100104556249,0.054,0.071,1,"WDR44","GSE214411","Myeloid",TRUE
0.090366953884576,-0.700204595618205,0.067,0.086,1,"DIS3L","GSE214411","Myeloid",TRUE
0.0904341459403134,-0.356887977193622,0.03,0.043,1,"ELMOD3","GSE214411","Myeloid",TRUE
0.0904915522877981,-0.183014440643777,0.004,0.01,1,"HIST1H1A","GSE214411","Myeloid",TRUE
0.0904951430908237,0.382326568545567,0.339,0.294,1,"C20orf24","GSE214411","Myeloid",TRUE
0.0905481825055542,0.621532679136336,0.222,0.186,1,"ELAVL1","GSE214411","Myeloid",TRUE
0.0905946351608552,-0.148135416396523,0.468,0.489,1,"POLR2L","GSE214411","Myeloid",TRUE
0.090600657163566,0.201403080224458,0.012,0.021,1,"GPX8","GSE214411","Myeloid",TRUE
0.0906014759592514,0.790348078411347,0.047,0.032,1,"MTA2","GSE214411","Myeloid",TRUE
0.0906576000019194,-1.28742092783003,0.013,0.023,1,"ZNF234","GSE214411","Myeloid",TRUE
0.0910051901790846,-0.618708722235092,0.029,0.042,1,"ZBTB14","GSE214411","Myeloid",TRUE
0.091096226470795,0.015025650863449,0.192,0.22,1,"U2AF1","GSE214411","Myeloid",TRUE
0.0911973162276712,-0.0569354040924939,0.469,0.494,1,"C11orf58","GSE214411","Myeloid",TRUE
0.0912129092171535,-0.997574290387538,0.049,0.065,1,"BLOC1S5","GSE214411","Myeloid",TRUE
0.091214963126861,-0.446402783621833,0.031,0.046,1,"FAM188A","GSE214411","Myeloid",TRUE
0.0912172714623781,0.520284111659447,0.004,0.01,1,"RFESD","GSE214411","Myeloid",TRUE
0.0912764485323803,-0.444640330767101,0.059,0.077,1,"HIBADH","GSE214411","Myeloid",TRUE
0.0913585435512551,-0.68114598140455,0.059,0.077,1,"NOP16","GSE214411","Myeloid",TRUE
0.0914187015980825,0.31999211590066,0.356,0.31,1,"HNRNPH3","GSE214411","Myeloid",TRUE
0.0914239811783582,0.638069600880321,0.041,0.057,1,"PEX11B","GSE214411","Myeloid",TRUE
0.0914607195580384,0.312845711083713,0.546,0.547,1,"CHMP1B","GSE214411","Myeloid",TRUE
0.091502478197661,0.743000517060644,0.078,0.059,1,"EPCAM","GSE214411","Myeloid",TRUE
0.0915870019290767,-0.958293446703697,0.013,0.023,1,"BBS9","GSE214411","Myeloid",TRUE
0.0916340644350945,0.491576561664106,0.004,0.01,1,"KAZALD1","GSE214411","Myeloid",TRUE
0.0916340644350945,0.348672393915243,0.004,0.01,1,"CABYR","GSE214411","Myeloid",TRUE
0.0916902698009327,-0.431768042739595,0.084,0.105,1,"IL7R","GSE214411","Myeloid",TRUE
0.0917058930597656,0.419462956238313,0.071,0.052,1,"VPRBP","GSE214411","Myeloid",TRUE
0.0917224506853227,-0.534638241077212,0.013,0.022,1,"RP11-297D21.4","GSE214411","Myeloid",TRUE
0.0917366749980791,0.464649693054518,0.283,0.243,1,"CAB39","GSE214411","Myeloid",TRUE
0.0917459345520012,0.347248326834318,0.609,0.628,1,"EFHD2","GSE214411","Myeloid",TRUE
0.091787868189828,-0.39078942373468,0.155,0.177,1,"DPM3","GSE214411","Myeloid",TRUE
0.0918361314486085,-1.43076697128051,0.013,0.023,1,"FOXL2","GSE214411","Myeloid",TRUE
0.0919035013073914,-0.94846912242832,0.054,0.071,1,"SETD1B","GSE214411","Myeloid",TRUE
0.0919050404533086,-0.439122256171212,0.134,0.155,1,"MARCH5","GSE214411","Myeloid",TRUE
0.0920349337092696,0.174925485656459,0.035,0.05,1,"SNAP47","GSE214411","Myeloid",TRUE
0.0921055811152575,2.38196582406123,0.011,0.004,1,"HPN","GSE214411","Myeloid",TRUE
0.0921747163934728,-0.86672796434484,0.068,0.087,1,"C14orf1","GSE214411","Myeloid",TRUE
0.092196598649214,-0.589638890463253,0.078,0.096,1,"MTFR1L","GSE214411","Myeloid",TRUE
0.0922045529760614,-0.595238995202323,0.033,0.048,1,"SRR","GSE214411","Myeloid",TRUE
0.0923339441337932,0.27232192810681,0.097,0.12,1,"ABCG1","GSE214411","Myeloid",TRUE
0.0923532868954645,-0.0789861676795902,0.058,0.075,1,"VPS54","GSE214411","Myeloid",TRUE
0.092367816245535,-0.338932032674226,0.147,0.167,1,"NELFCD","GSE214411","Myeloid",TRUE
0.0924244253471409,-0.450830289029442,0.068,0.087,1,"DMTF1","GSE214411","Myeloid",TRUE
0.0924870547492776,3.57186924692263,0.005,0.001,1,"VEGFC","GSE214411","Myeloid",TRUE
0.0924870547492776,4.5294763006098,0.005,0.001,1,"GNA14","GSE214411","Myeloid",TRUE
0.0924870547492776,2.18748060147671,0.005,0.001,1,"RP5-940J5.9","GSE214411","Myeloid",TRUE
0.0925046927379115,-0.124091003176939,0.155,0.179,1,"BECN1","GSE214411","Myeloid",TRUE
0.0925049897601943,-0.365352847052112,0.027,0.04,1,"RIMKLB","GSE214411","Myeloid",TRUE
0.0925918477252191,-0.822165900527889,0.093,0.112,1,"CCDC14","GSE214411","Myeloid",TRUE
0.0925951074856949,-0.15011977463703,0.061,0.079,1,"C2CD5","GSE214411","Myeloid",TRUE
0.0926302558490029,2.96776944233732,0.005,0.001,1,"FAM179A","GSE214411","Myeloid",TRUE
0.0926302558490029,1.94134188987991,0.005,0.001,1,"BMP6","GSE214411","Myeloid",TRUE
0.0926302558490029,2.59718884176811,0.005,0.001,1,"STX17-AS1","GSE214411","Myeloid",TRUE
0.0926302558490029,5.41510987685605,0.005,0.001,1,"TPSAB1","GSE214411","Myeloid",TRUE
0.092721771155154,0.561889815847649,0.185,0.156,1,"CCND3","GSE214411","Myeloid",TRUE
0.0927543942957455,-0.274873378091061,0.017,0.008,1,"RP11-260M2.1","GSE214411","Myeloid",TRUE
0.0927699330296102,-0.191810619673258,0.082,0.102,1,"C2orf69","GSE214411","Myeloid",TRUE
0.0927736349165501,1.6173510086207,0.005,0.001,1,"ARVCF","GSE214411","Myeloid",TRUE
0.0927886881366929,-0.195131073627563,0.077,0.097,1,"GALNT6","GSE214411","Myeloid",TRUE
0.0928153155143308,3.29478272663208,0.028,0.017,1,"SLC39A14","GSE214411","Myeloid",TRUE
0.0928302967057303,-1.15501051327803,0.007,0.015,1,"NPPA-AS1","GSE214411","Myeloid",TRUE
0.0928302967057303,-0.412650404138483,0.007,0.015,1,"LMCD1","GSE214411","Myeloid",TRUE
0.0928730635250214,-0.00529526643771838,0.046,0.062,1,"PEX26","GSE214411","Myeloid",TRUE
0.09291719209479,2.86515903133679,0.005,0.001,1,"RP11-902B17.1","GSE214411","Myeloid",TRUE
0.09291719209479,2.77023032617111,0.005,0.001,1,"DLGAP1","GSE214411","Myeloid",TRUE
0.0929352225461806,0.146722609316368,0.344,0.375,1,"UBE2S","GSE214411","Myeloid",TRUE
0.0929597219553314,0.960054787406496,0.011,0.004,1,"APLF","GSE214411","Myeloid",TRUE
0.0929977269060802,0.909705536438886,0.392,0.362,1,"UBE2D1","GSE214411","Myeloid",TRUE
0.0930609275265761,2.62444623560096,0.005,0.001,1,"EDN2","GSE214411","Myeloid",TRUE
0.0930609275265761,1.73627500154364,0.005,0.001,1,"RP11-849H4.4","GSE214411","Myeloid",TRUE
0.0930609275265761,1.94348000205646,0.005,0.001,1,"TNFRSF19","GSE214411","Myeloid",TRUE
0.0930609275265761,2.74087119132266,0.005,0.001,1,"MTSS1L","GSE214411","Myeloid",TRUE
0.0931077011224284,-0.0303261794095007,0.053,0.07,1,"PPP1R12B","GSE214411","Myeloid",TRUE
0.0931786461381638,0.603311411344744,0.111,0.088,1,"EXOC4","GSE214411","Myeloid",TRUE
0.0932048413547451,2.12133926911011,0.005,0.001,1,"GDF9","GSE214411","Myeloid",TRUE
0.0932048413547451,1.40946313464505,0.005,0.001,1,"FRMD6-AS1","GSE214411","Myeloid",TRUE
0.0932048413547451,1.41304064654034,0.005,0.001,1,"NOMO2","GSE214411","Myeloid",TRUE
0.0932313611424859,-0.150254716996621,0.058,0.076,1,"FADS2","GSE214411","Myeloid",TRUE
0.0932479871946407,-0.602952938838991,0.053,0.07,1,"TSC2","GSE214411","Myeloid",TRUE
0.0932763658494662,0.701250601744462,0.335,0.302,1,"NUMB","GSE214411","Myeloid",TRUE
0.0933489337221161,1.05379453130752,0.005,0.001,1,"RP11-131L23.1","GSE214411","Myeloid",TRUE
0.0933489337221161,1.01142663644402,0.005,0.001,1,"KRT5","GSE214411","Myeloid",TRUE
0.0934572813334896,-1.61067673077412,0.016,0.026,1,"SERPINF2","GSE214411","Myeloid",TRUE
0.0935331319106755,-0.699523173539134,0.054,0.071,1,"TBC1D20","GSE214411","Myeloid",TRUE
0.0936979083885023,-0.80162282713278,0.058,0.075,1,"CCR6","GSE214411","Myeloid",TRUE
0.0937242849163523,0.572486092197419,0.011,0.004,1,"ACHE","GSE214411","Myeloid",TRUE
0.0937379576929974,-0.0260866875427908,0.557,0.615,1,"H2AFY","GSE214411","Myeloid",TRUE
0.0937381440540664,-0.571859575281572,0.046,0.061,1,"ANKZF1","GSE214411","Myeloid",TRUE
0.0937428282171741,1.24398805188651,0.07,0.052,1,"CARNMT1","GSE214411","Myeloid",TRUE
0.0937681015857082,0.0894806441606151,0.046,0.062,1,"ALKBH3","GSE214411","Myeloid",TRUE
0.0938002404216265,0.389267586920074,0.025,0.038,1,"C4orf46","GSE214411","Myeloid",TRUE
0.0940393136792885,-1.24746441014769,0.013,0.023,1,"AC009403.2","GSE214411","Myeloid",TRUE
0.0940539797836644,0.455100615066772,0.031,0.046,1,"TAF4","GSE214411","Myeloid",TRUE
0.094068716245463,-0.183855589187898,0.103,0.125,1,"TBC1D4","GSE214411","Myeloid",TRUE
0.0940857690132455,-0.0835839314350552,0.341,0.362,1,"OAZ2","GSE214411","Myeloid",TRUE
0.0941634555320092,-0.200945558484346,0.098,0.118,1,"WDR55","GSE214411","Myeloid",TRUE
0.0944093223659948,-0.305417898622989,0.147,0.169,1,"FAM103A1","GSE214411","Myeloid",TRUE
0.0944486104899284,0.805225493801887,0.161,0.135,1,"ELL","GSE214411","Myeloid",TRUE
0.0945186254611213,-0.452068253362887,0.102,0.123,1,"C19orf66","GSE214411","Myeloid",TRUE
0.0945488022374772,-0.641789798693106,0.013,0.023,1,"NEFH","GSE214411","Myeloid",TRUE
0.0945781962840415,-0.46533827180966,0.082,0.101,1,"RP11-404O13.5","GSE214411","Myeloid",TRUE
0.0945899042786916,-0.486913136822282,0.148,0.169,1,"MFNG","GSE214411","Myeloid",TRUE
0.0945937241326383,-0.619555178213087,0.064,0.082,1,"PTRH2","GSE214411","Myeloid",TRUE
0.0947750799742976,-0.461354680736059,0.025,0.038,1,"CEP97","GSE214411","Myeloid",TRUE
0.0948153350524597,0.401006594687103,0.305,0.266,1,"PCNP","GSE214411","Myeloid",TRUE
0.09483558489759,-0.413525673547025,0.087,0.108,1,"CA2","GSE214411","Myeloid",TRUE
0.094844700410267,-0.0575700297853583,0.032,0.047,1,"RABL2B","GSE214411","Myeloid",TRUE
0.094866603510379,0.881675977297297,0.164,0.136,1,"NEK7","GSE214411","Myeloid",TRUE
0.0950189396347045,-0.580631796177563,0.12,0.141,1,"PUM3","GSE214411","Myeloid",TRUE
0.0950745828703096,0.489924689793873,0.053,0.037,1,"CH507-42P11.8","GSE214411","Myeloid",TRUE
0.0951867370252891,0.569289944953501,0.131,0.157,1,"MAP1LC3A","GSE214411","Myeloid",TRUE
0.0952087026881813,0.432981525438563,0.044,0.06,1,"FBXW4","GSE214411","Myeloid",TRUE
0.0953573625466622,0.187754702896875,0.297,0.326,1,"PDCD4","GSE214411","Myeloid",TRUE
0.0953961394955292,0.0446564149805453,0.102,0.123,1,"CDS2","GSE214411","Myeloid",TRUE
0.0954988718710419,-0.101833144123326,0.381,0.4,1,"PSMA2","GSE214411","Myeloid",TRUE
0.0956101672308565,0.405377823920932,0.047,0.032,1,"PPP2R5B","GSE214411","Myeloid",TRUE
0.0956177966756134,-0.762630458442672,0.044,0.059,1,"C10orf12","GSE214411","Myeloid",TRUE
0.095671212467218,-0.174380713283971,0.081,0.101,1,"SLC2A4RG","GSE214411","Myeloid",TRUE
0.0957156242864007,-0.291363914854724,0.12,0.141,1,"PSMG1","GSE214411","Myeloid",TRUE
0.0958765444209908,0.465007008124107,0.287,0.249,1,"CCNY","GSE214411","Myeloid",TRUE
0.0958929162324865,0.236663194047679,0.048,0.065,1,"PIP4K2B","GSE214411","Myeloid",TRUE
0.0958931500681314,0.625958287805208,0.039,0.054,1,"AGK","GSE214411","Myeloid",TRUE
0.0959429817518451,-0.148549113991708,0.347,0.299,1,"DYNC1H1","GSE214411","Myeloid",TRUE
0.0959613091279766,0.959074524252459,0.022,0.013,1,"TRAF3IP2","GSE214411","Myeloid",TRUE
0.0960856209741462,0.114964661588637,0.142,0.163,1,"LRMP","GSE214411","Myeloid",TRUE
0.0961320178157928,-0.229124442400176,0.318,0.34,1,"HAVCR2","GSE214411","Myeloid",TRUE
0.0961831425762912,-0.585225222435389,0.063,0.081,1,"SGF29","GSE214411","Myeloid",TRUE
0.0962397762683995,0.185564057865082,0.118,0.14,1,"MPZL1","GSE214411","Myeloid",TRUE
0.0963219817591408,0.0865225191453396,0.04,0.056,1,"CTD-2017F17.2","GSE214411","Myeloid",TRUE
0.0963820199173174,-0.118251195505623,0.149,0.172,1,"RIN2","GSE214411","Myeloid",TRUE
0.0963960180898053,0.193475756448054,0.207,0.175,1,"PAPSS2","GSE214411","Myeloid",TRUE
0.0964270388161916,0.315400829136109,0.254,0.22,1,"LSM12","GSE214411","Myeloid",TRUE
0.0964901621736718,0.0449869841918491,0.058,0.075,1,"ZEB1","GSE214411","Myeloid",TRUE
0.0965592436436586,0.284080576924403,0.151,0.124,1,"GID8","GSE214411","Myeloid",TRUE
0.0966823620838337,1.78024694414951,0.015,0.007,1,"KITLG","GSE214411","Myeloid",TRUE
0.0967513847137146,0.215586926475709,0.234,0.197,1,"EIF3B","GSE214411","Myeloid",TRUE
0.0967887943116295,0.921542052773711,0.142,0.117,1,"FOXO1","GSE214411","Myeloid",TRUE
0.0967986410774084,0.119773423406711,0.29,0.251,1,"RNPEP","GSE214411","Myeloid",TRUE
0.0968259991114239,0.143233163152083,0.054,0.071,1,"TMEM5","GSE214411","Myeloid",TRUE
0.0968828836512097,-0.241264072451393,0.068,0.087,1,"GALK2","GSE214411","Myeloid",TRUE
0.0969232919410598,-0.560706841354518,0.055,0.071,1,"CLEC2D","GSE214411","Myeloid",TRUE
0.0970001182540752,-0.0697029569695975,0.151,0.173,1,"ARMT1","GSE214411","Myeloid",TRUE
0.0970442017338419,-0.383664482774621,0.108,0.128,1,"ARMCX1","GSE214411","Myeloid",TRUE
0.0970834575630769,3.21467856280312,0.009,0.003,1,"SOX13","GSE214411","Myeloid",TRUE
0.0970948126180342,-0.538267864969673,0.05,0.067,1,"MIER2","GSE214411","Myeloid",TRUE
0.0971077101812156,-0.743482281288884,0.014,0.024,1,"PDE4C","GSE214411","Myeloid",TRUE
0.0971387634183374,-0.25754857250291,0.117,0.138,1,"SLC35D2","GSE214411","Myeloid",TRUE
0.0971571778599191,-2.08850698761447,0.002,0.006,1,"PCDHGA12","GSE214411","Myeloid",TRUE
0.0972348573572279,0.124570106238012,0.014,0.024,1,"NLRP2","GSE214411","Myeloid",TRUE
0.0973721802333983,0.34682882912177,0.203,0.172,1,"COA6","GSE214411","Myeloid",TRUE
0.097436082963471,-2.03802062715436,0.002,0.006,1,"UGDH-AS1","GSE214411","Myeloid",TRUE
0.097436082963471,-2.75342116611409,0.002,0.006,1,"RP11-180C16.1","GSE214411","Myeloid",TRUE
0.097436082963471,-3.60981545958211,0.002,0.006,1,"RP11-793H13.10","GSE214411","Myeloid",TRUE
0.097436082963471,-1.85653965451052,0.002,0.006,1,"RORA-AS1","GSE214411","Myeloid",TRUE
0.097521593829703,2.43513717802504,0.009,0.003,1,"JARID2-AS1","GSE214411","Myeloid",TRUE
0.0975757753053504,-3.08470680684068,0.002,0.006,1,"POLR3G","GSE214411","Myeloid",TRUE
0.0975757753053504,-1.84295058964841,0.002,0.006,1,"RP11-96H19.1","GSE214411","Myeloid",TRUE
0.0976660275530469,2.09095306597609,0.034,0.022,1,"EDN1","GSE214411","Myeloid",TRUE
0.0977079554833452,-0.200981800434847,0.076,0.095,1,"METAP1","GSE214411","Myeloid",TRUE
0.0977156276625816,-3.70044450923797,0.002,0.006,1,"LZTS1","GSE214411","Myeloid",TRUE
0.0977156276625816,-1.71437003283769,0.002,0.006,1,"LINC00449","GSE214411","Myeloid",TRUE
0.0977156276625816,-1.69768730835372,0.002,0.006,1,"RP11-146F11.1","GSE214411","Myeloid",TRUE
0.0977156276625816,-1.78002876979997,0.002,0.006,1,"ZNF749","GSE214411","Myeloid",TRUE
0.0977156276625816,-2.75830185478089,0.002,0.006,1,"MCM3AP-AS1","GSE214411","Myeloid",TRUE
0.0977852942147193,0.882996051610173,0.454,0.416,1,"SMAP2","GSE214411","Myeloid",TRUE
0.097829912247934,0.199331143959697,0.141,0.112,1,"ELK3","GSE214411","Myeloid",TRUE
0.0978473611588662,0.301104651327711,0.27,0.233,1,"CORO1C","GSE214411","Myeloid",TRUE
0.0978512320055865,1.67469514415299,0.009,0.003,1,"RP11-89K11.1","GSE214411","Myeloid",TRUE
0.0978556401516023,-1.81420375179977,0.002,0.006,1,"C9orf172","GSE214411","Myeloid",TRUE
0.0978556401516023,-1.60794381522474,0.002,0.006,1,"RP11-407N17.5","GSE214411","Myeloid",TRUE
0.0978556401516023,-1.90453691407422,0.002,0.006,1,"TMED6","GSE214411","Myeloid",TRUE
0.0978556401516023,-3.62056239341948,0.002,0.006,1,"CTC-232P5.3","GSE214411","Myeloid",TRUE
0.0979295522136761,0.512526419025311,0.048,0.033,1,"RP11-395A13.2","GSE214411","Myeloid",TRUE
0.0979483030753263,1.48221507683928,0.045,0.031,1,"TRIM39","GSE214411","Myeloid",TRUE
0.0979958128888306,-1.86267592308485,0.002,0.006,1,"ZNF436-AS1","GSE214411","Myeloid",TRUE
0.0979958128888306,-2.39800740905205,0.002,0.006,1,"RP11-246A10.1","GSE214411","Myeloid",TRUE
0.0979958128888306,-2.3950172451503,0.002,0.006,1,"C6orf52","GSE214411","Myeloid",TRUE
0.0979958128888306,-1.39188752724416,0.002,0.006,1,"RHOXF1-AS1","GSE214411","Myeloid",TRUE
0.0979958128888306,-1.48435476812567,0.002,0.006,1,"ADM5","GSE214411","Myeloid",TRUE
0.0980572393789163,-1.01788277707036,0.008,0.016,1,"ZNF69","GSE214411","Myeloid",TRUE
0.0980606722391369,0.0286886626361624,0.133,0.155,1,"SNX13","GSE214411","Myeloid",TRUE
0.0981355886377277,0.379991548137274,0.409,0.38,1,"CACYBP","GSE214411","Myeloid",TRUE
0.0981361459906647,-1.42167867638476,0.002,0.006,1,"RP11-728F11.4","GSE214411","Myeloid",TRUE
0.0981406809435809,-0.021520888275427,0.415,0.372,1,"GRASP","GSE214411","Myeloid",TRUE
0.0981638682534173,-0.0179957945562335,0.561,0.613,1,"SARAF","GSE214411","Myeloid",TRUE
0.0981935410551813,1.88247363203588,0.028,0.017,1,"LDOC1L","GSE214411","Myeloid",TRUE
0.0982102098654933,-0.268573394055751,0.309,0.325,1,"DDAH2","GSE214411","Myeloid",TRUE
0.0982766395734826,-1.28852329223359,0.002,0.006,1,"RP13-884E18.2","GSE214411","Myeloid",TRUE
0.0983014783246095,-1.72116434456971,0.008,0.016,1,"MRM1","GSE214411","Myeloid",TRUE
0.0983967019369948,-0.763589181194235,0.134,0.155,1,"AFG3L2","GSE214411","Myeloid",TRUE
0.0984026067657245,2.69755566264124,0.009,0.003,1,"CTD-2095E4.5","GSE214411","Myeloid",TRUE
0.0984172937536423,-0.802860442590341,0.002,0.006,1,"GFI1","GSE214411","Myeloid",TRUE
0.0984172937536423,0.797861004047476,0.002,0.006,1,"AC016700.5","GSE214411","Myeloid",TRUE
0.0984172937536423,-1.11676413597104,0.002,0.006,1,"RP11-38M8.1","GSE214411","Myeloid",TRUE
0.0984219592504148,0.212212536092415,0.031,0.046,1,"PGM2L1","GSE214411","Myeloid",TRUE
0.0984567158121358,-0.270196191005359,0.194,0.215,1,"DNAJB12","GSE214411","Myeloid",TRUE
0.098558108647481,0.255862368016869,0.002,0.006,1,"RP11-196G18.3","GSE214411","Myeloid",TRUE
0.098558108647481,-0.579407724490205,0.002,0.006,1,"HIST1H3A","GSE214411","Myeloid",TRUE
0.098558108647481,-1.13308652353576,0.002,0.006,1,"LINC00174","GSE214411","Myeloid",TRUE
0.098558108647481,-0.641536237945405,0.002,0.006,1,"PLD6","GSE214411","Myeloid",TRUE
0.0985861189671544,-0.649084598632554,0.029,0.042,1,"NADK2","GSE214411","Myeloid",TRUE
0.0986238502155323,1.76366804963796,0.009,0.003,1,"RP11-214O1.2","GSE214411","Myeloid",TRUE
0.098640805457825,-0.87078456269546,0.015,0.025,1,"STS","GSE214411","Myeloid",TRUE
0.0986990843713155,-0.927216655865379,0.002,0.006,1,"HIST1H2BB","GSE214411","Myeloid",TRUE
0.0987079793876213,0.016884549271917,0.531,0.578,1,"LAPTM4A","GSE214411","Myeloid",TRUE
0.0987346207828355,0.462500515802305,0.009,0.003,1,"FBXO27","GSE214411","Myeloid",TRUE
0.0987365853255438,-0.70920585808086,0.04,0.055,1,"CRTAM","GSE214411","Myeloid",TRUE
0.098765472923961,-0.133330046103235,0.288,0.305,1,"CHMP2B","GSE214411","Myeloid",TRUE
0.0987831834037077,-1.49693200150702,0.056,0.072,1,"RPP14","GSE214411","Myeloid",TRUE
0.0987927645684859,4.18852927414219,0.007,0.002,1,"NPR3","GSE214411","Myeloid",TRUE
0.0988402210414419,0.102801362593481,0.002,0.006,1,"VIPR2","GSE214411","Myeloid",TRUE
0.0988402210414419,1.9690538582764,0.002,0.006,1,"SDK2","GSE214411","Myeloid",TRUE
0.0988732588008332,-0.506888741859084,0.008,0.016,1,"PWAR6","GSE214411","Myeloid",TRUE
0.0988751802779607,0.275651936296573,0.146,0.119,1,"DUSP10","GSE214411","Myeloid",TRUE
0.0989120239112472,-0.609159097194917,0.067,0.085,1,"TELO2","GSE214411","Myeloid",TRUE
0.0989474127711828,0.327730651076882,0.048,0.033,1,"FAM109A","GSE214411","Myeloid",TRUE
0.0989644034823781,-1.55060730670792,0.014,0.024,1,"NDST2","GSE214411","Myeloid",TRUE
0.0990021607315071,0.653204289150989,0.111,0.087,1,"KDM4B","GSE214411","Myeloid",TRUE
0.0990371113643472,-0.262100961061246,0.008,0.016,1,"IL11RA","GSE214411","Myeloid",TRUE
0.0990675285304379,-0.498634960002134,0.009,0.003,1,"AC093818.1","GSE214411","Myeloid",TRUE
0.0990977200030196,0.25889521994138,0.175,0.143,1,"PPP1R9B","GSE214411","Myeloid",TRUE
0.0991723098661389,2.33900554013346,0.007,0.002,1,"FAM72B","GSE214411","Myeloid",TRUE
0.0991723098661389,3.90714495309386,0.007,0.002,1,"ELN","GSE214411","Myeloid",TRUE
0.0991723098661389,3.2104082550082,0.007,0.002,1,"RP5-940J5.6","GSE214411","Myeloid",TRUE
0.0992127435586255,-0.791111571065835,0.037,0.051,1,"CCDC106","GSE214411","Myeloid",TRUE
0.0992277041668488,-0.700379851642771,0.05,0.067,1,"DDB2","GSE214411","Myeloid",TRUE
0.0992990832426607,3.14516021067471,0.007,0.002,1,"LINC00645","GSE214411","Myeloid",TRUE
0.0992990832426607,3.59656259133383,0.007,0.002,1,"PCSK6","GSE214411","Myeloid",TRUE
0.0992990832426607,1.69551757479637,0.007,0.002,1,"AC008440.5","GSE214411","Myeloid",TRUE
0.0993879948379668,0.137479319558159,0.145,0.118,1,"ANKRD28","GSE214411","Myeloid",TRUE
0.0995031997674031,0.483214994288892,0.119,0.094,1,"RAB5B","GSE214411","Myeloid",TRUE
0.0995061035595758,-0.00707424586904093,0.04,0.055,1,"MDC1","GSE214411","Myeloid",TRUE
0.0995264499986309,0.657348033266283,0.048,0.033,1,"USP19","GSE214411","Myeloid",TRUE
0.0995530179113043,1.51101173591097,0.007,0.002,1,"DNAJB13","GSE214411","Myeloid",TRUE
0.0995530179113043,2.88252682609327,0.007,0.002,1,"DMBT1","GSE214411","Myeloid",TRUE
0.0996123026353919,-1.56121720342072,0.008,0.016,1,"LBX2-AS1","GSE214411","Myeloid",TRUE
0.0996123026353919,-1.35558242058903,0.008,0.016,1,"FBXO17","GSE214411","Myeloid",TRUE
0.0996601888592462,-0.050659068850857,0.657,0.736,1,"TPM3","GSE214411","Myeloid",TRUE
0.099680179369925,2.50738052211965,0.007,0.002,1,"SH3BGRL2","GSE214411","Myeloid",TRUE
0.0996946899184717,-1.49577563970912,0.008,0.016,1,"CTD-3131K8.2","GSE214411","Myeloid",TRUE
0.0997895748345366,-0.691517693232842,0.063,0.079,1,"CD226","GSE214411","Myeloid",TRUE
0.0998074703557207,0.646616999088755,0.007,0.002,1,"SORBS1","GSE214411","Myeloid",TRUE
0.0999156025935496,0.985017405021691,0.052,0.037,1,"LRRC42","GSE214411","Myeloid",TRUE
0.100024782709182,-0.614460909049426,0.008,0.016,1,"RAP2C-AS1","GSE214411","Myeloid",TRUE
0.100038141217248,-0.956835966418828,0.016,0.026,1,"AC062029.1","GSE214411","Myeloid",TRUE
0.100062441241678,2.42785694289865,0.007,0.002,1,"COBL","GSE214411","Myeloid",TRUE
0.1001333964621,0.497841635173789,0.228,0.198,1,"CTBP2","GSE214411","Myeloid",TRUE
0.100208599846744,-0.253628738332824,0.199,0.22,1,"ANKRD17","GSE214411","Myeloid",TRUE
0.100282441970912,-0.169745437713582,0.113,0.089,1,"NDUFA7","GSE214411","Myeloid",TRUE
0.100462370131166,-0.473484107604109,0.264,0.285,1,"CD1D","GSE214411","Myeloid",TRUE
0.100501076474843,-0.220892238302548,0.107,0.126,1,"BLCAP","GSE214411","Myeloid",TRUE
0.100573941000128,0.890206068374294,0.007,0.002,1,"RP11-307C12.12","GSE214411","Myeloid",TRUE
0.100614477934785,-0.692046980142439,0.064,0.082,1,"CBR4","GSE214411","Myeloid",TRUE
0.100626981464003,0.00507050374622242,0.062,0.079,1,"TMLHE","GSE214411","Myeloid",TRUE
0.100649652960177,-0.307455369702093,0.121,0.141,1,"DHRSX","GSE214411","Myeloid",TRUE
0.10070214100532,-1.2801147186435,0.007,0.002,1,"RP11-434H6.7","GSE214411","Myeloid",TRUE
0.100748917306336,0.942166290069228,0.045,0.031,1,"IDUA","GSE214411","Myeloid",TRUE
0.100770678060355,-0.877365409894182,0.008,0.016,1,"RP11-158I9.8","GSE214411","Myeloid",TRUE
0.100782788075611,0.273379326398384,0.034,0.049,1,"RFWD3","GSE214411","Myeloid",TRUE
0.100885123588305,0.383312944297975,0.193,0.162,1,"SERPINB8","GSE214411","Myeloid",TRUE
0.100916634969663,-0.0714680826841514,0.546,0.575,1,"YWHAE","GSE214411","Myeloid",TRUE
0.100953211051626,-0.492329261698988,0.093,0.112,1,"ADPRH","GSE214411","Myeloid",TRUE
0.10100944835717,-0.731465594312857,0.042,0.057,1,"PPM1L","GSE214411","Myeloid",TRUE
0.101098953474139,-0.222521652278353,0.045,0.06,1,"ZNF274","GSE214411","Myeloid",TRUE
0.101120050613234,-0.40021231149524,0.114,0.135,1,"GBP3","GSE214411","Myeloid",TRUE
0.10112127035367,0.495959769141204,0.128,0.151,1,"OSBPL9","GSE214411","Myeloid",TRUE
0.101289414601644,-0.396428166456008,0.089,0.108,1,"POLB","GSE214411","Myeloid",TRUE
0.101302222246284,-0.319002163455469,0.223,0.247,1,"EFCAB14","GSE214411","Myeloid",TRUE
0.101404519923232,0.31909643248783,0.322,0.281,1,"NFKB2","GSE214411","Myeloid",TRUE
0.101465889234076,0.892587696798892,0.037,0.024,1,"LSR","GSE214411","Myeloid",TRUE
0.101484273914067,-0.681215492517179,0.048,0.064,1,"ZNF317","GSE214411","Myeloid",TRUE
0.101533509500305,-0.356742809390858,0.073,0.091,1,"XPO7","GSE214411","Myeloid",TRUE
0.10153564943488,-0.763890902369328,0.016,0.026,1,"FKTN","GSE214411","Myeloid",TRUE
0.101594853356869,0.27480647038741,0.015,0.025,1,"FBLIM1","GSE214411","Myeloid",TRUE
0.101604641898656,-1.28347320239244,0.008,0.016,1,"SUV39H1","GSE214411","Myeloid",TRUE
0.101656514870532,-0.167734798149833,0.14,0.162,1,"DIAPH2","GSE214411","Myeloid",TRUE
0.101771715628723,1.09004549797116,0.076,0.058,1,"TOPORS-AS1","GSE214411","Myeloid",TRUE
0.10182356104484,0.0736001873116601,0.243,0.268,1,"DYNC1LI1","GSE214411","Myeloid",TRUE
0.101873686137125,0.36293510741522,0.108,0.129,1,"MPHOSPH10","GSE214411","Myeloid",TRUE
0.101911049114449,-0.202546707770112,0.116,0.139,1,"RFK","GSE214411","Myeloid",TRUE
0.101922879863327,-0.069045518917751,0.057,0.04,1,"CYTH3","GSE214411","Myeloid",TRUE
0.101965104743881,-0.795856001747256,0.118,0.137,1,"SLC35C2","GSE214411","Myeloid",TRUE
0.102036188075893,-0.383130481381921,0.118,0.138,1,"COMMD2","GSE214411","Myeloid",TRUE
0.10205601658436,0.878777817755274,0.028,0.017,1,"IGLON5","GSE214411","Myeloid",TRUE
0.102107652163716,-0.129298611965558,0.008,0.016,1,"BGN","GSE214411","Myeloid",TRUE
0.102199533971144,-0.604044626953463,0.066,0.084,1,"TEX261","GSE214411","Myeloid",TRUE
0.102241458143254,0.575257170884933,0.04,0.026,1,"AKAP12","GSE214411","Myeloid",TRUE
0.102357713373353,-0.018995546263493,0.065,0.083,1,"SMG6","GSE214411","Myeloid",TRUE
0.10243079540959,0.66675094152041,0.014,0.024,1,"RP5-862P8.2","GSE214411","Myeloid",TRUE
0.102445578496889,-1.51063347483468,0.021,0.032,1,"KIAA0556","GSE214411","Myeloid",TRUE
0.102480620838246,-0.0705087789296135,0.016,0.026,1,"ITPRIPL1","GSE214411","Myeloid",TRUE
0.10257266567759,-0.970984777766578,0.032,0.046,1,"ZNF426","GSE214411","Myeloid",TRUE
0.102603384114455,0.048376423903218,0.447,0.458,1,"UQCRQ","GSE214411","Myeloid",TRUE
0.102765008096916,1.22908467795939,0.033,0.021,1,"BTBD9","GSE214411","Myeloid",TRUE
0.102785292428897,-0.478807472538374,0.047,0.062,1,"PEX10","GSE214411","Myeloid",TRUE
0.103098022593888,-0.190303111403101,0.093,0.113,1,"ZDHHC2","GSE214411","Myeloid",TRUE
0.103164723773194,-0.0258021774991399,0.166,0.189,1,"ZNHIT3","GSE214411","Myeloid",TRUE
0.103171536500791,-0.223405126506349,0.091,0.111,1,"KDM1A","GSE214411","Myeloid",TRUE
0.103238048072171,-0.533111611054294,0.018,0.029,1,"ZNF446","GSE214411","Myeloid",TRUE
0.103244334970998,0.33579223529853,0.168,0.14,1,"BAZ2A","GSE214411","Myeloid",TRUE
0.103311069714666,-3.21860274140018,0.004,0.011,1,"TMEM121","GSE214411","Myeloid",TRUE
0.103342934058818,-0.398494299491752,0.286,0.302,1,"SPAG7","GSE214411","Myeloid",TRUE
0.103403666357773,0.395272317071129,0.366,0.328,1,"ETV6","GSE214411","Myeloid",TRUE
0.103443002531782,-1.46886637224019,0.033,0.047,1,"FAM118B","GSE214411","Myeloid",TRUE
0.103506524614045,-0.368674947001077,0.123,0.143,1,"UTP3","GSE214411","Myeloid",TRUE
0.103632503104127,-1.8928306917817,0.004,0.011,1,"ZNF174","GSE214411","Myeloid",TRUE
0.103646400079757,-0.172100915804999,0.34,0.354,1,"ATP5G1","GSE214411","Myeloid",TRUE
0.103686172553892,-0.0974050515966587,0.031,0.019,1,"NGRN","GSE214411","Myeloid",TRUE
0.103721743735427,-0.113031841867196,0.28,0.302,1,"ADAM10","GSE214411","Myeloid",TRUE
0.103798900047688,0.597193625037543,0.223,0.195,1,"SEC22B","GSE214411","Myeloid",TRUE
0.103810929797269,0.0854891328232854,0.164,0.188,1,"INPPL1","GSE214411","Myeloid",TRUE
0.103935619953264,-0.455780696587573,0.106,0.127,1,"GORASP2","GSE214411","Myeloid",TRUE
0.104007963169344,-0.218771132743045,0.337,0.354,1,"CSK","GSE214411","Myeloid",TRUE
0.104034939914971,0.22957141180316,0.051,0.068,1,"SLC35E3","GSE214411","Myeloid",TRUE
0.104103633903694,0.0705448237899384,0.696,0.797,1,"BTF3","GSE214411","Myeloid",TRUE
0.10413236104803,0.0721898359872353,0.117,0.139,1,"DMXL1","GSE214411","Myeloid",TRUE
0.104292307844218,-0.463614870434639,0.114,0.135,1,"CDK11A","GSE214411","Myeloid",TRUE
0.104293927210549,-0.011811815510656,0.483,0.519,1,"SNRPB","GSE214411","Myeloid",TRUE
0.1042944532125,0.279348427484935,0.156,0.128,1,"SBNO2","GSE214411","Myeloid",TRUE
0.104348605510028,0.251775123380731,0.27,0.234,1,"ZBTB7A","GSE214411","Myeloid",TRUE
0.10446252338362,-0.286217879246466,0.224,0.243,1,"COMMD1","GSE214411","Myeloid",TRUE
0.104497175550887,-0.144119468259262,0.157,0.179,1,"SMIM15","GSE214411","Myeloid",TRUE
0.1045325024688,-0.507846064769713,0.042,0.057,1,"INTS12","GSE214411","Myeloid",TRUE
0.104639650262037,0.0829071400811117,0.161,0.183,1,"MCUR1","GSE214411","Myeloid",TRUE
0.104817897361013,-2.12177026019689,0.004,0.011,1,"SP2-AS1","GSE214411","Myeloid",TRUE
0.104859907645169,-0.0398641093421406,0.159,0.179,1,"GPN3","GSE214411","Myeloid",TRUE
0.104930858416616,-1.51150652620336,0.009,0.017,1,"TMPPE","GSE214411","Myeloid",TRUE
0.104930858416616,-1.82109493302748,0.009,0.017,1,"NATD1","GSE214411","Myeloid",TRUE
0.104950097715086,0.297747800254234,0.567,0.566,1,"MOB1A","GSE214411","Myeloid",TRUE
0.104960669721051,-0.124818181683008,0.233,0.253,1,"BLOC1S2","GSE214411","Myeloid",TRUE
0.105034575643801,-1.01378921669259,0.004,0.011,1,"LINC00863","GSE214411","Myeloid",TRUE
0.105106221474455,-1.65629922063086,0.02,0.031,1,"HSPG2","GSE214411","Myeloid",TRUE
0.105153093683157,-0.965763229768936,0.019,0.03,1,"RBAK","GSE214411","Myeloid",TRUE
0.105331116138071,-0.605054475830829,0.04,0.054,1,"MRPS17","GSE214411","Myeloid",TRUE
0.105352287260597,-0.215247329142655,0.087,0.108,1,"CD276","GSE214411","Myeloid",TRUE
0.105368815831088,1.70148902501726,0.056,0.04,1,"CTB-193M12.5","GSE214411","Myeloid",TRUE
0.105382718755673,-0.200909142701816,0.1,0.12,1,"MCM3AP","GSE214411","Myeloid",TRUE
0.105406670190051,0.0404286079333773,0.039,0.053,1,"TSC1","GSE214411","Myeloid",TRUE
0.10544934360699,-0.0269946767559739,0.239,0.264,1,"COL4A3BP","GSE214411","Myeloid",TRUE
0.105509715604404,-1.10077659906329,0.009,0.017,1,"ZRANB3","GSE214411","Myeloid",TRUE
0.105577826929825,1.333246902302,0.004,0.011,1,"C5orf34","GSE214411","Myeloid",TRUE
0.10564553040949,-0.162920638073168,0.183,0.209,1,"VAV1","GSE214411","Myeloid",TRUE
0.105686744218301,-1.3791307064308,0.004,0.011,1,"ASMTL-AS1","GSE214411","Myeloid",TRUE
0.105686744218301,-0.0115429864825751,0.004,0.011,1,"ZNF773","GSE214411","Myeloid",TRUE
0.105741385194515,0.274798351308654,0.124,0.147,1,"CCNL2","GSE214411","Myeloid",TRUE
0.105795750622325,-1.80102819512094,0.004,0.011,1,"EFCAB13","GSE214411","Myeloid",TRUE
0.105795750622325,0.730298203387898,0.004,0.011,1,"RP11-90P13.1","GSE214411","Myeloid",TRUE
0.105855728274169,0.000770987780264756,0.391,0.413,1,"PTPN6","GSE214411","Myeloid",TRUE
0.105924734033731,0.827735332213807,0.009,0.017,1,"KIAA1211L","GSE214411","Myeloid",TRUE
0.105959805208489,-0.300646339087901,0.078,0.097,1,"DDX23","GSE214411","Myeloid",TRUE
0.106132559035503,-0.604909521749489,0.099,0.12,1,"JAZF1","GSE214411","Myeloid",TRUE
0.106156908946658,-0.412350045426882,0.308,0.322,1,"HOOK3","GSE214411","Myeloid",TRUE
0.106202028025339,-1.18230110288795,0.032,0.046,1,"KIFC3","GSE214411","Myeloid",TRUE
0.106223283613225,-0.709652471882308,0.19,0.208,1,"PRPF6","GSE214411","Myeloid",TRUE
0.106233082548369,-0.114036951063674,0.088,0.108,1,"TRAPPC2P1","GSE214411","Myeloid",TRUE
0.106256345064192,-0.133860486126285,0.018,0.029,1,"CSRP2BP","GSE214411","Myeloid",TRUE
0.106268713368374,-1.1426044579976,0.02,0.031,1,"FAM216A","GSE214411","Myeloid",TRUE
0.106338480863608,-0.222440820213063,0.048,0.064,1,"PREPL","GSE214411","Myeloid",TRUE
0.106344701099303,-0.635066605814243,0.039,0.053,1,"GUF1","GSE214411","Myeloid",TRUE
0.106351068442953,0.39624573829025,0.017,0.028,1,"DIAPH3","GSE214411","Myeloid",TRUE
0.106351965230052,-0.991173876307571,0.127,0.144,1,"COPS4","GSE214411","Myeloid",TRUE
0.106451662994324,0.252158446829179,0.004,0.011,1,"ZNF771","GSE214411","Myeloid",TRUE
0.106538858715342,0.0911081450097861,0.087,0.107,1,"TBC1D10B","GSE214411","Myeloid",TRUE
0.106591455367094,-2.30553066095912,0.009,0.017,1,"E2F2","GSE214411","Myeloid",TRUE
0.106705026009279,-0.598553576598178,0.038,0.052,1,"CCDC61","GSE214411","Myeloid",TRUE
0.106732957608428,0.131742172429088,0.043,0.058,1,"METTL2A","GSE214411","Myeloid",TRUE
0.106794788966148,-0.9769016766063,0.025,0.037,1,"DENND5B","GSE214411","Myeloid",TRUE
0.106842331759883,-0.946668185987218,0.009,0.017,1,"RP11-48B3.5","GSE214411","Myeloid",TRUE
0.10689072592108,1.20861087019819,0.004,0.011,1,"TET1","GSE214411","Myeloid",TRUE
0.106928234405535,-0.232979312952037,0.075,0.092,1,"C18orf21","GSE214411","Myeloid",TRUE
0.107053939996768,-0.128958036610754,0.087,0.106,1,"JMJD8","GSE214411","Myeloid",TRUE
0.107153861105449,-0.518023212658135,0.154,0.174,1,"NFYC","GSE214411","Myeloid",TRUE
0.107155394187548,-0.00147252973864087,0.237,0.271,1,"FPR3","GSE214411","Myeloid",TRUE
0.107303987018174,-0.22956259427117,0.024,0.036,1,"EIF4ENIF1","GSE214411","Myeloid",TRUE
0.107429529710413,-0.567605527503298,0.009,0.017,1,"THAP7-AS1","GSE214411","Myeloid",TRUE
0.107503050695437,-0.289743177266976,0.018,0.01,1,"H3F3C","GSE214411","Myeloid",TRUE
0.107541810273185,-0.335836663605549,0.036,0.05,1,"TMOD2","GSE214411","Myeloid",TRUE
0.10762594105961,-0.499875213716559,0.03,0.042,1,"CTD-2544N14.3","GSE214411","Myeloid",TRUE
0.107673223694094,-1.24667567107381,0.023,0.035,1,"PUS10","GSE214411","Myeloid",TRUE
0.107716916832797,2.26029470751752,0.013,0.006,1,"APOBEC3B","GSE214411","Myeloid",TRUE
0.10778920671468,-0.407480396119544,0.188,0.207,1,"RPAIN","GSE214411","Myeloid",TRUE
0.107800915777549,0.204637573805649,0.32,0.281,1,"GLUD1","GSE214411","Myeloid",TRUE
0.107865955960126,-0.255400137818391,0.127,0.147,1,"TMUB2","GSE214411","Myeloid",TRUE
0.10809131960775,-1.35611139352266,0.019,0.03,1,"MAP3K10","GSE214411","Myeloid",TRUE
0.108113396352871,-0.456621195332388,0.035,0.049,1,"CEACAM21","GSE214411","Myeloid",TRUE
0.108233074308134,-0.523194040310329,0.148,0.171,1,"WBP4","GSE214411","Myeloid",TRUE
0.108264688460428,-0.847856210347516,0.029,0.041,1,"CHCHD4","GSE214411","Myeloid",TRUE
0.108397339097134,0.0065443371826488,0.048,0.064,1,"AAGAB","GSE214411","Myeloid",TRUE
0.108423033234885,0.645001479246632,0.196,0.167,1,"BCL10","GSE214411","Myeloid",TRUE
0.108454793471187,0.102497949035473,0.018,0.029,1,"HIST2H2BF","GSE214411","Myeloid",TRUE
0.108461122705726,-0.86078976640953,0.037,0.051,1,"TNFAIP1","GSE214411","Myeloid",TRUE
0.108483712998985,-0.0265955324417533,0.49,0.511,1,"XRCC5","GSE214411","Myeloid",TRUE
0.108500129246183,0.636507323839366,0.166,0.138,1,"C1orf52","GSE214411","Myeloid",TRUE
0.108594448945302,-0.491805796174089,0.031,0.043,1,"TMEM102","GSE214411","Myeloid",TRUE
0.108639382623355,-0.227573661675065,0.021,0.032,1,"C1orf109","GSE214411","Myeloid",TRUE
0.108724809219872,0.148347380446721,0.1,0.077,1,"NEK1","GSE214411","Myeloid",TRUE
0.10882604314319,0.496262091062434,0.261,0.23,1,"STK38L","GSE214411","Myeloid",TRUE
0.108834628997874,-0.390624150223932,0.071,0.089,1,"CEP192","GSE214411","Myeloid",TRUE
0.108854599156015,0.541073763832992,0.451,0.409,1,"PICALM","GSE214411","Myeloid",TRUE
0.109034002876673,2.30827730287374,0.013,0.006,1,"NOV","GSE214411","Myeloid",TRUE
0.109128565691767,1.23459265849806,0.013,0.006,1,"LINC01176","GSE214411","Myeloid",TRUE
0.109148616359838,0.291448793628096,0.021,0.032,1,"AGAP6","GSE214411","Myeloid",TRUE
0.109155060584242,0.513185160339075,0.054,0.038,1,"ZMYND15","GSE214411","Myeloid",TRUE
0.109160343852447,-1.00233913006555,0.037,0.051,1,"E4F1","GSE214411","Myeloid",TRUE
0.109260560483929,-0.248070623284573,0.318,0.335,1,"RBM17","GSE214411","Myeloid",TRUE
0.109317885879718,1.17389310998632,0.013,0.006,1,"FAM110C","GSE214411","Myeloid",TRUE
0.109321361253678,-0.374470089410581,0.137,0.156,1,"MICAL1","GSE214411","Myeloid",TRUE
0.109350028338178,-0.0818231990748706,0.173,0.194,1,"ZNF24","GSE214411","Myeloid",TRUE
0.109376906700941,0.674275454628588,0.009,0.017,1,"SWT1","GSE214411","Myeloid",TRUE
0.109407935751913,1.06454475501264,0.018,0.029,1,"HDHD3","GSE214411","Myeloid",TRUE
0.1094189763334,-0.194928888346861,0.021,0.032,1,"MKL2","GSE214411","Myeloid",TRUE
0.109421953781094,-1.26869104415434,0.024,0.036,1,"SLC27A5","GSE214411","Myeloid",TRUE
0.109427608141795,-0.428233401536928,0.039,0.053,1,"HIST1H1D","GSE214411","Myeloid",TRUE
0.109446257150081,0.136057700139034,0.494,0.533,1,"GPSM3","GSE214411","Myeloid",TRUE
0.109519173424785,1.52529736055714,0.048,0.034,1,"PTPRN2","GSE214411","Myeloid",TRUE
0.109541556195458,0.531224698466489,0.141,0.118,1,"FAM210A","GSE214411","Myeloid",TRUE
0.109597260843295,-0.243583746902434,0.046,0.061,1,"VPS13A","GSE214411","Myeloid",TRUE
0.10960370228634,0.0906446010523512,0.053,0.038,1,"HNRNPA1L2","GSE214411","Myeloid",TRUE
0.10960744995509,-0.338855997548679,0.063,0.079,1,"MBIP","GSE214411","Myeloid",TRUE
0.109670171443772,-0.42154302097511,0.069,0.087,1,"SLC23A2","GSE214411","Myeloid",TRUE
0.109695556424593,0.397951930333451,0.075,0.056,1,"MFN1","GSE214411","Myeloid",TRUE
0.109714956018133,-0.0873819253916785,0.051,0.068,1,"CENPK","GSE214411","Myeloid",TRUE
0.109740560526046,0.312033428438416,0.114,0.136,1,"NELFB","GSE214411","Myeloid",TRUE
0.109832235141292,0.317865706591947,0.135,0.156,1,"CCDC88B","GSE214411","Myeloid",TRUE
0.109949158090377,1.37477157181894,0.021,0.012,1,"CEP70","GSE214411","Myeloid",TRUE
0.110016286840666,-0.522446368101844,0.045,0.06,1,"ZNF639","GSE214411","Myeloid",TRUE
0.110070387621836,-0.989495247204318,0.033,0.047,1,"LINC00324","GSE214411","Myeloid",TRUE
0.110132247184169,-0.676321944615695,0.031,0.044,1,"RRAGB","GSE214411","Myeloid",TRUE
0.110139873430876,-0.533431001704917,0.065,0.082,1,"SLC35A1","GSE214411","Myeloid",TRUE
0.110142885940251,1.28397438887384,0.074,0.056,1,"KLHL21","GSE214411","Myeloid",TRUE
0.110215426997084,-0.715187803377312,0.035,0.049,1,"FAM215B","GSE214411","Myeloid",TRUE
0.110236324643338,-0.279689496350163,0.022,0.033,1,"PPM1H","GSE214411","Myeloid",TRUE
0.110365973806676,-1.14298681585104,0.033,0.047,1,"ZNF496","GSE214411","Myeloid",TRUE
0.110554804326641,1.44878467586793,0.013,0.006,1,"PELI3","GSE214411","Myeloid",TRUE
0.11063326420591,1.7324602511667,0.003,0,1,"PLEKHN1","GSE214411","Myeloid",TRUE
0.11063326420591,1.54507257001292,0.003,0,1,"RP11-465B22.8","GSE214411","Myeloid",TRUE
0.11063326420591,1.48154816377124,0.003,0,1,"RP1-224A6.3","GSE214411","Myeloid",TRUE
0.11063326420591,2.68123605049501,0.003,0,1,"NCMAP","GSE214411","Myeloid",TRUE
0.11063326420591,1.40811952535569,0.003,0,1,"RP5-968P14.2","GSE214411","Myeloid",TRUE
0.11063326420591,1.27836310539207,0.003,0,1,"MATN1","GSE214411","Myeloid",TRUE
0.11063326420591,3.41996634915437,0.003,0,1,"VTCN1","GSE214411","Myeloid",TRUE
0.11063326420591,2.08562918830896,0.003,0,1,"RP11-277B15.3","GSE214411","Myeloid",TRUE
0.11063326420591,1.85991072619061,0.003,0,1,"RP3-455J7.4","GSE214411","Myeloid",TRUE
0.11063326420591,3.8330920138712,0.003,0,1,"MFSD4","GSE214411","Myeloid",TRUE
0.11063326420591,4.02225756645538,0.003,0,1,"RP11-357P18.2","GSE214411","Myeloid",TRUE
0.11063326420591,1.46803313309265,0.003,0,1,"CAPN8","GSE214411","Myeloid",TRUE
0.11063326420591,4.23386994743076,0.003,0,1,"WNT9A","GSE214411","Myeloid",TRUE
0.11063326420591,4.68093813298626,0.003,0,1,"RP11-443B7.2","GSE214411","Myeloid",TRUE
0.11063326420591,1.96059932053834,0.003,0,1,"RP11-557N21.1","GSE214411","Myeloid",TRUE
0.11063326420591,4.2465378523103,0.003,0,1,"EHD3","GSE214411","Myeloid",TRUE
0.11063326420591,1.37784391189342,0.003,0,1,"AC007386.4","GSE214411","Myeloid",TRUE
0.11063326420591,3.83446637605492,0.003,0,1,"CFAP221","GSE214411","Myeloid",TRUE
0.11063326420591,1.48485559561355,0.003,0,1,"AC097721.2","GSE214411","Myeloid",TRUE
0.11063326420591,4.08461312098438,0.003,0,1,"AC009495.2","GSE214411","Myeloid",TRUE
0.11063326420591,1.17141146623942,0.003,0,1,"AC093382.1","GSE214411","Myeloid",TRUE
0.11063326420591,1.29110919824673,0.003,0,1,"AC114730.5","GSE214411","Myeloid",TRUE
0.11063326420591,2.96487717504724,0.003,0,1,"LTF","GSE214411","Myeloid",TRUE
0.11063326420591,1.89135028095028,0.003,0,1,"TRAT1","GSE214411","Myeloid",TRUE
0.11063326420591,3.92100927568899,0.003,0,1,"C3orf52","GSE214411","Myeloid",TRUE
0.11063326420591,1.11181487142306,0.003,0,1,"LINC00881","GSE214411","Myeloid",TRUE
0.11063326420591,1.40895411040173,0.003,0,1,"KCNIP4","GSE214411","Myeloid",TRUE
0.11063326420591,0.910834156323029,0.003,0,1,"RP11-679C8.2","GSE214411","Myeloid",TRUE
0.11063326420591,1.26802274699504,0.003,0,1,"FAM160A1","GSE214411","Myeloid",TRUE
0.11063326420591,2.72030491550965,0.003,0,1,"ADAMTS12","GSE214411","Myeloid",TRUE
0.11063326420591,3.39121942743081,0.003,0,1,"CDC20B","GSE214411","Myeloid",TRUE
0.11063326420591,4.24574667759538,0.003,0,1,"LINC01336","GSE214411","Myeloid",TRUE
0.11063326420591,4.21706548485279,0.003,0,1,"LINC01366","GSE214411","Myeloid",TRUE
0.11063326420591,2.00093865323539,0.003,0,1,"STC2","GSE214411","Myeloid",TRUE
0.11063326420591,3.49045776044619,0.003,0,1,"FAM153B","GSE214411","Myeloid",TRUE
0.11063326420591,4.40165934696614,0.003,0,1,"IL17A","GSE214411","Myeloid",TRUE
0.11063326420591,1.54569780883038,0.003,0,1,"SRSF12","GSE214411","Myeloid",TRUE
0.11063326420591,3.43744242766385,0.003,0,1,"ALDH8A1","GSE214411","Myeloid",TRUE
0.11063326420591,2.20905099020145,0.003,0,1,"RAET1E-AS1","GSE214411","Myeloid",TRUE
0.11063326420591,2.65181584111168,0.003,0,1,"FKBP6","GSE214411","Myeloid",TRUE
0.11063326420591,1.25232432552162,0.003,0,1,"AC007566.10","GSE214411","Myeloid",TRUE
0.11063326420591,1.80036744364653,0.003,0,1,"AC015987.1","GSE214411","Myeloid",TRUE
0.11063326420591,1.85542893380301,0.003,0,1,"OR2A1-AS1","GSE214411","Myeloid",TRUE
0.11063326420591,4.10497292712962,0.003,0,1,"XG","GSE214411","Myeloid",TRUE
0.11063326420591,3.35261065267539,0.003,0,1,"INE2","GSE214411","Myeloid",TRUE
0.11063326420591,4.71166340993111,0.003,0,1,"ADGRG2","GSE214411","Myeloid",TRUE
0.11063326420591,3.93996555576889,0.003,0,1,"CAPN6","GSE214411","Myeloid",TRUE
0.11063326420591,1.33101597903215,0.003,0,1,"GABRQ","GSE214411","Myeloid",TRUE
0.11063326420591,4.21708661396376,0.003,0,1,"RP11-350N15.6","GSE214411","Myeloid",TRUE
0.11063326420591,4.37641774516347,0.003,0,1,"EPB41L4B","GSE214411","Myeloid",TRUE
0.11063326420591,1.62818340724701,0.003,0,1,"RP11-247A12.7","GSE214411","Myeloid",TRUE
0.11063326420591,1.57736936131808,0.003,0,1,"TPH1","GSE214411","Myeloid",TRUE
0.11063326420591,4.1692723182483,0.003,0,1,"CHST1","GSE214411","Myeloid",TRUE
0.11063326420591,3.56994513875228,0.003,0,1,"PITRM1-AS1","GSE214411","Myeloid",TRUE
0.11063326420591,1.54598464426522,0.003,0,1,"CUBN","GSE214411","Myeloid",TRUE
0.11063326420591,1.41130198323028,0.003,0,1,"STAM-AS1","GSE214411","Myeloid",TRUE
0.11063326420591,1.89911110112681,0.003,0,1,"LINC00202-1","GSE214411","Myeloid",TRUE
0.11063326420591,3.81650934598248,0.003,0,1,"ADAMTS14","GSE214411","Myeloid",TRUE
0.11063326420591,1.93298969070782,0.003,0,1,"RP11-585P4.5","GSE214411","Myeloid",TRUE
0.11063326420591,2.67141690418433,0.003,0,1,"POC1B-GALNT4","GSE214411","Myeloid",TRUE
0.11063326420591,2.6643459253274,0.003,0,1,"RP11-567C2.1","GSE214411","Myeloid",TRUE
0.11063326420591,1.57611232710933,0.003,0,1,"MSI1","GSE214411","Myeloid",TRUE
0.11063326420591,3.15556068078155,0.003,0,1,"TMEM132B","GSE214411","Myeloid",TRUE
0.11063326420591,1.21097627851679,0.003,0,1,"GPC5","GSE214411","Myeloid",TRUE
0.11063326420591,3.91714701990939,0.003,0,1,"CTD-2547L24.4","GSE214411","Myeloid",TRUE
0.11063326420591,3.03646070953009,0.003,0,1,"RP11-932O9.7","GSE214411","Myeloid",TRUE
0.11063326420591,3.78296733795592,0.003,0,1,"GREM1","GSE214411","Myeloid",TRUE
0.11063326420591,1.42599763768055,0.003,0,1,"ITPKA","GSE214411","Myeloid",TRUE
0.11063326420591,1.91053759939577,0.003,0,1,"PLA2G4B","GSE214411","Myeloid",TRUE
0.11063326420591,2.84681267518841,0.003,0,1,"RP11-323F24.3","GSE214411","Myeloid",TRUE
0.11063326420591,5.58569391233948,0.003,0,1,"RP11-424I19.2","GSE214411","Myeloid",TRUE
0.11063326420591,2.06226325398505,0.003,0,1,"HS3ST6","GSE214411","Myeloid",TRUE
0.11063326420591,2.37790165884035,0.003,0,1,"RP11-426C22.4","GSE214411","Myeloid",TRUE
0.11063326420591,1.33469800622271,0.003,0,1,"PYDC1","GSE214411","Myeloid",TRUE
0.11063326420591,4.06342016108953,0.003,0,1,"TOX3","GSE214411","Myeloid",TRUE
0.11063326420591,1.75246024685051,0.003,0,1,"CTD-2600O9.1","GSE214411","Myeloid",TRUE
0.11063326420591,2.77666998050519,0.003,0,1,"CDH16","GSE214411","Myeloid",TRUE
0.11063326420591,1.79169526047172,0.003,0,1,"AGRP","GSE214411","Myeloid",TRUE
0.11063326420591,1.9637443503967,0.003,0,1,"HAS3","GSE214411","Myeloid",TRUE
0.11063326420591,1.75465316636453,0.003,0,1,"RP5-1142A6.9","GSE214411","Myeloid",TRUE
0.11063326420591,1.65842473699621,0.003,0,1,"CTD-2555A7.2","GSE214411","Myeloid",TRUE
0.11063326420591,4.26396495568589,0.003,0,1,"RP11-85B7.5","GSE214411","Myeloid",TRUE
0.11063326420591,1.31013616129015,0.003,0,1,"RP11-848P1.4","GSE214411","Myeloid",TRUE
0.11063326420591,1.68675144061824,0.003,0,1,"CCL7","GSE214411","Myeloid",TRUE
0.11063326420591,2.4788612446556,0.003,0,1,"RP11-799D4.4","GSE214411","Myeloid",TRUE
0.11063326420591,3.25564649670267,0.003,0,1,"ITGB3","GSE214411","Myeloid",TRUE
0.11063326420591,1.48874535445426,0.003,0,1,"AXIN2","GSE214411","Myeloid",TRUE
0.11063326420591,4.49403350940751,0.003,0,1,"ABCA8","GSE214411","Myeloid",TRUE
0.11063326420591,3.40974637383483,0.003,0,1,"RP13-516M14.2","GSE214411","Myeloid",TRUE
0.11063326420591,1.71745437054413,0.003,0,1,"RP11-621L6.3","GSE214411","Myeloid",TRUE
0.11063326420591,2.55568453677732,0.003,0,1,"CCDC68","GSE214411","Myeloid",TRUE
0.11063326420591,1.71001251729572,0.003,0,1,"RP5-1068E13.7","GSE214411","Myeloid",TRUE
0.11063326420591,1.49157252151645,0.003,0,1,"ABALON","GSE214411","Myeloid",TRUE
0.11063326420591,3.02017589191165,0.003,0,1,"RP4-569M23.5","GSE214411","Myeloid",TRUE
0.11063326420591,1.79464693103578,0.003,0,1,"SALL4","GSE214411","Myeloid",TRUE
0.11063326420591,2.65744333778204,0.003,0,1,"ZNF556","GSE214411","Myeloid",TRUE
0.11063326420591,3.88728984872784,0.003,0,1,"FSD1","GSE214411","Myeloid",TRUE
0.11063326420591,1.254369077245,0.003,0,1,"AC005523.3","GSE214411","Myeloid",TRUE
0.11063326420591,2.32666048202405,0.003,0,1,"LINC01531","GSE214411","Myeloid",TRUE
0.11063326420591,3.83319342819583,0.003,0,1,"GRIK5","GSE214411","Myeloid",TRUE
0.11063326420591,4.25021387410127,0.003,0,1,"CTC-490G23.2","GSE214411","Myeloid",TRUE
0.11063326420591,4.59230758915503,0.003,0,1,"KIR2DL3","GSE214411","Myeloid",TRUE
0.11063326420591,2.58475082474114,0.003,0,1,"TNNI3","GSE214411","Myeloid",TRUE
0.11063326420591,1.49221511036952,0.003,0,1,"ADORA2A","GSE214411","Myeloid",TRUE
0.11063326420591,1.84370666121863,0.003,0,1,"GAL3ST1","GSE214411","Myeloid",TRUE
0.11063326420591,1.87358582113204,0.003,0,1,"PHF21B","GSE214411","Myeloid",TRUE
0.11063326420591,2.10231745296672,0.003,0,1,"CITF22-49E9.3","GSE214411","Myeloid",TRUE
0.11063326420591,1.42452821693661,0.003,0,1,"AP001046.6","GSE214411","Myeloid",TRUE
0.11063326420591,1.49806675475502,0.003,0,1,"AP001059.5","GSE214411","Myeloid",TRUE
0.11063326420591,3.21880833444204,0.003,0,1,"AC016735.2","GSE214411","Myeloid",TRUE
0.11063326420591,1.24673176870565,0.003,0,1,"MMP13","GSE214411","Myeloid",TRUE
0.11063326420591,1.20472648740057,0.003,0,1,"RP11-343J3.2","GSE214411","Myeloid",TRUE
0.11063326420591,1.87974914053999,0.003,0,1,"RP11-10J5.1","GSE214411","Myeloid",TRUE
0.11063326420591,1.38120582087669,0.003,0,1,"RP11-863P13.2","GSE214411","Myeloid",TRUE
0.11063326420591,2.07320804436588,0.003,0,1,"CLLU1OS","GSE214411","Myeloid",TRUE
0.11065167272099,-0.0576209477574273,0.318,0.333,1,"U2SURP","GSE214411","Myeloid",TRUE
0.110841810877971,1.08903023570929,0.013,0.006,1,"RP3-329A5.8","GSE214411","Myeloid",TRUE
0.111000790906946,0.0715881009450549,0.408,0.433,1,"PSMB4","GSE214411","Myeloid",TRUE
0.111140257685696,-0.979242548988599,0.065,0.082,1,"NIT1","GSE214411","Myeloid",TRUE
0.111152327785541,-0.630633974528968,0.03,0.042,1,"RPAP1","GSE214411","Myeloid",TRUE
0.111179221869311,0.103223427250723,0.091,0.111,1,"PTAR1","GSE214411","Myeloid",TRUE
0.111252230682175,-0.115680798487046,0.344,0.368,1,"RSL1D1","GSE214411","Myeloid",TRUE
0.111306123633738,0.966194105605619,0.021,0.012,1,"FHL1","GSE214411","Myeloid",TRUE
0.111353438800247,-0.68613199907996,0.01,0.018,1,"SPC24","GSE214411","Myeloid",TRUE
0.111393095019226,0.101414268003465,0.135,0.155,1,"KIAA2026","GSE214411","Myeloid",TRUE
0.111520643887892,-0.139150014517439,0.036,0.05,1,"SMYD3","GSE214411","Myeloid",TRUE
0.111542073670897,0.0874766315782414,0.061,0.079,1,"ACAD9","GSE214411","Myeloid",TRUE
0.111561728603647,0.32529843972135,0.028,0.04,1,"POLI","GSE214411","Myeloid",TRUE
0.111573038602292,0.536068793768355,0.047,0.062,1,"C11orf68","GSE214411","Myeloid",TRUE
0.111609459164307,0.512563006789386,0.021,0.012,1,"HYAL3","GSE214411","Myeloid",TRUE
0.111637401383744,-0.064789535063857,0.092,0.112,1,"TAZ","GSE214411","Myeloid",TRUE
0.111659050345786,0.0944795827067959,0.166,0.186,1,"NPEPPS","GSE214411","Myeloid",TRUE
0.111792113665202,-0.61116977424476,0.023,0.035,1,"MND1","GSE214411","Myeloid",TRUE
0.111869550851115,-0.247109940448863,0.141,0.16,1,"CPSF3L","GSE214411","Myeloid",TRUE
0.111938312994784,-1.30926317195773,0.01,0.018,1,"ERP27","GSE214411","Myeloid",TRUE
0.111965283079324,-0.353777326532327,0.028,0.04,1,"RHBDD3","GSE214411","Myeloid",TRUE
0.112054204520801,-0.636770886541948,0.181,0.2,1,"SREK1IP1","GSE214411","Myeloid",TRUE
0.112077651345827,1.06210379942665,0.112,0.091,1,"NLRP1","GSE214411","Myeloid",TRUE
0.112171418896911,0.615453031260325,0.062,0.046,1,"WDR47","GSE214411","Myeloid",TRUE
0.112314200638196,-0.0937227244578058,0.205,0.224,1,"PDS5A","GSE214411","Myeloid",TRUE
0.112369990665971,-0.00909005792830442,0.028,0.04,1,"DHRS9","GSE214411","Myeloid",TRUE
0.112487110537901,-0.354596105875832,0.136,0.158,1,"TRMT1","GSE214411","Myeloid",TRUE
0.112659483334697,1.03888248210958,0.083,0.064,1,"MAPKAPK5","GSE214411","Myeloid",TRUE
0.112681474406506,-0.273036087744409,0.029,0.041,1,"SOCS5","GSE214411","Myeloid",TRUE
0.112761614987368,-1.80498994007357,0.011,0.019,1,"ZNF34","GSE214411","Myeloid",TRUE
0.112803752943148,-0.387603306981319,0.026,0.038,1,"METTL25","GSE214411","Myeloid",TRUE
0.112810214798214,-1.26302163045686,0.059,0.075,1,"DCAF15","GSE214411","Myeloid",TRUE
0.112839060411878,-0.0528752023477598,0.241,0.264,1,"POLR2K","GSE214411","Myeloid",TRUE
0.112877892606067,-0.472166130683882,0.16,0.18,1,"KMT5A","GSE214411","Myeloid",TRUE
0.112882806722242,-0.108210339492306,0.262,0.286,1,"THOC2","GSE214411","Myeloid",TRUE
0.112890094293431,-0.485786533775791,0.092,0.11,1,"FTSJ2","GSE214411","Myeloid",TRUE
0.112909786881578,-1.02357827480861,0.023,0.014,1,"ZBTB11-AS1","GSE214411","Myeloid",TRUE
0.112924321184872,0.599797228228946,0.088,0.068,1,"PCGF3","GSE214411","Myeloid",TRUE
0.112946589161181,0.341098297366819,0.01,0.018,1,"ZNF836","GSE214411","Myeloid",TRUE
0.11296602602655,0.156890579280478,0.049,0.065,1,"RNF121","GSE214411","Myeloid",TRUE
0.112971651965399,-0.201950319179286,0.068,0.051,1,"MICAL2","GSE214411","Myeloid",TRUE
0.113078631259189,0.402118606595351,0.026,0.016,1,"HPGD","GSE214411","Myeloid",TRUE
0.113104345118919,0.213899888527489,0.225,0.247,1,"CHMP3","GSE214411","Myeloid",TRUE
0.113110323868441,0.0467879933230004,0.074,0.092,1,"LTBP3","GSE214411","Myeloid",TRUE
0.113115328892608,-0.142456695647603,0.01,0.018,1,"FAM86C1","GSE214411","Myeloid",TRUE
0.113130049572687,0.392949806074714,0.201,0.227,1,"AFTPH","GSE214411","Myeloid",TRUE
0.113173986527941,-0.586301127994348,0.03,0.042,1,"ECE2","GSE214411","Myeloid",TRUE
0.113178936600068,-1.49779513600542,0.024,0.036,1,"CTB-55O6.12","GSE214411","Myeloid",TRUE
0.11327721573938,-0.0977721366928317,0.041,0.056,1,"METTL1","GSE214411","Myeloid",TRUE
0.113481638263843,-0.480989340200342,0.022,0.033,1,"ALKBH4","GSE214411","Myeloid",TRUE
0.113500435065796,-0.526569212289751,0.038,0.052,1,"POFUT1","GSE214411","Myeloid",TRUE
0.113599365797779,0.729257261343646,0.511,0.475,1,"ANP32A","GSE214411","Myeloid",TRUE
0.113919161722291,-0.341432781831721,0.032,0.046,1,"MTERF3","GSE214411","Myeloid",TRUE
0.113988790195342,0.654418992346676,0.035,0.023,1,"TRH","GSE214411","Myeloid",TRUE
0.114041367984469,-0.0377740590605504,0.036,0.05,1,"SMYD2","GSE214411","Myeloid",TRUE
0.114061065057884,-0.780101172611567,0.027,0.039,1,"ZNF611","GSE214411","Myeloid",TRUE
0.11415379319772,0.7799375520391,0.073,0.055,1,"STK32C","GSE214411","Myeloid",TRUE
0.114257361366635,-0.264093319294663,0.067,0.085,1,"TMCC1","GSE214411","Myeloid",TRUE
0.114300419648768,0.801421192137168,0.026,0.016,1,"RP11-175O19.4","GSE214411","Myeloid",TRUE
0.11431651010079,-2.30403470892725,0.011,0.019,1,"FAM24B","GSE214411","Myeloid",TRUE
0.114327861401036,-0.0742738956209972,0.099,0.077,1,"CTDP1","GSE214411","Myeloid",TRUE
0.114433122366792,-0.690583245482841,0.036,0.05,1,"MCEE","GSE214411","Myeloid",TRUE
0.114535443764433,0.627103153926724,0.164,0.137,1,"DPH3","GSE214411","Myeloid",TRUE
0.114539264122807,0.0604215572011383,0.327,0.347,1,"TMED2","GSE214411","Myeloid",TRUE
0.114670256853349,-0.147398074766568,0.071,0.09,1,"KIF1BP","GSE214411","Myeloid",TRUE
0.11468698300817,0.155801291579284,0.181,0.15,1,"ZFAND3","GSE214411","Myeloid",TRUE
0.114816901675676,0.0661992398211293,0.042,0.057,1,"DUSP18","GSE214411","Myeloid",TRUE
0.114893602111774,-0.702238294275625,0.011,0.019,1,"CCDC85C","GSE214411","Myeloid",TRUE
0.114905239774761,-0.417675808165367,0.277,0.29,1,"ZNF385A","GSE214411","Myeloid",TRUE
0.114982853200207,-0.345323525043466,0.121,0.141,1,"PHTF2","GSE214411","Myeloid",TRUE
0.115077814108456,-0.372477424336552,0.046,0.06,1,"PKD2","GSE214411","Myeloid",TRUE
0.115127690147125,-0.446161187037188,0.061,0.077,1,"MYCL","GSE214411","Myeloid",TRUE
0.115219807936044,-0.524261015165081,0.036,0.05,1,"KLHL20","GSE214411","Myeloid",TRUE
0.115377202929031,-0.395401979926357,0.029,0.041,1,"MYO1D","GSE214411","Myeloid",TRUE
0.1153782912273,-0.200025018354508,0.031,0.02,1,"ALPK3","GSE214411","Myeloid",TRUE
0.115380999058083,-0.632810397978391,0.075,0.092,1,"SART3","GSE214411","Myeloid",TRUE
0.115390519350571,0.503714973103025,0.45,0.443,1,"SERPINA1","GSE214411","Myeloid",TRUE
0.115396546219597,0.335422728777694,0.041,0.056,1,"B3GNT7","GSE214411","Myeloid",TRUE
0.115448257620995,-0.158860429195434,0.192,0.214,1,"NUDT21","GSE214411","Myeloid",TRUE
0.11551139234795,0.0628525749113553,0.023,0.014,1,"SEMA3B","GSE214411","Myeloid",TRUE
0.115590199892255,1.09569362232127,0.038,0.025,1,"CLEC4D","GSE214411","Myeloid",TRUE
0.115610493318381,0.0884611465221341,0.047,0.062,1,"SLC45A4","GSE214411","Myeloid",TRUE
0.115723919448808,-1.5317699592511,0.005,0.012,1,"RP11-693J15.5","GSE214411","Myeloid",TRUE
0.115738945889802,0.684613472905174,0.026,0.016,1,"RP11-802E16.3","GSE214411","Myeloid",TRUE
0.11576640703333,-0.305392060621997,0.093,0.113,1,"VPS72","GSE214411","Myeloid",TRUE
0.115793077689832,-0.196907859537191,0.061,0.078,1,"SFR1","GSE214411","Myeloid",TRUE
0.115803345657704,0.709522612354016,0.023,0.014,1,"FBLN2","GSE214411","Myeloid",TRUE
0.115805088596925,-0.0401033408994564,0.011,0.019,1,"LRP2BP","GSE214411","Myeloid",TRUE
0.115805088596925,-1.03219208023828,0.011,0.019,1,"HSF4","GSE214411","Myeloid",TRUE
0.115812608541327,0.373805468581777,0.036,0.05,1,"CDC14A","GSE214411","Myeloid",TRUE
0.115857209653671,-0.572061743582421,0.034,0.048,1,"KCTD18","GSE214411","Myeloid",TRUE
0.116025701134777,0.0609040577941813,0.038,0.052,1,"EGFL7","GSE214411","Myeloid",TRUE
0.116038840230371,0.723591321076298,0.1,0.079,1,"MLH1","GSE214411","Myeloid",TRUE
0.116055592447787,0.188488121323499,0.037,0.051,1,"PIGN","GSE214411","Myeloid",TRUE
0.116066280390707,-0.178985929565564,0.101,0.122,1,"MITF","GSE214411","Myeloid",TRUE
0.116158207855419,-0.0203458596185057,0.374,0.418,1,"TNFAIP8","GSE214411","Myeloid",TRUE
0.116290342526747,-0.612310468525548,0.077,0.095,1,"PIAS2","GSE214411","Myeloid",TRUE
0.11638544939011,-1.8734599244994,0.005,0.012,1,"RP11-480C22.1","GSE214411","Myeloid",TRUE
0.116402374948471,-0.319389902262444,0.094,0.114,1,"RBM28","GSE214411","Myeloid",TRUE
0.116464053567451,-0.910239903279753,0.035,0.049,1,"SLC12A5","GSE214411","Myeloid",TRUE
0.116476568983457,-0.186227227392652,0.031,0.044,1,"TEX10","GSE214411","Myeloid",TRUE
0.116495992661049,-2.32889294867657,0.005,0.012,1,"BRICD5","GSE214411","Myeloid",TRUE
0.116706321651712,0.29971289545536,0.042,0.057,1,"RBMS2","GSE214411","Myeloid",TRUE
0.116840381603304,-0.219530426241564,0.212,0.229,1,"MKKS","GSE214411","Myeloid",TRUE
0.116898951764522,-0.00891216185026922,0.031,0.044,1,"TSHZ3","GSE214411","Myeloid",TRUE
0.116973945901596,-0.164009969332827,0.092,0.11,1,"SRSF8","GSE214411","Myeloid",TRUE
0.116978168675007,0.15568373850175,0.471,0.499,1,"EIF4A1","GSE214411","Myeloid",TRUE
0.117049946697074,-2.36581886981604,0.005,0.012,1,"APOLD1","GSE214411","Myeloid",TRUE
0.117080494135609,-0.837384586527281,0.033,0.047,1,"ACAD8","GSE214411","Myeloid",TRUE
0.117160985296113,-1.28651819434405,0.005,0.012,1,"GRIN2D","GSE214411","Myeloid",TRUE
0.117166411436653,0.433627995849914,0.044,0.031,1,"RP11-231C14.7","GSE214411","Myeloid",TRUE
0.117224918278842,-2.04465790498045,0.011,0.019,1,"ZKSCAN5","GSE214411","Myeloid",TRUE
0.117272106577572,-1.14994862247615,0.005,0.012,1,"RP11-582J16.5","GSE214411","Myeloid",TRUE
0.117362436832008,-0.108557788845032,0.022,0.033,1,"GTF2IRD2","GSE214411","Myeloid",TRUE
0.117376676670637,-0.324714107797088,0.163,0.182,1,"ZNF787","GSE214411","Myeloid",TRUE
0.11744516097056,0.0572340253343567,0.403,0.426,1,"SEPT2","GSE214411","Myeloid",TRUE
0.117451978536159,-0.508704727695828,0.024,0.036,1,"FOXM1","GSE214411","Myeloid",TRUE
0.117638127336356,0.639349277092573,0.299,0.271,1,"LPCAT1","GSE214411","Myeloid",TRUE
0.117641585278279,0.139958244258835,0.074,0.056,1,"FTSJ1","GSE214411","Myeloid",TRUE
0.117683211133899,0.390681268108584,0.314,0.278,1,"ELOVL5","GSE214411","Myeloid",TRUE
0.117778264952422,0.560387299583876,0.28,0.247,1,"KRAS","GSE214411","Myeloid",TRUE
0.117795520002904,0.608124308286239,0.253,0.224,1,"STK24","GSE214411","Myeloid",TRUE
0.11782895449723,-1.94513696064939,0.005,0.012,1,"NEURL2","GSE214411","Myeloid",TRUE
0.117895631482967,0.489763557122879,0.145,0.12,1,"RBM14","GSE214411","Myeloid",TRUE
0.117902275441902,-0.0849627391404395,0.8,0.905,1,"RPS15A","GSE214411","Myeloid",TRUE
0.117916067526546,0.911966996108069,0.089,0.07,1,"CDK17","GSE214411","Myeloid",TRUE
0.117933746026047,-0.646929688946329,0.062,0.078,1,"MADD","GSE214411","Myeloid",TRUE
0.117940572638702,-2.20182541324326,0.005,0.012,1,"RP11-333E1.1","GSE214411","Myeloid",TRUE
0.117941001221416,-0.710682967766347,0.022,0.034,1,"BLM","GSE214411","Myeloid",TRUE
0.118099839352415,-0.688960341487757,0.049,0.065,1,"ADGRG6","GSE214411","Myeloid",TRUE
0.118110893535792,-0.112991684442212,0.102,0.122,1,"PGRMC2","GSE214411","Myeloid",TRUE
0.118209562719947,-0.0984537689020732,0.084,0.065,1,"JHDM1D-AS1","GSE214411","Myeloid",TRUE
0.118223573881023,-0.111896634846098,0.027,0.039,1,"C2CD2","GSE214411","Myeloid",TRUE
0.118238059220693,0.706550704504206,0.026,0.016,1,"CXCR3","GSE214411","Myeloid",TRUE
0.118387874943397,-0.931480276552885,0.005,0.012,1,"EFCAB7","GSE214411","Myeloid",TRUE
0.118505948112684,-0.229191351119237,0.023,0.035,1,"GEN1","GSE214411","Myeloid",TRUE
0.118516795889742,-0.587429747558816,0.055,0.071,1,"PPIL2","GSE214411","Myeloid",TRUE
0.118550520632579,-0.675553437246771,0.062,0.078,1,"DHDDS","GSE214411","Myeloid",TRUE
0.118594608037675,-0.0573027891090951,0.145,0.165,1,"STIM2","GSE214411","Myeloid",TRUE
0.118605912431012,0.666426676426877,0.023,0.014,1,"CD22","GSE214411","Myeloid",TRUE
0.118670418029409,0.93129925372518,0.038,0.025,1,"GYS1","GSE214411","Myeloid",TRUE
0.118839059333944,-1.14054996550237,0.071,0.088,1,"NETO2","GSE214411","Myeloid",TRUE
0.118948872464388,0.114586979659743,0.005,0.012,1,"OSCP1","GSE214411","Myeloid",TRUE
0.118998687843838,-0.402159087680721,0.242,0.26,1,"PLXNB2","GSE214411","Myeloid",TRUE
0.119035535848627,-0.303947611719921,0.076,0.094,1,"C9orf85","GSE214411","Myeloid",TRUE
0.11908319674769,0.54869773590654,0.136,0.16,1,"NCOA2","GSE214411","Myeloid",TRUE
0.119139048185643,0.444289814511369,0.573,0.571,1,"FKBP1A","GSE214411","Myeloid",TRUE
0.119214491232709,-0.148787146617635,0.181,0.2,1,"ARHGAP5","GSE214411","Myeloid",TRUE
0.119274240487974,-0.237075234313875,0.088,0.106,1,"U2AF1L4","GSE214411","Myeloid",TRUE
0.119302142004187,0.58197680999606,0.054,0.039,1,"FCAR","GSE214411","Myeloid",TRUE
0.119332497782216,-0.413386361338908,0.049,0.065,1,"MUS81","GSE214411","Myeloid",TRUE
0.119369600201027,0.0305737443340314,0.464,0.5,1,"ATG3","GSE214411","Myeloid",TRUE
0.119470844757072,0.212713501549356,0.216,0.239,1,"MKRN1","GSE214411","Myeloid",TRUE
0.119718629849748,1.86286470053269,0.016,0.008,1,"MEIKIN","GSE214411","Myeloid",TRUE
0.11995044779162,-0.119139842984617,0.112,0.131,1,"SUCO","GSE214411","Myeloid",TRUE
0.120014518684761,-0.373228300603905,0.012,0.02,1,"TRIM16","GSE214411","Myeloid",TRUE
0.120132346473087,1.4096108453674,0.128,0.106,1,"HCG18","GSE214411","Myeloid",TRUE
0.120306138097943,-0.499191223628846,0.095,0.114,1,"ALDH3A2","GSE214411","Myeloid",TRUE
0.120313289634167,-0.419736019856795,0.11,0.129,1,"ZDHHC5","GSE214411","Myeloid",TRUE
0.120343577280723,0.353051411932921,0.249,0.274,1,"HELZ","GSE214411","Myeloid",TRUE
0.120360859020006,1.04901586243777,0.016,0.008,1,"CTD-3088G3.8","GSE214411","Myeloid",TRUE
0.120795567530631,-0.499641655429306,0.051,0.067,1,"TMEM184C","GSE214411","Myeloid",TRUE
0.120842978625389,0.813623920575006,0.039,0.026,1,"LAMP3","GSE214411","Myeloid",TRUE
0.120864771915435,-0.500069208022702,0.084,0.103,1,"CKAP5","GSE214411","Myeloid",TRUE
0.12090011127592,-0.205166175795425,0.092,0.112,1,"MTSS1","GSE214411","Myeloid",TRUE
0.120942806521797,-0.194181035999354,0.248,0.273,1,"IFNAR2","GSE214411","Myeloid",TRUE
0.120961232778641,-0.0919999734863706,0.692,0.827,1,"YBX1","GSE214411","Myeloid",TRUE
0.12098895129045,-0.396815872055351,0.05,0.066,1,"KLHDC4","GSE214411","Myeloid",TRUE
0.121130014337047,-0.0297668243561597,0.494,0.548,1,"CIB1","GSE214411","Myeloid",TRUE
0.121292014572131,1.44412966513337,0.046,0.033,1,"SLC44A2","GSE214411","Myeloid",TRUE
0.121345174367827,-1.21191812820815,0.012,0.02,1,"RAB38","GSE214411","Myeloid",TRUE
0.121463678907922,1.40521792372238,0.012,0.005,1,"KIAA1217","GSE214411","Myeloid",TRUE
0.12147666703788,-0.181279592372885,0.184,0.203,1,"PPP6R1","GSE214411","Myeloid",TRUE
0.121480175277066,-0.0812420930642777,0.011,0.019,1,"ZNF211","GSE214411","Myeloid",TRUE
0.121506998995264,-0.157913513287424,0.155,0.129,1,"NDUFAF2","GSE214411","Myeloid",TRUE
0.121649363527935,-0.22355325617397,0.087,0.106,1,"SIN3B","GSE214411","Myeloid",TRUE
0.121650809624778,0.20873525344226,0.331,0.293,1,"IDI1","GSE214411","Myeloid",TRUE
0.121652865710925,0.842616511906986,0.011,0.019,1,"AP1M2","GSE214411","Myeloid",TRUE
0.121736023276541,2.00843814428225,0.027,0.017,1,"FXYD3","GSE214411","Myeloid",TRUE
0.121746144448415,1.02520944180631,0.016,0.008,1,"SLC4A3","GSE214411","Myeloid",TRUE
0.121876925379749,-0.510818239814645,0.198,0.215,1,"RNF10","GSE214411","Myeloid",TRUE
0.121885459204117,0.395817122238903,0.325,0.29,1,"TRA2A","GSE214411","Myeloid",TRUE
0.121913563774452,-0.591829444552651,0.064,0.081,1,"C17orf49","GSE214411","Myeloid",TRUE
0.122071704021213,-1.05431935692068,0.013,0.021,1,"WDR19","GSE214411","Myeloid",TRUE
0.122105826402148,-0.75271627209433,0.081,0.097,1,"POGK","GSE214411","Myeloid",TRUE
0.12211289171262,0.119282620916436,0.455,0.477,1,"JAK1","GSE214411","Myeloid",TRUE
0.122117651391113,0.130967338559404,0.016,0.008,1,"PHLDA3","GSE214411","Myeloid",TRUE
0.12224293579459,0.218239671480215,0.14,0.113,1,"DNAJB2","GSE214411","Myeloid",TRUE
0.122350717760806,-1.09349265016972,0.012,0.02,1,"TMEM116","GSE214411","Myeloid",TRUE
0.122351587968724,-0.100675152404389,0.43,0.456,1,"LSM7","GSE214411","Myeloid",TRUE
0.12250881100201,1.23616953427885,0.027,0.017,1,"NFIB","GSE214411","Myeloid",TRUE
0.122639288269531,-0.0503281656397614,0.136,0.156,1,"SAMM50","GSE214411","Myeloid",TRUE
0.122687342114731,-1.04891705917055,0.012,0.02,1,"RNLS","GSE214411","Myeloid",TRUE
0.122880712682222,-0.0246985002120335,0.084,0.103,1,"XRCC4","GSE214411","Myeloid",TRUE
0.122953797369886,-1.0119693907548,0.083,0.1,1,"SURF2","GSE214411","Myeloid",TRUE
0.123064880004081,-0.509673381706935,0.093,0.111,1,"TAPBPL","GSE214411","Myeloid",TRUE
0.12307796286942,-0.162388170967059,0.084,0.102,1,"PREB","GSE214411","Myeloid",TRUE
0.123115939338197,-0.557000826335719,0.131,0.147,1,"ESRRA","GSE214411","Myeloid",TRUE
0.123462506135531,-0.717224414841948,0.013,0.021,1,"OPHN1","GSE214411","Myeloid",TRUE
0.123539532762088,0.943213497991196,0.029,0.041,1,"AP4B1","GSE214411","Myeloid",TRUE
0.123559570392247,0.0376245390646832,0.045,0.059,1,"ZNF768","GSE214411","Myeloid",TRUE
0.123596422552036,-0.010789743065306,0.404,0.424,1,"CCT3","GSE214411","Myeloid",TRUE
0.123699758451643,-2.2845899670198,0.003,0.007,1,"AC021188.4","GSE214411","Myeloid",TRUE
0.123699758451643,-3.88888295026166,0.003,0.007,1,"WFDC3","GSE214411","Myeloid",TRUE
0.123732753251655,0.0556721969998655,0.323,0.344,1,"FXR1","GSE214411","Myeloid",TRUE
0.123851548563769,-0.187476876760261,0.209,0.23,1,"SEC61A1","GSE214411","Myeloid",TRUE
0.123873419106339,0.545371078987462,0.074,0.056,1,"KCNC3","GSE214411","Myeloid",TRUE
0.123897561850446,-0.21404221456294,0.123,0.143,1,"ZMAT5","GSE214411","Myeloid",TRUE
0.123956320464873,-1.65627484804089,0.013,0.021,1,"PPP1R26","GSE214411","Myeloid",TRUE
0.124001772150735,-1.93153513905274,0.003,0.007,1,"ABCA3","GSE214411","Myeloid",TRUE
0.124007555650229,0.77288153852257,0.03,0.019,1,"CTTN","GSE214411","Myeloid",TRUE
0.124008844029021,-0.422997700364606,0.052,0.068,1,"SLC25A25","GSE214411","Myeloid",TRUE
0.124152994615441,-1.63047408487326,0.003,0.007,1,"RP4-530I15.9","GSE214411","Myeloid",TRUE
0.124304360928845,-1.56454152975554,0.003,0.007,1,"ZFP37","GSE214411","Myeloid",TRUE
0.124304360928845,-1.56199769734561,0.003,0.007,1,"RP11-334J6.7","GSE214411","Myeloid",TRUE
0.124381602280806,0.297243970487248,0.165,0.138,1,"TP53","GSE214411","Myeloid",TRUE
0.124455871169847,-2.67557580342105,0.003,0.007,1,"LIPT2","GSE214411","Myeloid",TRUE
0.124455871169847,-1.62772065908161,0.003,0.007,1,"L3MBTL1","GSE214411","Myeloid",TRUE
0.124463697295662,-0.323335077002674,0.241,0.261,1,"DNAJA4","GSE214411","Myeloid",TRUE
0.124594885737811,2.06919471212908,0.033,0.022,1,"DLX5","GSE214411","Myeloid",TRUE
0.124607525417312,-0.72002545437904,0.003,0.007,1,"LRFN3","GSE214411","Myeloid",TRUE
0.124607525417312,-1.58292976274752,0.003,0.007,1,"ZNF547","GSE214411","Myeloid",TRUE
0.124715553863204,-1.71160900635652,0,0.002,1,"TAS1R3","GSE214411","Myeloid",TRUE
0.124715553863204,-1.02684023446298,0,0.002,1,"APITD1-CORT","GSE214411","Myeloid",TRUE
0.124715553863204,-1.95782248289634,0,0.002,1,"RP5-888M10.2","GSE214411","Myeloid",TRUE
0.124715553863204,-1.80928974475211,0,0.002,1,"RP3-467K16.2","GSE214411","Myeloid",TRUE
0.124715553863204,-4.17502648073055,0,0.002,1,"SPATA21","GSE214411","Myeloid",TRUE
0.124715553863204,-3.58919413871847,0,0.002,1,"FAM43B","GSE214411","Myeloid",TRUE
0.124715553863204,-2.47052712727974,0,0.002,1,"FAM110D","GSE214411","Myeloid",TRUE
0.124715553863204,-1.96799565595793,0,0.002,1,"RP11-288L9.1","GSE214411","Myeloid",TRUE
0.124715553863204,-1.83989536001076,0,0.002,1,"RSPO1","GSE214411","Myeloid",TRUE
0.124715553863204,-1.86877923830676,0,0.002,1,"RIMS3","GSE214411","Myeloid",TRUE
0.124715553863204,-4.12069427635015,0,0.002,1,"BEST4","GSE214411","Myeloid",TRUE
0.124715553863204,-1.66945045885158,0,0.002,1,"SLC5A9","GSE214411","Myeloid",TRUE
0.124715553863204,-1.94013137574366,0,0.002,1,"IL23R","GSE214411","Myeloid",TRUE
0.124715553863204,-1.61825057514134,0,0.002,1,"DNASE2B","GSE214411","Myeloid",TRUE
0.124715553863204,-2.12854799189295,0,0.002,1,"RP5-884G6.2","GSE214411","Myeloid",TRUE
0.124715553863204,-1.74595463167436,0,0.002,1,"LINC01160","GSE214411","Myeloid",TRUE
0.124715553863204,-2.3748572140726,0,0.002,1,"PDZK1","GSE214411","Myeloid",TRUE
0.124715553863204,-2.15347797361942,0,0.002,1,"RP11-326G21.1","GSE214411","Myeloid",TRUE
0.124715553863204,-1.13632301586066,0,0.002,1,"HIST2H2AB","GSE214411","Myeloid",TRUE
0.124715553863204,-1.55345605923377,0,0.002,1,"LRRC71","GSE214411","Myeloid",TRUE
0.124715553863204,-1.91563358695084,0,0.002,1,"VSIG8","GSE214411","Myeloid",TRUE
0.124715553863204,-1.79316082501187,0,0.002,1,"KCNJ10","GSE214411","Myeloid",TRUE
0.124715553863204,-4.16324706327997,0,0.002,1,"MAEL","GSE214411","Myeloid",TRUE
0.124715553863204,-1.82737232786589,0,0.002,1,"RP1-313L4.3","GSE214411","Myeloid",TRUE
0.124715553863204,-1.70804093150443,0,0.002,1,"GPR52","GSE214411","Myeloid",TRUE
0.124715553863204,-2.62698786458694,0,0.002,1,"RP11-538D16.3","GSE214411","Myeloid",TRUE
0.124715553863204,-1.95179033436023,0,0.002,1,"RP11-295K2.3","GSE214411","Myeloid",TRUE
0.124715553863204,-2.77912559693099,0,0.002,1,"PRELP","GSE214411","Myeloid",TRUE
0.124715553863204,-1.8400091354782,0,0.002,1,"RP11-430C7.5","GSE214411","Myeloid",TRUE
0.124715553863204,-2.11512356541157,0,0.002,1,"RP11-534L20.5","GSE214411","Myeloid",TRUE
0.124715553863204,-2.31577529070826,0,0.002,1,"RP11-385F5.4","GSE214411","Myeloid",TRUE
0.124715553863204,-2.02009792417975,0,0.002,1,"WDR64","GSE214411","Myeloid",TRUE
0.124715553863204,-1.19260664003423,0,0.002,1,"C2orf48","GSE214411","Myeloid",TRUE
0.124715553863204,-1.57696799498122,0,0.002,1,"MFSD2B","GSE214411","Myeloid",TRUE
0.124715553863204,-1.44722809597729,0,0.002,1,"PFN4","GSE214411","Myeloid",TRUE
0.124715553863204,-1.72969321586548,0,0.002,1,"SRD5A2","GSE214411","Myeloid",TRUE
0.124715553863204,-1.94703972423233,0,0.002,1,"CTC-336P14.1","GSE214411","Myeloid",TRUE
0.124715553863204,-2.2013735083787,0,0.002,1,"BIRC6-AS2","GSE214411","Myeloid",TRUE
0.124715553863204,-2.02125355729851,0,0.002,1,"TSPYL6","GSE214411","Myeloid",TRUE
0.124715553863204,-2.19267091322551,0,0.002,1,"AC007386.2","GSE214411","Myeloid",TRUE
0.124715553863204,-1.48780647167716,0,0.002,1,"RP11-527J8.1","GSE214411","Myeloid",TRUE
0.124715553863204,-2.00684437685195,0,0.002,1,"RP11-204L24.2","GSE214411","Myeloid",TRUE
0.124715553863204,-1.79877236938849,0,0.002,1,"C2orf27B","GSE214411","Myeloid",TRUE
0.124715553863204,-2.25980666287098,0,0.002,1,"DLX2","GSE214411","Myeloid",TRUE
0.124715553863204,-1.7002164326136,0,0.002,1,"FRZB","GSE214411","Myeloid",TRUE
0.124715553863204,-1.97177532015525,0,0.002,1,"AC093388.3","GSE214411","Myeloid",TRUE
0.124715553863204,-1.61683965636813,0,0.002,1,"RFTN2","GSE214411","Myeloid",TRUE
0.124715553863204,-4.20164333978633,0,0.002,1,"MPP4","GSE214411","Myeloid",TRUE
0.124715553863204,-1.95315205513618,0,0.002,1,"AC007383.4","GSE214411","Myeloid",TRUE
0.124715553863204,-1.70117205896276,0,0.002,1,"CPS1","GSE214411","Myeloid",TRUE
0.124715553863204,-4.50144696284508,0,0.002,1,"RP11-316O14.1","GSE214411","Myeloid",TRUE
0.124715553863204,-1.82373240692823,0,0.002,1,"RP11-314B1.2","GSE214411","Myeloid",TRUE
0.124715553863204,-2.2337626471964,0,0.002,1,"LINC00471","GSE214411","Myeloid",TRUE
0.124715553863204,-1.70962919864209,0,0.002,1,"FAM132B","GSE214411","Myeloid",TRUE
0.124715553863204,-1.87500748559258,0,0.002,1,"RP11-341N2.1","GSE214411","Myeloid",TRUE
0.124715553863204,-1.00380254119152,0,0.002,1,"LHFPL4","GSE214411","Myeloid",TRUE
0.124715553863204,-2.42150997690945,0,0.002,1,"TGM4","GSE214411","Myeloid",TRUE
0.124715553863204,-3.10681908364073,0,0.002,1,"CXCR6","GSE214411","Myeloid",TRUE
0.124715553863204,-4.65390171887082,0,0.002,1,"MYL3","GSE214411","Myeloid",TRUE
0.124715553863204,-1.38786629138344,0,0.002,1,"RP5-1157M23.2","GSE214411","Myeloid",TRUE
0.124715553863204,-1.42872500007893,0,0.002,1,"SEMA3G","GSE214411","Myeloid",TRUE
0.124715553863204,-1.63426591193282,0,0.002,1,"RP11-221J22.2","GSE214411","Myeloid",TRUE
0.124715553863204,-1.4236222904421,0,0.002,1,"ALDH1L1","GSE214411","Myeloid",TRUE
0.124715553863204,-1.10712885927446,0,0.002,1,"RAB43","GSE214411","Myeloid",TRUE
0.124715553863204,-2.50830171353244,0,0.002,1,"RP11-517B11.4","GSE214411","Myeloid",TRUE
0.124715553863204,-1.21892507785197,0,0.002,1,"ACKR4","GSE214411","Myeloid",TRUE
0.124715553863204,-3.71319800607116,0,0.002,1,"FOXL2NB","GSE214411","Myeloid",TRUE
0.124715553863204,-1.13425555508608,0,0.002,1,"IL12A","GSE214411","Myeloid",TRUE
0.124715553863204,-1.61743056939368,0,0.002,1,"RP11-816J6.3","GSE214411","Myeloid",TRUE
0.124715553863204,-3.68398396298886,0,0.002,1,"HGFAC","GSE214411","Myeloid",TRUE
0.124715553863204,-2.16716029609515,0,0.002,1,"RP11-22A3.2","GSE214411","Myeloid",TRUE
0.124715553863204,-1.85230527869848,0,0.002,1,"RP11-799M12.2","GSE214411","Myeloid",TRUE
0.124715553863204,-2.75622195199412,0,0.002,1,"KCTD8","GSE214411","Myeloid",TRUE
0.124715553863204,-2.17789791433691,0,0.002,1,"CXCL6","GSE214411","Myeloid",TRUE
0.124715553863204,-2.30150775017946,0,0.002,1,"NKX6-1","GSE214411","Myeloid",TRUE
0.124715553863204,-1.36450892068321,0,0.002,1,"HSD17B13","GSE214411","Myeloid",TRUE
0.124715553863204,-1.8386984933803,0,0.002,1,"DKK2","GSE214411","Myeloid",TRUE
0.124715553863204,-1.45390188121911,0,0.002,1,"RP13-884E18.4","GSE214411","Myeloid",TRUE
0.124715553863204,-2.03700566231073,0,0.002,1,"MGARP","GSE214411","Myeloid",TRUE
0.124715553863204,-1.47902448456074,0,0.002,1,"RP11-673E1.1","GSE214411","Myeloid",TRUE
0.124715553863204,-1.92146301005343,0,0.002,1,"RP11-461L13.3","GSE214411","Myeloid",TRUE
0.124715553863204,-3.46569173025623,0,0.002,1,"DCHS2","GSE214411","Myeloid",TRUE
0.124715553863204,-1.3545897978596,0,0.002,1,"RP11-327O17.2","GSE214411","Myeloid",TRUE
0.124715553863204,-1.66465748923855,0,0.002,1,"AF146191.4","GSE214411","Myeloid",TRUE
0.124715553863204,-1.75928767981848,0,0.002,1,"C5orf38","GSE214411","Myeloid",TRUE
0.124715553863204,-1.03089620010828,0,0.002,1,"FST","GSE214411","Myeloid",TRUE
0.124715553863204,-1.18429464943218,0,0.002,1,"CTD-2310F14.1","GSE214411","Myeloid",TRUE
0.124715553863204,-1.94201721769293,0,0.002,1,"NR2F1-AS1","GSE214411","Myeloid",TRUE
0.124715553863204,-2.04320035775314,0,0.002,1,"CTD-2215E18.1","GSE214411","Myeloid",TRUE
0.124715553863204,-1.40682320952622,0,0.002,1,"CTC-487M23.5","GSE214411","Myeloid",TRUE
0.124715553863204,-1.91499900585007,0,0.002,1,"CTC-505O3.3","GSE214411","Myeloid",TRUE
0.124715553863204,-3.87531542628103,0,0.002,1,"SLC25A48","GSE214411","Myeloid",TRUE
0.124715553863204,-4.29490107321119,0,0.002,1,"PCDHGA5","GSE214411","Myeloid",TRUE
0.124715553863204,-1.9969707510472,0,0.002,1,"PCDHGA8","GSE214411","Myeloid",TRUE
0.124715553863204,-1.5203846780118,0,0.002,1,"CTD-2283N19.1","GSE214411","Myeloid",TRUE
0.124715553863204,-2.35736932531393,0,0.002,1,"CAMK2A","GSE214411","Myeloid",TRUE
0.124715553863204,-4.44989535384022,0,0.002,1,"AC106801.1","GSE214411","Myeloid",TRUE
0.124715553863204,-1.52904080078154,0,0.002,1,"LINC01411","GSE214411","Myeloid",TRUE
0.124715553863204,-2.12616290532251,0,0.002,1,"CTB-129O4.1","GSE214411","Myeloid",TRUE
0.124715553863204,-1.78876031333209,0,0.002,1,"RP1-136B1.1","GSE214411","Myeloid",TRUE
0.124715553863204,-1.72828128344445,0,0.002,1,"MYLK4","GSE214411","Myeloid",TRUE
0.124715553863204,-2.42694399574708,0,0.002,1,"RP11-69L16.4","GSE214411","Myeloid",TRUE
0.124715553863204,-1.87490076133369,0,0.002,1,"HIST1H3E","GSE214411","Myeloid",TRUE
0.124715553863204,-1.55175762950661,0,0.002,1,"RP1-86C11.7","GSE214411","Myeloid",TRUE
0.124715553863204,-1.28432916604845,0,0.002,1,"HIST1H3J","GSE214411","Myeloid",TRUE
0.124715553863204,-1.54611937766005,0,0.002,1,"GTF2H4","GSE214411","Myeloid",TRUE
0.124715553863204,-4.25820361248904,0,0.002,1,"PPT2-EGFL8","GSE214411","Myeloid",TRUE
0.124715553863204,-1.60926507289236,0,0.002,1,"RP1-179N16.6","GSE214411","Myeloid",TRUE
0.124715553863204,-2.33785446455861,0,0.002,1,"MOCS1","GSE214411","Myeloid",TRUE
0.124715553863204,-2.32046597481818,0,0.002,1,"XXbac-BPGBPG55C20.1","GSE214411","Myeloid",TRUE
0.124715553863204,-2.24192419298837,0,0.002,1,"OOEP","GSE214411","Myeloid",TRUE
0.124715553863204,-1.56409411369022,0,0.002,1,"FILIP1","GSE214411","Myeloid",TRUE
0.124715553863204,-4.00169545292154,0,0.002,1,"PRSS35","GSE214411","Myeloid",TRUE
0.124715553863204,-1.57123381886658,0,0.002,1,"MRAP2","GSE214411","Myeloid",TRUE
0.124715553863204,-1.85785567540482,0,0.002,1,"RP1-69D17.3","GSE214411","Myeloid",TRUE
0.124715553863204,-2.4529161299542,0,0.002,1,"RP1-225E12.2","GSE214411","Myeloid",TRUE
0.124715553863204,-3.4294034871084,0,0.002,1,"ULBP3","GSE214411","Myeloid",TRUE
0.124715553863204,-3.75064158922118,0,0.002,1,"C6orf99","GSE214411","Myeloid",TRUE
0.124715553863204,-1.90793637901738,0,0.002,1,"SLC22A3","GSE214411","Myeloid",TRUE
0.124715553863204,-1.89998627182012,0,0.002,1,"LINC01558","GSE214411","Myeloid",TRUE
0.124715553863204,-1.75929602757501,0,0.002,1,"COL28A1","GSE214411","Myeloid",TRUE
0.124715553863204,-2.06239627226629,0,0.002,1,"WIPF3","GSE214411","Myeloid",TRUE
0.124715553863204,-1.45578109725647,0,0.002,1,"SPDYE3","GSE214411","Myeloid",TRUE
0.124715553863204,-3.8036051625436,0,0.002,1,"EFCAB10","GSE214411","Myeloid",TRUE
0.124715553863204,-2.06945662089018,0,0.002,1,"GPR22","GSE214411","Myeloid",TRUE
0.124715553863204,-2.17288959189752,0,0.002,1,"POT1-AS1","GSE214411","Myeloid",TRUE
0.124715553863204,-2.14605434602929,0,0.002,1,"AC073934.6","GSE214411","Myeloid",TRUE
0.124715553863204,-4.10236394419745,0,0.002,1,"RP11-2E11.9","GSE214411","Myeloid",TRUE
0.124715553863204,-3.26423471885784,0,0.002,1,"SLC13A4","GSE214411","Myeloid",TRUE
0.124715553863204,-3.85775641830026,0,0.002,1,"TMEM213","GSE214411","Myeloid",TRUE
0.124715553863204,-1.72845426467809,0,0.002,1,"CNTNAP2","GSE214411","Myeloid",TRUE
0.124715553863204,-3.32081543285883,0,0.002,1,"MAP7D2","GSE214411","Myeloid",TRUE
0.124715553863204,-2.25248575059701,0,0.002,1,"SRPX","GSE214411","Myeloid",TRUE
0.124715553863204,-1.94983418729751,0,0.002,1,"FAAH2","GSE214411","Myeloid",TRUE
0.124715553863204,-2.30518693444879,0,0.002,1,"ZC3H12B","GSE214411","Myeloid",TRUE
0.124715553863204,-2.47394857669117,0,0.002,1,"TAF7L","GSE214411","Myeloid",TRUE
0.124715553863204,-1.89652309809268,0,0.002,1,"LL0XNC01-116E7.2","GSE214411","Myeloid",TRUE
0.124715553863204,-1.79408110153456,0,0.002,1,"CXorf57","GSE214411","Myeloid",TRUE
0.124715553863204,-1.66553229555622,0,0.002,1,"FIRRE","GSE214411","Myeloid",TRUE
0.124715553863204,-1.56531226901277,0,0.002,1,"LINC01301","GSE214411","Myeloid",TRUE
0.124715553863204,-2.03357550074333,0,0.002,1,"AC022182.1","GSE214411","Myeloid",TRUE
0.124715553863204,-2.24026628128422,0,0.002,1,"RRS1-AS1","GSE214411","Myeloid",TRUE
0.124715553863204,-1.65023164045166,0,0.002,1,"RP11-363E6.3","GSE214411","Myeloid",TRUE
0.124715553863204,-1.73949887283619,0,0.002,1,"C8orf37-AS1","GSE214411","Myeloid",TRUE
0.124715553863204,-1.94792831584975,0,0.002,1,"ANXA13","GSE214411","Myeloid",TRUE
0.124715553863204,-1.64438752882311,0,0.002,1,"WISP1","GSE214411","Myeloid",TRUE
0.124715553863204,-1.9688161131714,0,0.002,1,"RP11-10J21.3","GSE214411","Myeloid",TRUE
0.124715553863204,-2.06711216083897,0,0.002,1,"CTD-2292P10.4","GSE214411","Myeloid",TRUE
0.124715553863204,-2.92255958856122,0,0.002,1,"RLN2","GSE214411","Myeloid",TRUE
0.124715553863204,-2.24721496216071,0,0.002,1,"ADAMTSL1","GSE214411","Myeloid",TRUE
0.124715553863204,-4.62294751829838,0,0.002,1,"LINC01474","GSE214411","Myeloid",TRUE
0.124715553863204,-2.2059812673318,0,0.002,1,"NTRK2","GSE214411","Myeloid",TRUE
0.124715553863204,-1.25982097785187,0,0.002,1,"ASTN2","GSE214411","Myeloid",TRUE
0.124715553863204,-1.47663396425084,0,0.002,1,"ADAMTSL2","GSE214411","Myeloid",TRUE
0.124715553863204,-1.34119862380421,0,0.002,1,"C9orf163","GSE214411","Myeloid",TRUE
0.124715553863204,-3.67720500795303,0,0.002,1,"CCDC183-AS1","GSE214411","Myeloid",TRUE
0.124715553863204,-1.69757032640389,0,0.002,1,"RP11-326C3.2","GSE214411","Myeloid",TRUE
0.124715553863204,-2.21743396346109,0,0.002,1,"SCT","GSE214411","Myeloid",TRUE
0.124715553863204,-1.9298154470548,0,0.002,1,"NAV2-AS3","GSE214411","Myeloid",TRUE
0.124715553863204,-1.72884926375886,0,0.002,1,"NAV2-AS2","GSE214411","Myeloid",TRUE
0.124715553863204,-4.11120211541866,0,0.002,1,"GAS2","GSE214411","Myeloid",TRUE
0.124715553863204,-4.39273576262683,0,0.002,1,"RP11-430H10.1","GSE214411","Myeloid",TRUE
0.124715553863204,-1.75085546137441,0,0.002,1,"LRP4-AS1","GSE214411","Myeloid",TRUE
0.124715553863204,-1.67380289631449,0,0.002,1,"RP11-142C4.6","GSE214411","Myeloid",TRUE
0.124715553863204,-1.90369820425162,0,0.002,1,"AP000442.4","GSE214411","Myeloid",TRUE
0.124715553863204,-1.98243911911045,0,0.002,1,"SYT12","GSE214411","Myeloid",TRUE
0.124715553863204,-1.99716718336417,0,0.002,1,"CARNS1","GSE214411","Myeloid",TRUE
0.124715553863204,-3.6697919165807,0,0.002,1,"RP11-626H12.2","GSE214411","Myeloid",TRUE
0.124715553863204,-2.43402196823659,0,0.002,1,"USP2-AS1","GSE214411","Myeloid",TRUE
0.124715553863204,-1.82228553200927,0,0.002,1,"CDON","GSE214411","Myeloid",TRUE
0.124715553863204,-2.255334037483,0,0.002,1,"RP11-186N15.3","GSE214411","Myeloid",TRUE
0.124715553863204,-1.39236418699352,0,0.002,1,"LINC00864","GSE214411","Myeloid",TRUE
0.124715553863204,-1.91071993885036,0,0.002,1,"MRLN","GSE214411","Myeloid",TRUE
0.124715553863204,-4.30061837168702,0,0.002,1,"RP11-108L7.15","GSE214411","Myeloid",TRUE
0.124715553863204,-2.03385312583887,0,0.002,1,"RP11-539I5.1","GSE214411","Myeloid",TRUE
0.124715553863204,-1.95550735934371,0,0.002,1,"RP11-95I16.4","GSE214411","Myeloid",TRUE
0.124715553863204,-2.11874944703532,0,0.002,1,"CLRN3","GSE214411","Myeloid",TRUE
0.124715553863204,-2.13789441757838,0,0.002,1,"RP11-234G16.5","GSE214411","Myeloid",TRUE
0.124715553863204,-1.73419312104294,0,0.002,1,"PIANP","GSE214411","Myeloid",TRUE
0.124715553863204,-2.30289122410959,0,0.002,1,"PZP","GSE214411","Myeloid",TRUE
0.124715553863204,-1.56186467924348,0,0.002,1,"RP11-268P4.4","GSE214411","Myeloid",TRUE
0.124715553863204,-1.75326880386935,0,0.002,1,"RP5-1057I20.4","GSE214411","Myeloid",TRUE
0.124715553863204,-1.2832856760761,0,0.002,1,"RP11-302B13.5","GSE214411","Myeloid",TRUE
0.124715553863204,-1.62136887684438,0,0.002,1,"RP11-469H8.6","GSE214411","Myeloid",TRUE
0.124715553863204,-2.60103477607402,0,0.002,1,"RP11-338E21.3","GSE214411","Myeloid",TRUE
0.124715553863204,-4.44472506488624,0,0.002,1,"ANO4","GSE214411","Myeloid",TRUE
0.124715553863204,-1.66755499299008,0,0.002,1,"IL17D","GSE214411","Myeloid",TRUE
0.124715553863204,-1.67903520986532,0,0.002,1,"RP11-124N19.3","GSE214411","Myeloid",TRUE
0.124715553863204,-1.53840950999681,0,0.002,1,"RP11-74J13.8","GSE214411","Myeloid",TRUE
0.124715553863204,-1.53341596016262,0,0.002,1,"SERP2","GSE214411","Myeloid",TRUE
0.124715553863204,-1.18702021093545,0,0.002,1,"RNASEH2B-AS1","GSE214411","Myeloid",TRUE
0.124715553863204,-4.31491229605137,0,0.002,1,"SLITRK6","GSE214411","Myeloid",TRUE
0.124715553863204,-0.993629176731382,0,0.002,1,"RP11-255P5.3","GSE214411","Myeloid",TRUE
0.124715553863204,-2.07081404771258,0,0.002,1,"RP11-596D21.1","GSE214411","Myeloid",TRUE
0.124715553863204,-1.93530316981489,0,0.002,1,"RP11-930O11.3","GSE214411","Myeloid",TRUE
0.124715553863204,-1.62266148711738,0,0.002,1,"CCDC175","GSE214411","Myeloid",TRUE
0.124715553863204,-1.86523786446705,0,0.002,1,"FUT8-AS1","GSE214411","Myeloid",TRUE
0.124715553863204,-2.53772824226805,0,0.002,1,"SYNDIG1L","GSE214411","Myeloid",TRUE
0.124715553863204,-1.45015373158899,0,0.002,1,"RP11-950C14.3","GSE214411","Myeloid",TRUE
0.124715553863204,-2.10226318182709,0,0.002,1,"AC007182.6","GSE214411","Myeloid",TRUE
0.124715553863204,-3.50212496147719,0,0.002,1,"RP11-736N17.10","GSE214411","Myeloid",TRUE
0.124715553863204,-1.90263124522189,0,0.002,1,"IGHM","GSE214411","Myeloid",TRUE
0.124715553863204,-1.52993608342824,0,0.002,1,"GOLGA8M","GSE214411","Myeloid",TRUE
0.124715553863204,-1.87400686025783,0,0.002,1,"RP11-932O9.10","GSE214411","Myeloid",TRUE
0.124715553863204,-2.49452251947736,0,0.002,1,"EPB42","GSE214411","Myeloid",TRUE
0.124715553863204,-3.90402160718478,0,0.002,1,"RP11-430B1.2","GSE214411","Myeloid",TRUE
0.124715553863204,-1.32241001248537,0,0.002,1,"TMEM266","GSE214411","Myeloid",TRUE
0.124715553863204,-1.78330712062903,0,0.002,1,"RP11-387D10.4","GSE214411","Myeloid",TRUE
0.124715553863204,-1.20981472297244,0,0.002,1,"SV2B","GSE214411","Myeloid",TRUE
0.124715553863204,-2.0086700643996,0,0.002,1,"CTD-2054N24.2","GSE214411","Myeloid",TRUE
0.124715553863204,-1.84746798905651,0,0.002,1,"LA16c-385E7.1","GSE214411","Myeloid",TRUE
0.124715553863204,-2.01196921923164,0,0.002,1,"RAB26","GSE214411","Myeloid",TRUE
0.124715553863204,-1.8452859039352,0,0.002,1,"KREMEN2","GSE214411","Myeloid",TRUE
0.124715553863204,-1.33010515450557,0,0.002,1,"SHISA9","GSE214411","Myeloid",TRUE
0.124715553863204,-2.1909833445321,0,0.002,1,"CTD-2649C14.3","GSE214411","Myeloid",TRUE
0.124715553863204,-1.42606451604104,0,0.002,1,"RP11-57A19.2","GSE214411","Myeloid",TRUE
0.124715553863204,-2.29850645826468,0,0.002,1,"RP11-452L6.7","GSE214411","Myeloid",TRUE
0.124715553863204,-1.99626957262888,0,0.002,1,"IRX5","GSE214411","Myeloid",TRUE
0.124715553863204,-1.30605974486113,0,0.002,1,"CKLF-CMTM1","GSE214411","Myeloid",TRUE
0.124715553863204,-1.75037256619422,0,0.002,1,"RP5-991G20.2","GSE214411","Myeloid",TRUE
0.124715553863204,-2.14237551058629,0,0.002,1,"CLEC18B","GSE214411","Myeloid",TRUE
0.124715553863204,-1.94673938942351,0,0.002,1,"RP11-679B19.1","GSE214411","Myeloid",TRUE
0.124715553863204,-2.30138386761384,0,0.002,1,"RP11-70D24.3","GSE214411","Myeloid",TRUE
0.124715553863204,-1.6905069772685,0,0.002,1,"RP5-1142A6.10","GSE214411","Myeloid",TRUE
0.124715553863204,-1.60662720524772,0,0.002,1,"RP11-74E22.3","GSE214411","Myeloid",TRUE
0.124715553863204,-1.57380991289703,0,0.002,1,"GP1BA","GSE214411","Myeloid",TRUE
0.124715553863204,-3.67077741048488,0,0.002,1,"MYH3","GSE214411","Myeloid",TRUE
0.124715553863204,-3.66591398190251,0,0.002,1,"RP1-253P7.4","GSE214411","Myeloid",TRUE
0.124715553863204,-4.13859798459761,0,0.002,1,"RP11-227G15.11","GSE214411","Myeloid",TRUE
0.124715553863204,-2.44890319308583,0,0.002,1,"AC084809.2","GSE214411","Myeloid",TRUE
0.124715553863204,-2.1374837174409,0,0.002,1,"RP5-837J1.6","GSE214411","Myeloid",TRUE
0.124715553863204,-2.17573415110549,0,0.002,1,"RP11-580I16.2","GSE214411","Myeloid",TRUE
0.124715553863204,-1.43283569370967,0,0.002,1,"HLF","GSE214411","Myeloid",TRUE
0.124715553863204,-2.01581324359058,0,0.002,1,"PRCD","GSE214411","Myeloid",TRUE
0.124715553863204,-1.87093277492777,0,0.002,1,"CTD-2561B21.5","GSE214411","Myeloid",TRUE
0.124715553863204,-1.04307648288652,0,0.002,1,"TMEM105","GSE214411","Myeloid",TRUE
0.124715553863204,-2.02373495057986,0,0.002,1,"ARHGAP28","GSE214411","Myeloid",TRUE
0.124715553863204,-2.07670518149439,0,0.002,1,"GATA6-AS1","GSE214411","Myeloid",TRUE
0.124715553863204,-3.31555837292347,0,0.002,1,"TTR","GSE214411","Myeloid",TRUE
0.124715553863204,-2.22103055528785,0,0.002,1,"RP11-729L2.2","GSE214411","Myeloid",TRUE
0.124715553863204,-0.953477096612962,0,0.002,1,"DNMT3B","GSE214411","Myeloid",TRUE
0.124715553863204,-1.74265127433838,0,0.002,1,"RP1-138B7.7","GSE214411","Myeloid",TRUE
0.124715553863204,-1.89178687390555,0,0.002,1,"CBLN4","GSE214411","Myeloid",TRUE
0.124715553863204,-2.86309803214196,0,0.002,1,"APCDD1L","GSE214411","Myeloid",TRUE
0.124715553863204,-1.2248187458096,0,0.002,1,"CSNK1G2-AS1","GSE214411","Myeloid",TRUE
0.124715553863204,-2.16711498249748,0,0.002,1,"CTD-3193O13.12","GSE214411","Myeloid",TRUE
0.124715553863204,-1.7934186873347,0,0.002,1,"CTD-2325M2.1","GSE214411","Myeloid",TRUE
0.124715553863204,-2.90901088956922,0,0.002,1,"ELAVL3","GSE214411","Myeloid",TRUE
0.124715553863204,-1.22591699674594,0,0.002,1,"KLF1","GSE214411","Myeloid",TRUE
0.124715553863204,-3.34704071266806,0,0.002,1,"AC068499.10","GSE214411","Myeloid",TRUE
0.124715553863204,-2.68877536561433,0,0.002,1,"ZNF850","GSE214411","Myeloid",TRUE
0.124715553863204,-2.14882045337871,0,0.002,1,"CTD-2162K18.4","GSE214411","Myeloid",TRUE
0.124715553863204,-2.27567592470334,0,0.002,1,"AC005614.3","GSE214411","Myeloid",TRUE
0.124715553863204,-2.74535075747618,0,0.002,1,"CTC-490E21.14","GSE214411","Myeloid",TRUE
0.124715553863204,-2.48580271387279,0,0.002,1,"AC006129.1","GSE214411","Myeloid",TRUE
0.124715553863204,-1.5804649935309,0,0.002,1,"ATP1A3","GSE214411","Myeloid",TRUE
0.124715553863204,-3.86483389684967,0,0.002,1,"ZNF112","GSE214411","Myeloid",TRUE
0.124715553863204,-2.86174963112837,0,0.002,1,"CTB-129P6.11","GSE214411","Myeloid",TRUE
0.124715553863204,-1.83447445043097,0,0.002,1,"AC007193.9","GSE214411","Myeloid",TRUE
0.124715553863204,-1.58814516770705,0,0.002,1,"ZNF541","GSE214411","Myeloid",TRUE
0.124715553863204,-1.95663109068438,0,0.002,1,"NTN5","GSE214411","Myeloid",TRUE
0.124715553863204,-2.11005895978269,0,0.002,1,"SLC6A16","GSE214411","Myeloid",TRUE
0.124715553863204,-3.35028347169922,0,0.002,1,"LRRC4B","GSE214411","Myeloid",TRUE
0.124715553863204,-2.27763956640996,0,0.002,1,"SHANK1","GSE214411","Myeloid",TRUE
0.124715553863204,-4.11435937072533,0,0.002,1,"KLK3","GSE214411","Myeloid",TRUE
0.124715553863204,-1.84695802430407,0,0.002,1,"KLK10","GSE214411","Myeloid",TRUE
0.124715553863204,-1.98983368065946,0,0.002,1,"AC008753.6","GSE214411","Myeloid",TRUE
0.124715553863204,-1.63149413878077,0,0.002,1,"KIR2DL1","GSE214411","Myeloid",TRUE
0.124715553863204,-1.62125347155429,0,0.002,1,"VN1R1","GSE214411","Myeloid",TRUE
0.124715553863204,-1.90200857581599,0,0.002,1,"DGCR5","GSE214411","Myeloid",TRUE
0.124715553863204,-2.45054390330441,0,0.002,1,"KB-226F1.2","GSE214411","Myeloid",TRUE
0.124715553863204,-2.72134023017091,0,0.002,1,"CTA-243E7.1","GSE214411","Myeloid",TRUE
0.124715553863204,-2.50552814636418,0,0.002,1,"RP3-412A9.16","GSE214411","Myeloid",TRUE
0.124715553863204,-1.87079666084321,0,0.002,1,"RP11-717F1.2","GSE214411","Myeloid",TRUE
0.124715553863204,-3.23835314856165,0,0.002,1,"CH507-338C24.1","GSE214411","Myeloid",TRUE
0.124715553863204,-1.96172239515289,0,0.002,1,"SMIM11B","GSE214411","Myeloid",TRUE
0.124715553863204,-1.95014083215902,0,0.002,1,"ZNF295-AS1","GSE214411","Myeloid",TRUE
0.124715553863204,-1.6539225752879,0,0.002,1,"LINC01547","GSE214411","Myeloid",TRUE
0.124715553863204,-2.18296004142633,0,0.002,1,"AC114730.2","GSE214411","Myeloid",TRUE
0.124715553863204,-1.60840180739017,0,0.002,1,"MEP1A","GSE214411","Myeloid",TRUE
0.124715553863204,-1.77906590113394,0,0.002,1,"AP000439.2","GSE214411","Myeloid",TRUE
0.124715553863204,-1.79113193452778,0,0.002,1,"PCAT5","GSE214411","Myeloid",TRUE
0.124715553863204,-2.16213138240043,0,0.002,1,"KCNA1","GSE214411","Myeloid",TRUE
0.124715553863204,-1.51054395139676,0,0.002,1,"TSHR","GSE214411","Myeloid",TRUE
0.124715553863204,-1.86230456465874,0,0.002,1,"CASQ1","GSE214411","Myeloid",TRUE
0.124715553863204,-1.99404165252499,0,0.002,1,"RP11-157E21.1","GSE214411","Myeloid",TRUE
0.124715553863204,-2.03457663757812,0,0.002,1,"AC068580.6","GSE214411","Myeloid",TRUE
0.124715553863204,-2.52057351169614,0,0.002,1,"ARAP1-AS1","GSE214411","Myeloid",TRUE
0.124715553863204,-2.19623581244551,0,0.002,1,"RP11-554A11.7","GSE214411","Myeloid",TRUE
0.124715553863204,-2.0232837630813,0,0.002,1,"AC139099.5","GSE214411","Myeloid",TRUE
0.124715553863204,-1.8868815611949,0,0.002,1,"AD000671.6","GSE214411","Myeloid",TRUE
0.124715553863204,-2.11778405097147,0,0.002,1,"SPATC1","GSE214411","Myeloid",TRUE
0.124715553863204,-2.00273742776628,0,0.002,1,"AC135050.5","GSE214411","Myeloid",TRUE
0.124715553863204,-2.76334106191004,0,0.002,1,"CYP19A1","GSE214411","Myeloid",TRUE
0.124715553863204,-2.22018356839863,0,0.002,1,"RP11-764K9.1","GSE214411","Myeloid",TRUE
0.124715553863204,-1.97029373887347,0,0.002,1,"ITLN1","GSE214411","Myeloid",TRUE
0.124715553863204,-1.89342724879437,0,0.002,1,"SPATA13-AS1","GSE214411","Myeloid",TRUE
0.124715553863204,-2.42846776603389,0,0.002,1,"LINC01093","GSE214411","Myeloid",TRUE
0.124753540507146,1.8473723868943,0.022,0.013,1,"AC002456.2","GSE214411","Myeloid",TRUE
0.124759323750069,-0.547311022898728,0.003,0.007,1,"C15orf65","GSE214411","Myeloid",TRUE
0.124911266246915,-1.19359301562658,0.003,0.007,1,"AMPH","GSE214411","Myeloid",TRUE
0.124999831109695,-0.348604748344876,0.128,0.148,1,"NKIRAS2","GSE214411","Myeloid",TRUE
0.125017256200208,-0.594908331412746,0.143,0.163,1,"ZNF503","GSE214411","Myeloid",TRUE
0.125031538060971,-1.89063807569416,0.013,0.021,1,"WDR53","GSE214411","Myeloid",TRUE
0.125061552799509,0.345304762810506,0.176,0.149,1,"CLCN3","GSE214411","Myeloid",TRUE
0.125063352986606,-2.82091396086178,0.003,0.007,1,"MEGF6","GSE214411","Myeloid",TRUE
0.125063352986606,-2.9834650560368,0.003,0.007,1,"TGFB3","GSE214411","Myeloid",TRUE
0.125195365930999,-2.04178543519917,0.001,0.004,1,"ZMYND12","GSE214411","Myeloid",TRUE
0.125195365930999,-2.4622198114373,0.001,0.004,1,"RP11-392O17.2","GSE214411","Myeloid",TRUE
0.125195365930999,-2.2852406999376,0.001,0.004,1,"RP11-417F21.1","GSE214411","Myeloid",TRUE
0.125195365930999,-2.2957414648792,0.001,0.004,1,"RP11-33O4.1","GSE214411","Myeloid",TRUE
0.125195365930999,-2.34121960347749,0.001,0.004,1,"PRKAR2A-AS1","GSE214411","Myeloid",TRUE
0.125195365930999,-2.85213787146395,0.001,0.004,1,"SLC25A27","GSE214411","Myeloid",TRUE
0.125195365930999,-2.50960977328949,0.001,0.004,1,"OMD","GSE214411","Myeloid",TRUE
0.125195365930999,-2.04638240716408,0.001,0.004,1,"RP11-315O6.1","GSE214411","Myeloid",TRUE
0.125195365930999,-3.79161969216384,0.001,0.004,1,"FXYD4","GSE214411","Myeloid",TRUE
0.125195365930999,-2.07000905284844,0.001,0.004,1,"RP11-283G6.4","GSE214411","Myeloid",TRUE
0.125195365930999,-3.21480165206878,0.001,0.004,1,"RP11-983P16.4","GSE214411","Myeloid",TRUE
0.125195365930999,-2.09511866646701,0.001,0.004,1,"LMO7-AS1","GSE214411","Myeloid",TRUE
0.125195365930999,-1.99639508181831,0.001,0.004,1,"CTD-2555O16.4","GSE214411","Myeloid",TRUE
0.125195365930999,-2.41400249901463,0.001,0.004,1,"LINGO3","GSE214411","Myeloid",TRUE
0.125195365930999,-1.77186092055119,0.001,0.004,1,"CH507-254M2.3","GSE214411","Myeloid",TRUE
0.125198076020682,0.401197297083935,0.086,0.067,1,"NCOA6","GSE214411","Myeloid",TRUE
0.125215584047866,-2.66602234381446,0.003,0.007,1,"HIST1H2BK","GSE214411","Myeloid",TRUE
0.125215584047866,-1.1685795463991,0.003,0.007,1,"RBP4","GSE214411","Myeloid",TRUE
0.12522587213681,0.0555189643895164,0.129,0.15,1,"PLOD1","GSE214411","Myeloid",TRUE
0.125280694797011,-1.5255758082272,0.013,0.021,1,"FKBPL","GSE214411","Myeloid",TRUE
0.12534988619657,-0.283126994166181,0.061,0.077,1,"FN3KRP","GSE214411","Myeloid",TRUE
0.125367959509384,0.0544678470024227,0.003,0.007,1,"MORN4","GSE214411","Myeloid",TRUE
0.125410610314471,-1.95124109269959,0.001,0.004,1,"RP1-187B23.1","GSE214411","Myeloid",TRUE
0.125410610314471,-1.9179651740814,0.001,0.004,1,"FPGT-TNNI3K","GSE214411","Myeloid",TRUE
0.125410610314471,-2.09264353693782,0.001,0.004,1,"RP1-178F15.4","GSE214411","Myeloid",TRUE
0.125410610314471,-1.8887425617929,0.001,0.004,1,"RP11-422P24.11","GSE214411","Myeloid",TRUE
0.125410610314471,-1.695382886919,0.001,0.004,1,"RP11-276E17.2","GSE214411","Myeloid",TRUE
0.125410610314471,-1.80177921677167,0.001,0.004,1,"TMEM81","GSE214411","Myeloid",TRUE
0.125410610314471,-3.0644813182039,0.001,0.004,1,"AC007163.3","GSE214411","Myeloid",TRUE
0.125410610314471,-2.05328947268873,0.001,0.004,1,"CTD-2165H16.4","GSE214411","Myeloid",TRUE
0.125410610314471,-1.8071896766504,0.001,0.004,1,"CAMK4","GSE214411","Myeloid",TRUE
0.125410610314471,-1.76451852363951,0.001,0.004,1,"CTB-46B19.2","GSE214411","Myeloid",TRUE
0.125410610314471,-1.82166293360997,0.001,0.004,1,"HIST1H2BM","GSE214411","Myeloid",TRUE
0.125410610314471,-2.07012239079658,0.001,0.004,1,"CNTFR","GSE214411","Myeloid",TRUE
0.125410610314471,-1.97199348222551,0.001,0.004,1,"UNC5B-AS1","GSE214411","Myeloid",TRUE
0.125410610314471,-2.29830358580278,0.001,0.004,1,"GPR135","GSE214411","Myeloid",TRUE
0.125410610314471,-2.40112469543116,0.001,0.004,1,"SLC27A2","GSE214411","Myeloid",TRUE
0.125410610314471,-4.30699905159453,0.001,0.004,1,"DPF1","GSE214411","Myeloid",TRUE
0.125410610314471,-2.11364434282542,0.001,0.004,1,"RP5-1042K10.10","GSE214411","Myeloid",TRUE
0.125410610314471,-2.54902667018918,0.001,0.004,1,"C1orf143","GSE214411","Myeloid",TRUE
0.125410610314471,-3.70335063819627,0.001,0.004,1,"RPH3A","GSE214411","Myeloid",TRUE
0.12552047944981,-2.01127186797211,0.003,0.007,1,"RP11-91G21.1","GSE214411","Myeloid",TRUE
0.125577935537013,-0.38044775672862,0.012,0.02,1,"PPIP5K1","GSE214411","Myeloid",TRUE
0.125626142997263,-1.74422350178338,0.001,0.004,1,"COL11A1","GSE214411","Myeloid",TRUE
0.125626142997263,-1.55729205973557,0.001,0.004,1,"RP11-477N3.1","GSE214411","Myeloid",TRUE
0.125626142997263,-2.54984462606127,0.001,0.004,1,"RP11-480C16.1","GSE214411","Myeloid",TRUE
0.125626142997263,-1.90999924499786,0.001,0.004,1,"NMU","GSE214411","Myeloid",TRUE
0.125626142997263,-1.74775601930304,0.001,0.004,1,"CLGN","GSE214411","Myeloid",TRUE
0.125626142997263,-1.48744973159485,0.001,0.004,1,"LTA","GSE214411","Myeloid",TRUE
0.125626142997263,-2.45990108223997,0.001,0.004,1,"ZNF853","GSE214411","Myeloid",TRUE
0.125626142997263,-2.83194798968935,0.001,0.004,1,"C7orf61","GSE214411","Myeloid",TRUE
0.125626142997263,-2.85879436736272,0.001,0.004,1,"ARSD-AS1","GSE214411","Myeloid",TRUE
0.125626142997263,-1.93825706494569,0.001,0.004,1,"RP11-305L7.7","GSE214411","Myeloid",TRUE
0.125626142997263,-2.77169112621002,0.001,0.004,1,"AK8","GSE214411","Myeloid",TRUE
0.125626142997263,-4.5290964722202,0.001,0.004,1,"CBLN1","GSE214411","Myeloid",TRUE
0.125626142997263,-1.73727598689111,0.001,0.004,1,"KLHL11","GSE214411","Myeloid",TRUE
0.125673143947761,-0.834802390223809,0.003,0.007,1,"POSTN","GSE214411","Myeloid",TRUE
0.125683931364565,0.243181688493463,0.091,0.071,1,"PLK2","GSE214411","Myeloid",TRUE
0.125841964200874,-1.18244676721981,0.001,0.004,1,"RP13-131K19.6","GSE214411","Myeloid",TRUE
0.125841964200874,-1.16244185817579,0.001,0.004,1,"IL20RB","GSE214411","Myeloid",TRUE
0.125841964200874,-2.11835970538375,0.001,0.004,1,"MXRA5","GSE214411","Myeloid",TRUE
0.125841964200874,-2.83818346627951,0.001,0.004,1,"TMEM47","GSE214411","Myeloid",TRUE
0.125841964200874,-1.59813879424927,0.001,0.004,1,"ZNF418","GSE214411","Myeloid",TRUE
0.125843872615765,-0.107267855536154,0.19,0.211,1,"MARK2","GSE214411","Myeloid",TRUE
0.125885208858585,0.212811531527374,0.013,0.022,1,"GRPEL2","GSE214411","Myeloid",TRUE
0.126016570464461,0.583168651100006,0.232,0.203,1,"CRK","GSE214411","Myeloid",TRUE
0.12605807414666,2.18239174371938,0.001,0.004,1,"FCRL1","GSE214411","Myeloid",TRUE
0.12605807414666,-1.25611294706894,0.001,0.004,1,"IL20","GSE214411","Myeloid",TRUE
0.12605807414666,0.114427675013554,0.001,0.004,1,"DIRC3","GSE214411","Myeloid",TRUE
0.12605807414666,0.770771832357246,0.001,0.004,1,"LINC00886","GSE214411","Myeloid",TRUE
0.12605807414666,-1.1851575857321,0.001,0.004,1,"PCDH10","GSE214411","Myeloid",TRUE
0.12605807414666,1.36453324140577,0.001,0.004,1,"KCNQ5","GSE214411","Myeloid",TRUE
0.12605807414666,-0.578714674331225,0.001,0.004,1,"ATG9B","GSE214411","Myeloid",TRUE
0.12605807414666,-0.334374758101392,0.001,0.004,1,"PNCK","GSE214411","Myeloid",TRUE
0.12605807414666,0.281973983042995,0.001,0.004,1,"EFCAB1","GSE214411","Myeloid",TRUE
0.12605807414666,-0.40218248095695,0.001,0.004,1,"CTD-3065J16.9","GSE214411","Myeloid",TRUE
0.12605807414666,0.788724255917873,0.001,0.004,1,"RP11-359E10.1","GSE214411","Myeloid",TRUE
0.12605807414666,-0.606847465223606,0.001,0.004,1,"SLC29A2","GSE214411","Myeloid",TRUE
0.12605807414666,1.19045630992675,0.001,0.004,1,"SERINC4","GSE214411","Myeloid",TRUE
0.12605807414666,-1.00443974424916,0.001,0.004,1,"ZNF774","GSE214411","Myeloid",TRUE
0.12605807414666,0.00344156007456942,0.001,0.004,1,"ZNF423","GSE214411","Myeloid",TRUE
0.12605807414666,-1.12202089662827,0.001,0.004,1,"TMEM256-PLSCR3","GSE214411","Myeloid",TRUE
0.12605807414666,-0.874361258497188,0.001,0.004,1,"AC005224.2","GSE214411","Myeloid",TRUE
0.12605807414666,-1.31306154943375,0.001,0.004,1,"CTD-2659N19.9","GSE214411","Myeloid",TRUE
0.12605807414666,-0.0396107140759261,0.001,0.004,1,"AP001347.6","GSE214411","Myeloid",TRUE
0.126077015840766,0.219532004687493,0.196,0.166,1,"IL1A","GSE214411","Myeloid",TRUE
0.126132005572378,-0.0764296372446989,0.003,0.007,1,"ZBTB3","GSE214411","Myeloid",TRUE
0.12614870268195,0.0663293554416482,0.03,0.042,1,"MEG3","GSE214411","Myeloid",TRUE
0.126156843969341,0.228714253692598,0.208,0.231,1,"ABHD2","GSE214411","Myeloid",TRUE
0.126206160870703,-1.06150803330522,0.04,0.054,1,"DPY19L4","GSE214411","Myeloid",TRUE
0.12630096426681,-1.84103658137469,0.006,0.013,1,"RP11-181E10.3","GSE214411","Myeloid",TRUE
0.126333676890109,0.483225230373717,0.128,0.105,1,"PIK3CB","GSE214411","Myeloid",TRUE
0.126438637549404,-0.527794067924851,0.003,0.007,1,"RP11-214N9.1","GSE214411","Myeloid",TRUE
0.126524081698709,-1.83690088699917,0.006,0.013,1,"CHKB-AS1","GSE214411","Myeloid",TRUE
0.126596014848523,1.15944681105271,0.019,0.011,1,"SMN2","GSE214411","Myeloid",TRUE
0.126618372025489,0.383720648845277,0.277,0.252,1,"P4HA1","GSE214411","Myeloid",TRUE
0.126699899836622,-0.179729951537811,0.013,0.021,1,"ENTPD1-AS1","GSE214411","Myeloid",TRUE
0.126884244057501,-0.909712886438249,0.055,0.07,1,"ZNF75A","GSE214411","Myeloid",TRUE
0.127064788022613,0.207493159192294,0.024,0.015,1,"DNAJB5","GSE214411","Myeloid",TRUE
0.127127014226164,0.432698600108326,0.064,0.048,1,"SIGLEC12","GSE214411","Myeloid",TRUE
0.127152327504781,-0.00656113479479492,0.178,0.199,1,"MORC3","GSE214411","Myeloid",TRUE
0.127195275501224,-1.24803816564172,0.006,0.013,1,"CACNB3","GSE214411","Myeloid",TRUE
0.127419621406628,-1.24034447166941,0.006,0.013,1,"ZNF606","GSE214411","Myeloid",TRUE
0.127444429038237,-0.198394496422087,0.141,0.16,1,"DTNBP1","GSE214411","Myeloid",TRUE
0.127528400832049,0.751403441341818,0.13,0.107,1,"MNT","GSE214411","Myeloid",TRUE
0.127529987869802,-0.55069902680152,0.175,0.194,1,"TGFBR1","GSE214411","Myeloid",TRUE
0.127643179690881,-0.0251413059615933,0.143,0.162,1,"OXR1","GSE214411","Myeloid",TRUE
0.127679682420252,-1.34275989556923,0.013,0.022,1,"BTLA","GSE214411","Myeloid",TRUE
0.127707206639678,0.32324370104927,0.349,0.371,1,"CLTB","GSE214411","Myeloid",TRUE
0.127938051190314,-0.418229387610079,0.084,0.102,1,"CWF19L2","GSE214411","Myeloid",TRUE
0.128005156347554,0.474342957478252,0.019,0.011,1,"MUC12","GSE214411","Myeloid",TRUE
0.128064397329359,0.43297997218724,0.024,0.015,1,"TUFT1","GSE214411","Myeloid",TRUE
0.128094506401477,-1.97486144572102,0.006,0.013,1,"PHOSPHO2","GSE214411","Myeloid",TRUE
0.128245422423103,-0.608559479381379,0.049,0.065,1,"CD163L1","GSE214411","Myeloid",TRUE
0.128432589850209,0.623295412150666,0.033,0.022,1,"CXCR1","GSE214411","Myeloid",TRUE
0.128432989478106,-1.63018913263519,0.006,0.013,1,"GAS8","GSE214411","Myeloid",TRUE
0.128444249501725,-0.275530672780179,0.051,0.067,1,"VPS18","GSE214411","Myeloid",TRUE
0.128444579401121,-0.67944392434763,0.046,0.06,1,"ST7L","GSE214411","Myeloid",TRUE
0.128605184892912,-0.37334854643186,0.133,0.155,1,"ACAT2","GSE214411","Myeloid",TRUE
0.128651879685757,-0.705131676796875,0.015,0.024,1,"LIN7B","GSE214411","Myeloid",TRUE
0.128659030811584,-1.98844381899543,0.006,0.013,1,"FAM72D","GSE214411","Myeloid",TRUE
0.128659030811584,-1.21696833753621,0.006,0.013,1,"MBLAC2","GSE214411","Myeloid",TRUE
0.128764943479696,0.371557863529643,0.128,0.149,1,"TMEM55A","GSE214411","Myeloid",TRUE
0.128957488578347,-0.342993023207448,0.014,0.023,1,"ANGPT2","GSE214411","Myeloid",TRUE
0.12897607440793,0.655344993736499,0.035,0.023,1,"LANCL2","GSE214411","Myeloid",TRUE
0.128997204100232,-0.663348198561068,0.013,0.022,1,"ZNF408","GSE214411","Myeloid",TRUE
0.12916771560429,-0.703007199863692,0.089,0.107,1,"GALNT10","GSE214411","Myeloid",TRUE
0.129225486712427,-1.2947167202158,0.006,0.013,1,"FAM151B","GSE214411","Myeloid",TRUE
0.129225486712427,-0.753352040720803,0.006,0.013,1,"ZNF14","GSE214411","Myeloid",TRUE
0.129328229196207,-0.25547219925732,0.013,0.022,1,"TONSL","GSE214411","Myeloid",TRUE
0.129367173078879,-0.156574053052184,0.046,0.06,1,"GEMIN7","GSE214411","Myeloid",TRUE
0.129382718550218,-0.231849436081987,0.172,0.189,1,"PTGS1","GSE214411","Myeloid",TRUE
0.129411088465575,0.461047752653366,0.013,0.022,1,"ACOT2","GSE214411","Myeloid",TRUE
0.129503698483611,-0.492417755841587,0.08,0.097,1,"RCHY1","GSE214411","Myeloid",TRUE
0.129578439373275,-0.231769385164303,0.116,0.135,1,"YY1AP1","GSE214411","Myeloid",TRUE
0.129628573318102,-0.0823691499546237,0.075,0.093,1,"USP38","GSE214411","Myeloid",TRUE
0.129629676167239,-0.335647297929272,0.121,0.141,1,"RIC8A","GSE214411","Myeloid",TRUE
0.129680044617366,-0.573034896712257,0.006,0.013,1,"LINC00526","GSE214411","Myeloid",TRUE
0.129731310134,-0.0750133596506861,0.122,0.141,1,"LIMA1","GSE214411","Myeloid",TRUE
0.129801439701397,0.163630543630669,0.252,0.221,1,"TNFRSF10B","GSE214411","Myeloid",TRUE
0.129899161823832,0.0268475124178646,0.041,0.055,1,"GATB","GSE214411","Myeloid",TRUE
0.129992258196913,-0.777327076212315,0.013,0.022,1,"ST3GAL3","GSE214411","Myeloid",TRUE
0.130027913787808,0.603141519264134,0.09,0.071,1,"WDR59","GSE214411","Myeloid",TRUE
0.130082937245111,-0.464453964929936,0.269,0.282,1,"SMCO4","GSE214411","Myeloid",TRUE
0.130169220258603,-0.56145622478446,0.014,0.023,1,"N6AMT1","GSE214411","Myeloid",TRUE
0.130389364136329,-0.820926808569645,0.083,0.099,1,"USP6NL","GSE214411","Myeloid",TRUE
0.13047850694341,-0.2503927913472,0.006,0.013,1,"CFAP44","GSE214411","Myeloid",TRUE
0.130821870541561,-0.691337780180928,0.006,0.013,1,"RP11-159G9.5","GSE214411","Myeloid",TRUE
0.130860103609295,-1.5125306875704,0.015,0.024,1,"HCG11","GSE214411","Myeloid",TRUE
0.131130107521686,0.0753645551349,0.482,0.506,1,"SF3B1","GSE214411","Myeloid",TRUE
0.131187496549258,0.97397276210207,0.067,0.051,1,"CLASP1","GSE214411","Myeloid",TRUE
0.131192922124098,0.703966109774829,0.051,0.037,1,"GNG10","GSE214411","Myeloid",TRUE
0.131264693720807,-1.09587044127654,0.033,0.046,1,"MOSPD1","GSE214411","Myeloid",TRUE
0.131402745489196,0.331827856029483,0.44,0.416,1,"SNRPG","GSE214411","Myeloid",TRUE
0.131479010897019,-1.06986986819193,0.094,0.111,1,"SFXN3","GSE214411","Myeloid",TRUE
0.131737535057665,-0.0148343078805238,0.161,0.132,1,"RBM12","GSE214411","Myeloid",TRUE
0.131877960900569,-0.407316038618093,0.082,0.099,1,"KLHL8","GSE214411","Myeloid",TRUE
0.131986818920155,0.367621120895339,0.201,0.173,1,"CHSY1","GSE214411","Myeloid",TRUE
0.132066807447001,-0.45853629171391,0.088,0.106,1,"MFHAS1","GSE214411","Myeloid",TRUE
0.132261037039104,2.89067294054923,0.014,0.007,1,"GZMM","GSE214411","Myeloid",TRUE
0.132317883664605,0.341653803608675,0.006,0.013,1,"PDE9A","GSE214411","Myeloid",TRUE
0.132319801772419,-0.142010135879819,0.042,0.056,1,"CPOX","GSE214411","Myeloid",TRUE
0.132421565374372,0.871500003407157,0.013,0.022,1,"SUV39H2","GSE214411","Myeloid",TRUE
0.13254816049763,0.323227525017935,0.174,0.193,1,"CBL","GSE214411","Myeloid",TRUE
0.132673378446156,-0.216821810128401,0.173,0.193,1,"ACAA2","GSE214411","Myeloid",TRUE
0.132695899808436,-2.11478483890658,0.015,0.024,1,"ZNF649","GSE214411","Myeloid",TRUE
0.132780283829201,0.879040324076072,0.031,0.02,1,"PTN","GSE214411","Myeloid",TRUE
0.132874695716795,0.0246556528324414,0.24,0.255,1,"C1orf122","GSE214411","Myeloid",TRUE
0.133047486702753,-0.333261406907213,0.054,0.069,1,"PICK1","GSE214411","Myeloid",TRUE
0.133092668260916,-0.141232910780805,0.422,0.442,1,"APEX1","GSE214411","Myeloid",TRUE
0.133129306494565,-0.540377564544694,0.189,0.21,1,"SPTLC2","GSE214411","Myeloid",TRUE
0.133137833031101,-1.02102225030351,0.015,0.024,1,"ZC3H10","GSE214411","Myeloid",TRUE
0.133281984443705,-0.156456316854759,0.114,0.132,1,"UHRF1BP1L","GSE214411","Myeloid",TRUE
0.133289052652038,-0.758514430545853,0.077,0.093,1,"CMSS1","GSE214411","Myeloid",TRUE
0.133325902465563,0.370061887025411,0.243,0.211,1,"TFG","GSE214411","Myeloid",TRUE
0.133406853906993,0.271904998438622,0.052,0.038,1,"HAUS7","GSE214411","Myeloid",TRUE
0.133456615254254,2.18466400826683,0.01,0.004,1,"DTX1","GSE214411","Myeloid",TRUE
0.133473033664507,0.265354385394664,0.481,0.446,1,"ETF1","GSE214411","Myeloid",TRUE
0.13353727501431,-0.144813146855001,0.041,0.029,1,"PRR3","GSE214411","Myeloid",TRUE
0.133544356239356,-0.108116075606146,0.411,0.429,1,"EIF2S2","GSE214411","Myeloid",TRUE
0.133675819270778,-0.565105919775178,0.153,0.169,1,"DDA1","GSE214411","Myeloid",TRUE
0.133718464732441,2.53515334457938,0.01,0.004,1,"NRSN2","GSE214411","Myeloid",TRUE
0.13379932402554,0.19429741996476,0.355,0.32,1,"NOL7","GSE214411","Myeloid",TRUE
0.133849538437428,1.8705348530174,0.01,0.004,1,"CD96","GSE214411","Myeloid",TRUE
0.133931154572058,-0.422578277678426,0.045,0.059,1,"COL4A1","GSE214411","Myeloid",TRUE
0.133933644021564,-0.0999260793559094,0.102,0.122,1,"UGGT1","GSE214411","Myeloid",TRUE
0.133955729673958,-0.383809111650878,0.08,0.096,1,"LHPP","GSE214411","Myeloid",TRUE
0.133980711508753,0.908872366450939,0.01,0.004,1,"XX-FW83128A1.2","GSE214411","Myeloid",TRUE
0.134017051257609,-0.251916628380186,0.14,0.158,1,"YAF2","GSE214411","Myeloid",TRUE
0.134063120242929,-0.412741436469444,0.115,0.133,1,"MGAT4B","GSE214411","Myeloid",TRUE
0.134146470724609,-1.3831518296062,0.015,0.024,1,"MIRLET7BHG","GSE214411","Myeloid",TRUE
0.134163356236019,-0.364794653244116,0.086,0.104,1,"COX11","GSE214411","Myeloid",TRUE
0.134185165731074,-0.20797134431828,0.12,0.14,1,"ZCCHC2","GSE214411","Myeloid",TRUE
0.134374827338499,2.15305848573142,0.01,0.004,1,"KIF9-AS1","GSE214411","Myeloid",TRUE
0.134506398292822,0.843568654619211,0.01,0.004,1,"SCN9A","GSE214411","Myeloid",TRUE
0.134594530844441,-1.77086217086875,0.007,0.014,1,"FBXL8","GSE214411","Myeloid",TRUE
0.134655289681568,-0.723846781092675,0.142,0.159,1,"TAF11","GSE214411","Myeloid",TRUE
0.134805223670353,1.00826822378729,0.092,0.073,1,"S1PR4","GSE214411","Myeloid",TRUE
0.134992742584994,-0.45172433162276,0.233,0.246,1,"DCP2","GSE214411","Myeloid",TRUE
0.135106097559769,0.914884526624725,0.087,0.07,1,"ESR1","GSE214411","Myeloid",TRUE
0.135165747523859,0.106987865464857,0.01,0.004,1,"TEAD3","GSE214411","Myeloid",TRUE
0.135205308783481,-0.754064954161812,0.016,0.025,1,"ZCCHC4","GSE214411","Myeloid",TRUE
0.135243735672676,-0.392170475085249,0.174,0.192,1,"UBXN6","GSE214411","Myeloid",TRUE
0.135317267410799,-0.0986477100540091,0.142,0.115,1,"BTBD1","GSE214411","Myeloid",TRUE
0.135336402493742,0.129709313273253,0.059,0.075,1,"HS2ST1","GSE214411","Myeloid",TRUE
0.135354392750352,-0.0603670658455315,0.115,0.133,1,"MED6","GSE214411","Myeloid",TRUE
0.135364621982325,-1.17851306832614,0.015,0.024,1,"ATP8B3","GSE214411","Myeloid",TRUE
0.135392569798106,0.162191599396957,0.085,0.066,1,"TMEM150A","GSE214411","Myeloid",TRUE
0.135417324668573,-0.383865726893417,0.083,0.1,1,"CRYZL1","GSE214411","Myeloid",TRUE
0.135443934534237,1.57093550734596,0.014,0.007,1,"ATP6V1C2","GSE214411","Myeloid",TRUE
0.135496481690331,-0.345865609184646,0.075,0.092,1,"AP3M1","GSE214411","Myeloid",TRUE
0.135562554129012,0.985066739865149,0.01,0.004,1,"AC011747.4","GSE214411","Myeloid",TRUE
0.135739126638916,0.283463516035974,0.146,0.166,1,"PLAGL1","GSE214411","Myeloid",TRUE
0.135751436486772,-0.460758929416509,0.058,0.073,1,"EXT2","GSE214411","Myeloid",TRUE
0.135828682447519,0.29957795692637,0.048,0.062,1,"NR2C2AP","GSE214411","Myeloid",TRUE
0.135984961626871,-0.48110369124413,0.051,0.066,1,"GALT","GSE214411","Myeloid",TRUE
0.136049537479095,-1.48039897094485,0.007,0.014,1,"ZNF613","GSE214411","Myeloid",TRUE
0.136161962129365,-1.81619557877494,0.007,0.014,1,"CETP","GSE214411","Myeloid",TRUE
0.136233200653737,-0.264339340394471,0.058,0.072,1,"TBCC","GSE214411","Myeloid",TRUE
0.136271523972056,-0.0714464564191161,0.347,0.363,1,"LAT2","GSE214411","Myeloid",TRUE
0.136281171162984,-0.375815790538657,0.146,0.164,1,"FH","GSE214411","Myeloid",TRUE
0.136328936856868,-0.389618176685433,0.086,0.103,1,"YDJC","GSE214411","Myeloid",TRUE
0.136542533146965,-0.817855817465818,0.017,0.026,1,"RTN4IP1","GSE214411","Myeloid",TRUE
0.13661208803568,-0.566135154181914,0.106,0.123,1,"GGPS1","GSE214411","Myeloid",TRUE
0.136672096001336,0.0727338758843062,0.329,0.349,1,"HADHB","GSE214411","Myeloid",TRUE
0.136775927045108,-1.0414498776979,0.027,0.038,1,"BCAS3","GSE214411","Myeloid",TRUE
0.136819645432692,0.096103939782882,0.049,0.064,1,"FAM98A","GSE214411","Myeloid",TRUE
0.136821604829436,-0.359957921805844,0.104,0.123,1,"GFM1","GSE214411","Myeloid",TRUE
0.13716550455995,0.522249814478363,0.014,0.007,1,"RP11-59C5.3","GSE214411","Myeloid",TRUE
0.137177013777246,-1.22036546546262,0.007,0.014,1,"AC061992.2","GSE214411","Myeloid",TRUE
0.137326086769103,-0.217940514918987,0.076,0.058,1,"LIMD1","GSE214411","Myeloid",TRUE
0.137381882272219,-0.154130668215953,0.014,0.007,1,"RAB37","GSE214411","Myeloid",TRUE
0.137388250769178,-0.297178450037397,0.102,0.12,1,"NAGPA","GSE214411","Myeloid",TRUE
0.137413174366275,0.219288860965452,0.051,0.037,1,"TVP23B","GSE214411","Myeloid",TRUE
0.137441872321898,0.313205492519633,0.572,0.565,1,"RILPL2","GSE214411","Myeloid",TRUE
0.137469029395616,-0.0835634604329005,0.032,0.044,1,"SUOX","GSE214411","Myeloid",TRUE
0.13759696237768,0.318677216106741,0.046,0.06,1,"FBXO3","GSE214411","Myeloid",TRUE
0.137598523114968,1.47380954174326,0.014,0.007,1,"GJA4","GSE214411","Myeloid",TRUE
0.137970525649301,-0.586240879869941,0.007,0.014,1,"ZNF462","GSE214411","Myeloid",TRUE
0.138141848014204,-0.48471046878919,0.049,0.064,1,"SLC25A38","GSE214411","Myeloid",TRUE
0.138150300177326,-0.510557809977983,0.029,0.04,1,"GOLGA8N","GSE214411","Myeloid",TRUE
0.138205959010147,-0.190836146493111,0.17,0.192,1,"SMNDC1","GSE214411","Myeloid",TRUE
0.138207152291631,-0.0396939468656897,0.469,0.494,1,"NDUFA13","GSE214411","Myeloid",TRUE
0.138208988873427,-0.606436818903568,0.079,0.095,1,"RFT1","GSE214411","Myeloid",TRUE
0.138622484491008,-1.13855809898049,0.021,0.031,1,"HKR1","GSE214411","Myeloid",TRUE
0.138692056628299,-0.19740809357949,0.031,0.042,1,"TNRC6C","GSE214411","Myeloid",TRUE
0.138805098102365,-0.220642212468676,0.209,0.23,1,"ERICH1","GSE214411","Myeloid",TRUE
0.138826863118797,1.91656655306183,0.033,0.022,1,"MAST4","GSE214411","Myeloid",TRUE
0.138870742372699,-0.0338910538268777,0.03,0.041,1,"DDX28","GSE214411","Myeloid",TRUE
0.139040262124351,0.513387012635406,0.264,0.229,1,"ALG13","GSE214411","Myeloid",TRUE
0.139114622833001,0.0267176919184269,0.569,0.627,1,"APLP2","GSE214411","Myeloid",TRUE
0.13919978066962,-1.16732946236845,0.035,0.048,1,"MYBBP1A","GSE214411","Myeloid",TRUE
0.139339056655915,-0.183770562226557,0.007,0.014,1,"GSTT2B","GSE214411","Myeloid",TRUE
0.139349383341461,-0.976178745362017,0.075,0.091,1,"NABP2","GSE214411","Myeloid",TRUE
0.139418393064314,-0.33578595918462,0.14,0.158,1,"ARFGAP2","GSE214411","Myeloid",TRUE
0.139513589292744,-0.0203117879625866,0.392,0.41,1,"NDUFA12","GSE214411","Myeloid",TRUE
0.139682816861829,0.812425461411831,0.007,0.014,1,"DIP2C","GSE214411","Myeloid",TRUE
0.139690739984464,-0.472244037579137,0.019,0.029,1,"SIMC1","GSE214411","Myeloid",TRUE
0.139691694328502,0.588402910997838,0.057,0.042,1,"HSPA2","GSE214411","Myeloid",TRUE
0.13973711413854,-0.182403600337248,0.18,0.2,1,"NSFL1C","GSE214411","Myeloid",TRUE
0.139754154330378,-1.15301621560336,0.047,0.06,1,"GABPB2","GSE214411","Myeloid",TRUE
0.139754168323498,-0.0932873636260867,0.183,0.207,1,"EAF2","GSE214411","Myeloid",TRUE
0.139919712762149,-0.9558901937099,0.083,0.099,1,"ZMYM5","GSE214411","Myeloid",TRUE
0.140027229391183,-0.192849007856941,0.007,0.014,1,"CASC15","GSE214411","Myeloid",TRUE
0.140123686913356,-0.577187210420889,0.083,0.1,1,"GABPA","GSE214411","Myeloid",TRUE
0.1401495359444,1.22634669875988,0.028,0.018,1,"LMTK2","GSE214411","Myeloid",TRUE
0.140451114918598,0.671184284029541,0.255,0.224,1,"ADIPOR1","GSE214411","Myeloid",TRUE
0.140487461979086,0.61174343599806,0.007,0.014,1,"ZNF304","GSE214411","Myeloid",TRUE
0.140613508589216,-0.676905413094463,0.081,0.099,1,"EED","GSE214411","Myeloid",TRUE
0.140644631819716,-1.01240929187065,0.022,0.033,1,"RP11-472N13.3","GSE214411","Myeloid",TRUE
0.140751839596377,0.578715889364457,0.069,0.086,1,"THAP5","GSE214411","Myeloid",TRUE
0.140840517940021,0.588678275066235,0.244,0.213,1,"DAPP1","GSE214411","Myeloid",TRUE
0.140885925229858,-0.633544700933474,0.031,0.043,1,"KLF12","GSE214411","Myeloid",TRUE
0.140925925756626,-0.145504664957273,0.15,0.168,1,"PTPN22","GSE214411","Myeloid",TRUE
0.141147836646723,0.349472736500678,0.302,0.262,1,"BIRC2","GSE214411","Myeloid",TRUE
0.141178025515889,0.609538839657467,0.043,0.057,1,"ZNF708","GSE214411","Myeloid",TRUE
0.14117999096782,1.61530266499177,0.007,0.014,1,"ZNF799","GSE214411","Myeloid",TRUE
0.141204018950672,0.373415231967456,0.018,0.028,1,"CTD-3184A7.4","GSE214411","Myeloid",TRUE
0.141233745995579,0.152334751603139,0.031,0.042,1,"CUL9","GSE214411","Myeloid",TRUE
0.141302928876103,-0.393682091498728,0.037,0.05,1,"RETSAT","GSE214411","Myeloid",TRUE
0.141351553138064,-0.00487660329482287,0.14,0.117,1,"EIF2B1","GSE214411","Myeloid",TRUE
0.141495145395925,2.16221701404996,0.02,0.012,1,"FAM63A","GSE214411","Myeloid",TRUE
0.14155058391341,0.407901339759517,0.252,0.218,1,"BIN2","GSE214411","Myeloid",TRUE
0.141803692390982,0.024178303701276,0.296,0.31,1,"CHD4","GSE214411","Myeloid",TRUE
0.141846270222496,0.468934756054841,0.016,0.025,1,"LINC00309","GSE214411","Myeloid",TRUE
0.141928448492043,-0.192309363136251,0.053,0.068,1,"ABCF3","GSE214411","Myeloid",TRUE
0.141937935730122,-0.589202543995382,0.05,0.065,1,"RFX7","GSE214411","Myeloid",TRUE
0.141986086448681,0.33125823877401,0.153,0.129,1,"TRIM25","GSE214411","Myeloid",TRUE
0.142145034465777,1.57159864478059,0.02,0.012,1,"EGFR","GSE214411","Myeloid",TRUE
0.142175623536368,0.122781803489928,0.125,0.145,1,"SLC25A1","GSE214411","Myeloid",TRUE
0.142337770951637,-0.512764268808163,0.03,0.041,1,"TRUB1","GSE214411","Myeloid",TRUE
0.142446033498447,-1.04953837801515,0.024,0.035,1,"LINC01089","GSE214411","Myeloid",TRUE
0.14252578841004,0.326918810643749,0.261,0.282,1,"NMI","GSE214411","Myeloid",TRUE
0.142583306465234,0.505330043093338,0.051,0.066,1,"TPRG1L","GSE214411","Myeloid",TRUE
0.142603332379508,0.566190417665496,0.022,0.014,1,"PGAP1","GSE214411","Myeloid",TRUE
0.142688130369864,0.104184436360073,0.036,0.049,1,"MCM2","GSE214411","Myeloid",TRUE
0.14279517356264,-0.466411404922871,0.021,0.031,1,"CAPRIN2","GSE214411","Myeloid",TRUE
0.142862527438543,-0.517220347949998,0.018,0.028,1,"NIFK-AS1","GSE214411","Myeloid",TRUE
0.143004717012603,0.114270396650609,0.016,0.025,1,"TAF1A","GSE214411","Myeloid",TRUE
0.143089212253873,0.706184889984155,0.224,0.194,1,"STAT6","GSE214411","Myeloid",TRUE
0.143093708570169,0.471727686313121,0.084,0.067,1,"AC093673.5","GSE214411","Myeloid",TRUE
0.143102971509674,-0.554554447521867,0.03,0.041,1,"SETD9","GSE214411","Myeloid",TRUE
0.143290050685424,0.472776322589768,0.12,0.099,1,"GSR","GSE214411","Myeloid",TRUE
0.143305995992063,2.15378165160732,0.008,0.003,1,"RP11-326C3.12","GSE214411","Myeloid",TRUE
0.143331454936662,-0.337443915549785,0.248,0.263,1,"DAP3","GSE214411","Myeloid",TRUE
0.143358655458991,0.216128948752457,0.025,0.016,1,"RP1-43E13.2","GSE214411","Myeloid",TRUE
0.14340514202912,-0.49274000172417,0.073,0.089,1,"WDR12","GSE214411","Myeloid",TRUE
0.143491946750439,-1.88899363501097,0.008,0.015,1,"RP13-516M14.4","GSE214411","Myeloid",TRUE
0.143568020193899,-0.484980345760821,0.017,0.026,1,"PROS1","GSE214411","Myeloid",TRUE
0.143632063290659,-0.993074568914079,0.024,0.035,1,"SPATA5","GSE214411","Myeloid",TRUE
0.143694971729568,0.0230876208704915,0.178,0.151,1,"PPARD","GSE214411","Myeloid",TRUE
0.143715958692373,-2.32472912359119,0.008,0.015,1,"SPATA24","GSE214411","Myeloid",TRUE
0.143787447417841,-0.707700061803227,0.035,0.048,1,"METTL3","GSE214411","Myeloid",TRUE
0.143828065189775,-1.21099638017917,0.008,0.015,1,"RP11-820I16.4","GSE214411","Myeloid",TRUE
0.143939867619889,-0.0485220404314886,0.019,0.029,1,"ZNF101","GSE214411","Myeloid",TRUE
0.144001896553626,-0.222399368784862,0.028,0.039,1,"TAF1C","GSE214411","Myeloid",TRUE
0.14403075427338,-1.40533740800704,0.026,0.037,1,"PLEKHA8","GSE214411","Myeloid",TRUE
0.144096780060389,-0.631336852977396,0.025,0.036,1,"VARS2","GSE214411","Myeloid",TRUE
0.144182054647495,0.410897508168089,0.348,0.319,1,"CHD2","GSE214411","Myeloid",TRUE
0.144471359335561,-0.581427927893505,0.075,0.091,1,"MCCC1","GSE214411","Myeloid",TRUE
0.144545315609414,2.75287110796418,0.008,0.003,1,"SNX15","GSE214411","Myeloid",TRUE
0.144676325975149,-0.144892733874283,0.022,0.033,1,"PLCL1","GSE214411","Myeloid",TRUE
0.144727332616832,-0.113256663653596,0.008,0.015,1,"RP11-121A8.1","GSE214411","Myeloid",TRUE
0.144802362391819,-0.616473119155224,0.031,0.043,1,"PPP1R37","GSE214411","Myeloid",TRUE
0.144856425160863,2.44193030653914,0.008,0.003,1,"AC113189.5","GSE214411","Myeloid",TRUE
0.14485677834152,-0.10930700443448,0.573,0.592,1,"H2AFZ","GSE214411","Myeloid",TRUE
0.145046941355258,0.0837456145547693,0.588,0.622,1,"NFKBIZ","GSE214411","Myeloid",TRUE
0.145123471764904,-0.0258883904635567,0.074,0.09,1,"TMEM214","GSE214411","Myeloid",TRUE
0.145168047466873,1.77351386581821,0.008,0.003,1,"AC007950.2","GSE214411","Myeloid",TRUE
0.14563644331804,1.50437120522551,0.008,0.003,1,"FOXJ1","GSE214411","Myeloid",TRUE
0.14565669913219,0.109525507538835,0.022,0.032,1,"TFCP2L1","GSE214411","Myeloid",TRUE
0.145670743596535,-0.0477387470059949,0.119,0.138,1,"SP1","GSE214411","Myeloid",TRUE
0.145771668687402,0.167586490964055,0.175,0.148,1,"MTMR6","GSE214411","Myeloid",TRUE
0.145792832129443,-3.69867879386179,0.004,0.008,1,"ETV2","GSE214411","Myeloid",TRUE
0.145805656195535,-0.537249644775649,0.053,0.068,1,"UBE2D4","GSE214411","Myeloid",TRUE
0.145870876887601,-0.0803483618947216,0.03,0.041,1,"C17orf75","GSE214411","Myeloid",TRUE
0.145928382911389,-0.203902036536241,0.037,0.05,1,"BPHL","GSE214411","Myeloid",TRUE
0.14594354931439,0.264823934639826,0.035,0.048,1,"PKP4","GSE214411","Myeloid",TRUE
0.145949349464208,-1.67693476371622,0.004,0.008,1,"RP11-307E17.8","GSE214411","Myeloid",TRUE
0.145970851648446,-0.688597307130837,0.008,0.015,1,"PAM16","GSE214411","Myeloid",TRUE
0.146029364930441,0.220313160292847,0.022,0.032,1,"PORCN","GSE214411","Myeloid",TRUE
0.146032297303666,0.0951361615446475,0.137,0.112,1,"ADIPOR2","GSE214411","Myeloid",TRUE
0.146105995377995,-1.97190697565367,0.004,0.008,1,"CTBP1-AS","GSE214411","Myeloid",TRUE
0.146148967515686,-0.975642771059635,0.021,0.031,1,"FBXL19","GSE214411","Myeloid",TRUE
0.146156188967973,-0.165596513824866,0.199,0.219,1,"ANXA6","GSE214411","Myeloid",TRUE
0.146197822035142,-0.663809269891549,0.008,0.015,1,"ZNF66","GSE214411","Myeloid",TRUE
0.146262769926427,-2.90670787899684,0.004,0.008,1,"NKD1","GSE214411","Myeloid",TRUE
0.146356420364483,0.0492883550538332,0.027,0.038,1,"TRG-AS1","GSE214411","Myeloid",TRUE
0.14636201962926,0.295552628199967,0.198,0.166,1,"PPP6R3","GSE214411","Myeloid",TRUE
0.14638155911791,0.170349523279317,0.024,0.035,1,"MEGF8","GSE214411","Myeloid",TRUE
0.14641967316509,-1.52421945743134,0.004,0.008,1,"ZNF726","GSE214411","Myeloid",TRUE
0.14641967316509,-2.32385622789659,0.004,0.008,1,"ZNF155","GSE214411","Myeloid",TRUE
0.14641967316509,-1.84297367216752,0.004,0.008,1,"ZNF417","GSE214411","Myeloid",TRUE
0.146733865935272,-0.620855029620603,0.008,0.003,1,"AP000692.10","GSE214411","Myeloid",TRUE
0.146733865935272,-1.00046389892772,0.004,0.008,1,"EDN3","GSE214411","Myeloid",TRUE
0.146733865935272,-1.38283000231526,0.004,0.008,1,"SLC25A23","GSE214411","Myeloid",TRUE
0.146781091987341,0.620598869871678,0.066,0.051,1,"POC1B","GSE214411","Myeloid",TRUE
0.146847330115651,0.673107073768727,0.06,0.046,1,"HDAC4","GSE214411","Myeloid",TRUE
0.146851797892383,-0.0143387201789835,0.022,0.032,1,"KIAA1958","GSE214411","Myeloid",TRUE
0.146861753140929,0.310899013022855,0.064,0.081,1,"SHMT1","GSE214411","Myeloid",TRUE
0.146877870845167,0.0659490506009688,0.251,0.213,1,"PPP2R1A","GSE214411","Myeloid",TRUE
0.146880353671051,-0.0104616448527137,0.008,0.015,1,"AC007325.4","GSE214411","Myeloid",TRUE
0.146891155577781,0.516601162962559,0.008,0.003,1,"RP13-49I15.6","GSE214411","Myeloid",TRUE
0.146891155577781,-0.652000259999177,0.004,0.008,1,"AC062017.1","GSE214411","Myeloid",TRUE
0.146891155577781,-1.26623438863442,0.004,0.008,1,"CCBE1","GSE214411","Myeloid",TRUE
0.147048574132501,-1.83624212663838,0.004,0.008,1,"GPRASP1","GSE214411","Myeloid",TRUE
0.147048574132501,-1.65434940223325,0.004,0.008,1,"CTB-55O6.13","GSE214411","Myeloid",TRUE
0.147078837809974,0.110797679846637,0.054,0.069,1,"KIF3B","GSE214411","Myeloid",TRUE
0.147108404937258,-1.11940640334698,0.008,0.015,1,"ZFP30","GSE214411","Myeloid",TRUE
0.147172620108857,-0.314405559448209,0.034,0.047,1,"PPP2R3B","GSE214411","Myeloid",TRUE
0.147206121654836,-1.84706064356372,0.004,0.008,1,"KCNE5","GSE214411","Myeloid",TRUE
0.147232291554922,0.313522493862083,0.244,0.217,1,"NAA50","GSE214411","Myeloid",TRUE
0.147247697243979,-0.766150581650019,0.048,0.061,1,"FANCA","GSE214411","Myeloid",TRUE
0.147363798200151,-1.89240321631026,0.004,0.008,1,"LINC01138","GSE214411","Myeloid",TRUE
0.147363798200151,-2.24530503414739,0.004,0.008,1,"RP11-179B2.2","GSE214411","Myeloid",TRUE
0.147460450460286,-0.350415628470094,0.026,0.037,1,"TYW5","GSE214411","Myeloid",TRUE
0.147465465269474,0.279874951764428,0.028,0.039,1,"L3HYPDH","GSE214411","Myeloid",TRUE
0.147521603823775,0.354295420667424,0.008,0.003,1,"RP11-324I22.4","GSE214411","Myeloid",TRUE
0.147521603823775,-1.11223534847185,0.004,0.008,1,"PIFO","GSE214411","Myeloid",TRUE
0.147534276974073,-0.0580962544884893,0.102,0.121,1,"PARP12","GSE214411","Myeloid",TRUE
0.147664439953917,0.332054602182315,0.125,0.102,1,"ARAF","GSE214411","Myeloid",TRUE
0.147679538581001,-0.758719272870096,0.004,0.008,1,"EBF4","GSE214411","Myeloid",TRUE
0.147679538581001,-0.747408380710771,0.004,0.008,1,"C19orf35","GSE214411","Myeloid",TRUE
0.147837602527083,-1.45549064117344,0.004,0.008,1,"IDH1-AS1","GSE214411","Myeloid",TRUE
0.147837602527083,-0.727713057516554,0.004,0.008,1,"HIST1H3F","GSE214411","Myeloid",TRUE
0.147837602527083,1.05757035241185,0.004,0.008,1,"AC131056.3","GSE214411","Myeloid",TRUE
0.147837602527083,-1.84382633845781,0.004,0.008,1,"ZNF563","GSE214411","Myeloid",TRUE
0.147933835771134,-0.138385430457028,0.139,0.159,1,"KPNA6","GSE214411","Myeloid",TRUE
0.147989607951435,-0.422743328725325,0.107,0.125,1,"TCEB3","GSE214411","Myeloid",TRUE
0.14799579571724,-0.00746577956194372,0.004,0.008,1,"RP11-6I2.3","GSE214411","Myeloid",TRUE
0.148019649525786,1.22257370362699,0.092,0.073,1,"RNF103","GSE214411","Myeloid",TRUE
0.148137987246936,0.417025370683727,0.008,0.015,1,"NEK2","GSE214411","Myeloid",TRUE
0.148154118206651,-0.792619313770796,0.004,0.008,1,"AZIN1-AS1","GSE214411","Myeloid",TRUE
0.148173750395137,-0.344223279318917,0.163,0.182,1,"PPID","GSE214411","Myeloid",TRUE
0.148179951235236,-0.0798953017895352,0.065,0.081,1,"MRS2","GSE214411","Myeloid",TRUE
0.148185458559772,1.05912852531202,0.053,0.039,1,"RNF123","GSE214411","Myeloid",TRUE
0.14831257005046,-0.00416472470559714,0.004,0.008,1,"AFAP1","GSE214411","Myeloid",TRUE
0.148412010738618,-0.531082991584264,0.124,0.142,1,"TRIAP1","GSE214411","Myeloid",TRUE
0.148471151303772,-0.598029345391974,0.004,0.008,1,"TCAP","GSE214411","Myeloid",TRUE
0.148532313044627,0.327891249135443,0.312,0.274,1,"PER1","GSE214411","Myeloid",TRUE
0.148570927598746,-0.326200695027916,0.095,0.112,1,"KCNMB1","GSE214411","Myeloid",TRUE
0.148632901329653,-0.00916111904083561,0.095,0.076,1,"ADRA2B","GSE214411","Myeloid",TRUE
0.148769486285059,0.327543874277081,0.081,0.064,1,"SPATA5L1","GSE214411","Myeloid",TRUE
0.148885512484811,0.2548031298072,0.022,0.032,1,"NLE1","GSE214411","Myeloid",TRUE
0.148942316374576,-0.281339809968752,0.098,0.114,1,"PIP5K1C","GSE214411","Myeloid",TRUE
0.149009356017677,-0.248201853261522,0.051,0.066,1,"LRR1","GSE214411","Myeloid",TRUE
0.149026806491939,0.031674449141688,0.666,0.756,1,"CALM1","GSE214411","Myeloid",TRUE
0.149056471526826,-0.117794492933871,0.229,0.247,1,"OTUB1","GSE214411","Myeloid",TRUE
0.149137520929273,-0.196598726353044,0.021,0.031,1,"NDC80","GSE214411","Myeloid",TRUE
0.149302600074984,0.189367076599862,0.065,0.081,1,"CPSF4","GSE214411","Myeloid",TRUE
0.149333039352287,-0.713144744376514,0.022,0.014,1,"ORMDL3","GSE214411","Myeloid",TRUE
0.149503393148763,0.285248759691507,0.347,0.309,1,"ACADVL","GSE214411","Myeloid",TRUE
0.149598075005047,-1.50670082757579,0.009,0.016,1,"TMCC1-AS1","GSE214411","Myeloid",TRUE
0.149619467966167,0.428435355011027,0.261,0.228,1,"TNIP1","GSE214411","Myeloid",TRUE
0.149639263320588,0.118473470167121,0.02,0.012,1,"ZDBF2","GSE214411","Myeloid",TRUE
0.149771678075358,-0.218748554327128,0.066,0.082,1,"NECAP1","GSE214411","Myeloid",TRUE
0.149858705911002,0.753356875559486,0.396,0.443,1,"LINC00936","GSE214411","Myeloid",TRUE
0.149882487213124,1.53633092991935,0.004,0.001,1,"RP11-135A1.2","GSE214411","Myeloid",TRUE
0.149882487213124,1.50208604195313,0.004,0.001,1,"RP11-634H22.1","GSE214411","Myeloid",TRUE
0.149882487213124,2.7069906727492,0.004,0.001,1,"ZBTB16","GSE214411","Myeloid",TRUE
0.149882487213124,4.58455589224761,0.004,0.001,1,"FANK1","GSE214411","Myeloid",TRUE
0.149882487213124,3.78301325694378,0.004,0.001,1,"RP11-66B24.2","GSE214411","Myeloid",TRUE
0.149882487213124,2.90820917842563,0.004,0.001,1,"CTD-2033A16.1","GSE214411","Myeloid",TRUE
0.149882487213124,1.43317424139732,0.004,0.001,1,"RP5-1142A6.8","GSE214411","Myeloid",TRUE
0.149921423559889,0.0436640296245283,0.031,0.042,1,"TOE1","GSE214411","Myeloid",TRUE
0.150108272251011,1.61271298301919,0.004,0.001,1,"FARP1-AS1","GSE214411","Myeloid",TRUE
0.150108272251011,3.02228116434464,0.004,0.001,1,"AMN","GSE214411","Myeloid",TRUE
0.150108272251011,4.17207433991764,0.004,0.001,1,"MYO5C","GSE214411","Myeloid",TRUE
0.150108272251011,3.85269805782643,0.004,0.001,1,"RNF222","GSE214411","Myeloid",TRUE
0.150108272251011,2.34334930781359,0.004,0.001,1,"TGM3","GSE214411","Myeloid",TRUE
0.150108272251011,4.62483256463814,0.004,0.001,1,"RP4-569M23.2","GSE214411","Myeloid",TRUE
0.150108272251011,2.56426394697418,0.004,0.001,1,"CLTCL1","GSE214411","Myeloid",TRUE
0.150138258889329,0.0392647837573588,0.074,0.09,1,"SPPL2B","GSE214411","Myeloid",TRUE
0.150265798906921,-0.23202400557112,0.192,0.212,1,"SREK1","GSE214411","Myeloid",TRUE
0.150334316586865,1.41173592139251,0.004,0.001,1,"RP11-394I13.1","GSE214411","Myeloid",TRUE
0.150334316586865,2.38966522615777,0.004,0.001,1,"ADAMTS13","GSE214411","Myeloid",TRUE
0.150334316586865,3.49162951757154,0.004,0.001,1,"LRP4","GSE214411","Myeloid",TRUE
0.150334316586865,1.54381847028365,0.004,0.001,1,"ST8SIA1","GSE214411","Myeloid",TRUE
0.150334316586865,3.12197582131652,0.004,0.001,1,"GCNT3","GSE214411","Myeloid",TRUE
0.150334316586865,2.59268544316323,0.004,0.001,1,"INSM1","GSE214411","Myeloid",TRUE
0.150513871339087,-0.234250807172642,0.028,0.039,1,"DEPTOR","GSE214411","Myeloid",TRUE
0.150560620374529,1.56836313702998,0.004,0.001,1,"PRDM16","GSE214411","Myeloid",TRUE
0.150560620374529,2.6557203471417,0.004,0.001,1,"SGPP2","GSE214411","Myeloid",TRUE
0.150560620374529,2.107262915103,0.004,0.001,1,"CWH43","GSE214411","Myeloid",TRUE
0.150560620374529,2.31158165475588,0.004,0.001,1,"ELFN1","GSE214411","Myeloid",TRUE
0.150560620374529,1.7522712806896,0.004,0.001,1,"LDOC1","GSE214411","Myeloid",TRUE
0.150560620374529,1.98241433908295,0.004,0.001,1,"TNFRSF11B","GSE214411","Myeloid",TRUE
0.150560620374529,1.31166282553271,0.004,0.001,1,"NEBL","GSE214411","Myeloid",TRUE
0.150560620374529,2.92978362821939,0.004,0.001,1,"STK24-AS1","GSE214411","Myeloid",TRUE
0.150560620374529,1.29421129089145,0.004,0.001,1,"CCDC154","GSE214411","Myeloid",TRUE
0.150560620374529,1.62176015288803,0.004,0.001,1,"CA5A","GSE214411","Myeloid",TRUE
0.150654132164577,-0.562730875511515,0.057,0.071,1,"NFE2L3","GSE214411","Myeloid",TRUE
0.15073477708302,-0.422258093628593,0.058,0.043,1,"RP11-356I2.4","GSE214411","Myeloid",TRUE
0.150787183767692,2.87041071904357,0.004,0.001,1,"PTGER3","GSE214411","Myeloid",TRUE
0.150787183767692,0.540766895290078,0.004,0.001,1,"KLHL29","GSE214411","Myeloid",TRUE
0.150787183767692,1.68677573444365,0.004,0.001,1,"PROM2","GSE214411","Myeloid",TRUE
0.150787183767692,3.07303630925377,0.004,0.001,1,"KIAA0895","GSE214411","Myeloid",TRUE
0.150787183767692,2.35068797821325,0.004,0.001,1,"FLNC","GSE214411","Myeloid",TRUE
0.150787183767692,0.841884867196854,0.004,0.001,1,"NUDT11","GSE214411","Myeloid",TRUE
0.150787183767692,1.32798950401473,0.004,0.001,1,"MAFA","GSE214411","Myeloid",TRUE
0.150787183767692,1.82320389908811,0.004,0.001,1,"RP11-727F15.11","GSE214411","Myeloid",TRUE
0.150787183767692,2.19985221106512,0.004,0.001,1,"HSPA12A","GSE214411","Myeloid",TRUE
0.150787183767692,1.34898187971882,0.004,0.001,1,"RP1-267L14.6","GSE214411","Myeloid",TRUE
0.150787183767692,2.25874746962271,0.004,0.001,1,"LRRC75B","GSE214411","Myeloid",TRUE
0.150908093605406,0.556833249552811,0.204,0.176,1,"DAP","GSE214411","Myeloid",TRUE
0.151014006919888,0.142700484551481,0.004,0.001,1,"RGPD8","GSE214411","Myeloid",TRUE
0.151014006919888,0.673030459519054,0.004,0.001,1,"KB-1410C5.5","GSE214411","Myeloid",TRUE
0.151014006919888,0.793173818686217,0.004,0.001,1,"MMRN2","GSE214411","Myeloid",TRUE
0.151014006919888,0.668127504563846,0.004,0.001,1,"RP11-455F5.3","GSE214411","Myeloid",TRUE
0.151014006919888,0.229775533208288,0.004,0.001,1,"CTC-246B18.10","GSE214411","Myeloid",TRUE
0.151014006919888,0.904539114351066,0.004,0.001,1,"AF127936.7","GSE214411","Myeloid",TRUE
0.151130059244474,0.549560221292563,0.351,0.319,1,"AZIN1","GSE214411","Myeloid",TRUE
0.151165770276051,0.698250325778734,0.025,0.036,1,"ZNF3","GSE214411","Myeloid",TRUE
0.151260889131812,1.19362908932533,0.038,0.026,1,"PAM","GSE214411","Myeloid",TRUE
0.151326006444903,-0.693200336624628,0.093,0.111,1,"NUDT9","GSE214411","Myeloid",TRUE
0.151492459893618,-1.90493442160565,0.009,0.016,1,"ZFHX2","GSE214411","Myeloid",TRUE
0.151515799260001,-0.53680133600982,0.084,0.101,1,"PALD1","GSE214411","Myeloid",TRUE
0.151609705468162,0.946897291094142,0.008,0.015,1,"PLXNB1","GSE214411","Myeloid",TRUE
0.151630490551071,-0.666756815148327,0.022,0.032,1,"DLC1","GSE214411","Myeloid",TRUE
0.151671436659249,0.170640448910185,0.346,0.302,1,"LINC00657","GSE214411","Myeloid",TRUE
0.151780789044688,0.29160643378666,0.021,0.031,1,"PLPP3","GSE214411","Myeloid",TRUE
0.151855009913456,-0.544432200478371,0.024,0.035,1,"ZDHHC13","GSE214411","Myeloid",TRUE
0.151967758299797,-0.0634222822630832,0.93,0.974,1,"MT-ND4","GSE214411","Myeloid",TRUE
0.151970168625701,-0.586312702532772,0.05,0.065,1,"C11orf24","GSE214411","Myeloid",TRUE
0.152244160078552,2.20729479820829,0.026,0.017,1,"RP11-452H21.4","GSE214411","Myeloid",TRUE
0.152324519721581,2.79649830262476,0.006,0.002,1,"RAPGEF5","GSE214411","Myeloid",TRUE
0.152324519721581,4.27599621486463,0.006,0.002,1,"USP43","GSE214411","Myeloid",TRUE
0.152462784830076,0.398571137384823,0.307,0.275,1,"EIF2A","GSE214411","Myeloid",TRUE
0.15251127290912,3.00002213958369,0.006,0.002,1,"TMEM56","GSE214411","Myeloid",TRUE
0.15251127290912,3.07279936926347,0.006,0.002,1,"MFAP3L","GSE214411","Myeloid",TRUE
0.15251127290912,3.45593720382607,0.006,0.002,1,"SAMD3","GSE214411","Myeloid",TRUE
0.15256802831205,-0.116863125191332,0.051,0.066,1,"GSTM3","GSE214411","Myeloid",TRUE
0.152610686196136,-0.0405946286213608,0.046,0.059,1,"SMARCAL1","GSE214411","Myeloid",TRUE
0.152698200295257,2.10330989066279,0.006,0.002,1,"BEND3","GSE214411","Myeloid",TRUE
0.152727940467188,-0.254699828419358,0.009,0.016,1,"RPH3AL","GSE214411","Myeloid",TRUE
0.15280666830051,-0.0256314823836679,0.034,0.023,1,"NPHP4","GSE214411","Myeloid",TRUE
0.152838085112102,0.558850176257271,0.013,0.006,1,"CSF3","GSE214411","Myeloid",TRUE
0.152885301963023,2.53470142595212,0.006,0.002,1,"ALDH1A3","GSE214411","Myeloid",TRUE
0.152914973627311,-0.381115261276745,0.059,0.074,1,"DSTYK","GSE214411","Myeloid",TRUE
0.152931158965397,0.0958661135517653,0.023,0.034,1,"MSANTD2","GSE214411","Myeloid",TRUE
0.152966265110106,0.211458880882837,0.479,0.497,1,"PAK2","GSE214411","Myeloid",TRUE
0.153072577995383,3.26631975948577,0.006,0.002,1,"RAB11FIP5","GSE214411","Myeloid",TRUE
0.153072577995383,3.30362502540929,0.006,0.002,1,"EFNA5","GSE214411","Myeloid",TRUE
0.153130116201198,1.0117391522713,0.187,0.166,1,"MGP","GSE214411","Myeloid",TRUE
0.153260028475228,4.66025349207106,0.006,0.002,1,"SPINK2","GSE214411","Myeloid",TRUE
0.153260028475228,0.627000569717181,0.006,0.002,1,"TMEM150C","GSE214411","Myeloid",TRUE
0.153260028475228,1.44748684510201,0.006,0.002,1,"BX255923.3","GSE214411","Myeloid",TRUE
0.153287499322536,-0.221889655217817,0.111,0.129,1,"TRAPPC10","GSE214411","Myeloid",TRUE
0.153547028708742,1.08334273735758,0.094,0.077,1,"ELF3","GSE214411","Myeloid",TRUE
0.153588380167823,0.299817432586791,0.036,0.049,1,"SLC41A3","GSE214411","Myeloid",TRUE
0.153596742253643,-0.728384616147253,0.129,0.148,1,"TSN","GSE214411","Myeloid",TRUE
0.153616098436187,0.181019619068423,0.206,0.176,1,"SFMBT2","GSE214411","Myeloid",TRUE
0.153623749212672,-0.395033106496136,0.257,0.275,1,"MRPL47","GSE214411","Myeloid",TRUE
0.153631276456132,-1.86644086071574,0.009,0.016,1,"RP11-803D5.4","GSE214411","Myeloid",TRUE
0.153635453108585,2.8827506774793,0.006,0.002,1,"KLRC2","GSE214411","Myeloid",TRUE
0.153635453108585,1.04670101822885,0.006,0.002,1,"ANKLE1","GSE214411","Myeloid",TRUE
0.153635453108585,0.761713462604839,0.006,0.002,1,"OLIG1","GSE214411","Myeloid",TRUE
0.153635453108585,3.39925069008637,0.006,0.002,1,"ERG","GSE214411","Myeloid",TRUE
0.15368016696947,0.938226218124019,0.055,0.041,1,"STXBP5","GSE214411","Myeloid",TRUE
0.153681531355843,-0.504728611054065,0.031,0.042,1,"MCM8","GSE214411","Myeloid",TRUE
0.153721161474296,0.135394134811968,0.013,0.006,1,"FAM83H","GSE214411","Myeloid",TRUE
0.153819765301873,0.59924032748037,0.027,0.038,1,"ETS1","GSE214411","Myeloid",TRUE
0.153823427427526,1.17688354825747,0.006,0.002,1,"MFI2-AS1","GSE214411","Myeloid",TRUE
0.153823427427526,0.564883832521076,0.006,0.002,1,"KCNH3","GSE214411","Myeloid",TRUE
0.153857743914211,-1.35185111307278,0.009,0.016,1,"CTD-2047H16.4","GSE214411","Myeloid",TRUE
0.153862678423318,-0.222235802184065,0.14,0.158,1,"NIT2","GSE214411","Myeloid",TRUE
0.153937210967001,-0.192723372130524,0.249,0.265,1,"CAPRIN1","GSE214411","Myeloid",TRUE
0.153996927048729,0.782441683786965,0.029,0.04,1,"DYSF","GSE214411","Myeloid",TRUE
0.154011576524808,-0.115377780062234,0.006,0.002,1,"LYSMD1","GSE214411","Myeloid",TRUE
0.154011576524808,0.947796683867472,0.006,0.002,1,"RP11-563N4.1","GSE214411","Myeloid",TRUE
0.154016869191839,0.469229836801166,0.053,0.039,1,"AGRN","GSE214411","Myeloid",TRUE
0.154199900482966,1.13216938782163,0.006,0.002,1,"KIAA1671","GSE214411","Myeloid",TRUE
0.154245231717664,0.114264549930271,0.078,0.061,1,"MAST3","GSE214411","Myeloid",TRUE
0.154336801146375,-0.0106850122862734,0.094,0.112,1,"GRAMD4","GSE214411","Myeloid",TRUE
0.154354301379487,0.210614753260607,0.013,0.006,1,"STPG1","GSE214411","Myeloid",TRUE
0.154395654776417,-0.634062981646198,0.046,0.059,1,"MARCH8","GSE214411","Myeloid",TRUE
0.154461225392955,-0.352973053872478,0.093,0.109,1,"STRN3","GSE214411","Myeloid",TRUE
0.154481166794642,-0.951762469127484,0.013,0.006,1,"TRIM62","GSE214411","Myeloid",TRUE
0.154504673675394,0.0189547083079571,0.066,0.05,1,"PHLDB3","GSE214411","Myeloid",TRUE
0.154577073311692,-1.27953127458791,0.006,0.002,1,"CDC14B","GSE214411","Myeloid",TRUE
0.154577073311692,0.446826705382032,0.006,0.002,1,"SPESP1","GSE214411","Myeloid",TRUE
0.15476592234697,-0.245682174564463,0.006,0.002,1,"CTD-2035E11.3","GSE214411","Myeloid",TRUE
0.15476592234697,-0.434855063149802,0.006,0.002,1,"ANO9","GSE214411","Myeloid",TRUE
0.15476592234697,-0.245917460128389,0.006,0.002,1,"AC091814.2","GSE214411","Myeloid",TRUE
0.154859466675,0.607682646526036,0.123,0.143,1,"NT5C3A","GSE214411","Myeloid",TRUE
0.154924174934149,0.619484520857933,0.068,0.085,1,"RP11-22N19.2","GSE214411","Myeloid",TRUE
0.154991117114656,1.10822328246289,0.031,0.043,1,"GMPR","GSE214411","Myeloid",TRUE
0.155002351803463,-0.00292022470826758,0.218,0.236,1,"SMARCC1","GSE214411","Myeloid",TRUE
0.155106784622578,0.444920654685175,0.104,0.085,1,"PMEPA1","GSE214411","Myeloid",TRUE
0.155221880847831,0.61637558501891,0.009,0.016,1,"EPB41L1","GSE214411","Myeloid",TRUE
0.155240276877404,-0.862011215681337,0.065,0.079,1,"IFT52","GSE214411","Myeloid",TRUE
0.155320990675115,-0.14632494593221,0.203,0.217,1,"TCERG1","GSE214411","Myeloid",TRUE
0.155342561906389,-0.713802671335371,0.089,0.105,1,"SSBP2","GSE214411","Myeloid",TRUE
0.155589060866567,0.194846075090925,0.242,0.206,1,"UBE2H","GSE214411","Myeloid",TRUE
0.155612710058578,-0.328648346267968,0.108,0.125,1,"SMURF2","GSE214411","Myeloid",TRUE
0.155620646991918,-0.142757672500105,0.081,0.099,1,"MED24","GSE214411","Myeloid",TRUE
0.155686446443403,-0.129902383506157,0.136,0.155,1,"SIGLEC10","GSE214411","Myeloid",TRUE
0.155692874158497,-0.896392916336209,0.038,0.05,1,"BTD","GSE214411","Myeloid",TRUE
0.155761420645713,0.200487927746303,0.051,0.066,1,"NUDT15","GSE214411","Myeloid",TRUE
0.155766594087021,-0.250393427845183,0.035,0.024,1,"C21orf33","GSE214411","Myeloid",TRUE
0.155775303630232,-0.411551666562353,0.171,0.191,1,"FGD2","GSE214411","Myeloid",TRUE
0.156181307032613,-0.926753937853327,0.01,0.017,1,"BEND6","GSE214411","Myeloid",TRUE
0.156318519790511,0.157547620294151,0.118,0.136,1,"HTATSF1","GSE214411","Myeloid",TRUE
0.156373759626506,1.50839847417917,0.029,0.019,1,"CDK2","GSE214411","Myeloid",TRUE
0.15648038865748,0.00277101484171993,0.009,0.016,1,"TEAD1","GSE214411","Myeloid",TRUE
0.15651243046804,-0.29002345378468,0.203,0.221,1,"CAPN1","GSE214411","Myeloid",TRUE
0.156625767110381,-0.0951539070041928,0.245,0.264,1,"SHKBP1","GSE214411","Myeloid",TRUE
0.156761677041271,-0.612798560222631,0.075,0.091,1,"RABIF","GSE214411","Myeloid",TRUE
0.156776434622438,-0.258831252793912,0.081,0.096,1,"SLC27A1","GSE214411","Myeloid",TRUE
0.156903654064116,0.0639163735498562,0.163,0.181,1,"YIPF5","GSE214411","Myeloid",TRUE
0.156913839321663,-0.537117309867886,0.107,0.123,1,"PAXBP1","GSE214411","Myeloid",TRUE
0.157026506501055,-0.0562992173563002,0.094,0.111,1,"DSC2","GSE214411","Myeloid",TRUE
0.157076022681444,0.016113110392511,0.152,0.174,1,"C3orf58","GSE214411","Myeloid",TRUE
0.157142636539869,-0.623020420432544,0.035,0.047,1,"CEP131","GSE214411","Myeloid",TRUE
0.157360730384219,0.128618525230535,0.074,0.057,1,"TATDN2","GSE214411","Myeloid",TRUE
0.157428289222885,0.466356425271742,0.038,0.026,1,"TESK2","GSE214411","Myeloid",TRUE
0.157620495142224,0.629380395782584,0.01,0.017,1,"PSMG3-AS1","GSE214411","Myeloid",TRUE
0.157687191448153,0.206284092319353,0.044,0.032,1,"XYLT1","GSE214411","Myeloid",TRUE
0.157718169194034,-0.0898653209131353,0.214,0.231,1,"DNM2","GSE214411","Myeloid",TRUE
0.158012692048257,0.06522854997232,0.094,0.112,1,"PAK1IP1","GSE214411","Myeloid",TRUE
0.158329071984624,0.144452585516039,0.246,0.263,1,"PSENEN","GSE214411","Myeloid",TRUE
0.158344101973735,-0.369366397374569,0.142,0.159,1,"TTC17","GSE214411","Myeloid",TRUE
0.158680217959282,-0.266048704028326,0.044,0.057,1,"TFIP11","GSE214411","Myeloid",TRUE
0.158696553607711,-0.333611217842912,0.079,0.095,1,"SLC35A2","GSE214411","Myeloid",TRUE
0.15889601228153,0.357896986412033,0.099,0.117,1,"RP11-437B10.1","GSE214411","Myeloid",TRUE
0.159149698029378,0.516278329066961,0.11,0.128,1,"MTMR10","GSE214411","Myeloid",TRUE
0.15918292960646,0.219689260329594,0.211,0.178,1,"ZFP91","GSE214411","Myeloid",TRUE
0.159333168799727,2.02060580124751,0.046,0.034,1,"C2orf88","GSE214411","Myeloid",TRUE
0.159517643196287,0.601498890087797,0.01,0.017,1,"FOXC1","GSE214411","Myeloid",TRUE
0.15953337537321,-0.191926104417206,0.079,0.095,1,"POU2F1","GSE214411","Myeloid",TRUE
0.159763276349445,0.602204982647877,0.077,0.061,1,"PHTF1","GSE214411","Myeloid",TRUE
0.159777054974769,1.26533432285509,0.015,0.008,1,"LONRF2","GSE214411","Myeloid",TRUE
0.159966530942898,0.705929227377033,0.01,0.017,1,"CTA-384D8.35","GSE214411","Myeloid",TRUE
0.159980344730488,0.0933942240914831,0.081,0.064,1,"MSI2","GSE214411","Myeloid",TRUE
0.160050012041586,-0.353606739394912,0.04,0.029,1,"LSMEM1","GSE214411","Myeloid",TRUE
0.160288259721414,-0.036480776120044,0.42,0.434,1,"ARL6IP1","GSE214411","Myeloid",TRUE
0.160350768836218,-0.133661902963517,0.084,0.101,1,"ARNT","GSE214411","Myeloid",TRUE
0.16036964717758,-0.131707970038054,0.11,0.127,1,"CTB-50L17.10","GSE214411","Myeloid",TRUE
0.160529639190297,2.50746247481949,0.018,0.011,1,"AQP3","GSE214411","Myeloid",TRUE
0.160537115813531,-0.844405563675847,0.046,0.059,1,"PQLC2","GSE214411","Myeloid",TRUE
0.160577731932422,0.990706807593363,0.026,0.017,1,"TSPAN1","GSE214411","Myeloid",TRUE
0.16075438176975,-0.291525490202563,0.01,0.017,1,"LMNTD2","GSE214411","Myeloid",TRUE
0.160789617355499,-0.89671423871753,0.04,0.052,1,"ENC1","GSE214411","Myeloid",TRUE
0.16099805181658,-0.40869537698201,0.063,0.077,1,"FAM175A","GSE214411","Myeloid",TRUE
0.161010721137876,0.0233699924152857,0.05,0.037,1,"DDX26B","GSE214411","Myeloid",TRUE
0.161083910115511,0.0306828279148913,0.305,0.32,1,"LSM8","GSE214411","Myeloid",TRUE
0.161212163797232,-0.252316830383659,0.099,0.115,1,"WDR70","GSE214411","Myeloid",TRUE
0.161428076052396,-0.583531993360231,0.086,0.103,1,"ARHGAP12","GSE214411","Myeloid",TRUE
0.161455380198318,-0.04372434738152,0.243,0.263,1,"ETNK1","GSE214411","Myeloid",TRUE
0.161478189121785,-0.196002880412295,0.243,0.26,1,"PSMA3-AS1","GSE214411","Myeloid",TRUE
0.161641074360562,-0.165572900359424,0.156,0.174,1,"RAB11B","GSE214411","Myeloid",TRUE
0.161658368802131,-0.0542036467093805,0.01,0.017,1,"ZNF341","GSE214411","Myeloid",TRUE
0.161771388699182,0.34671129513112,0.305,0.271,1,"SAR1A","GSE214411","Myeloid",TRUE
0.162071417380783,-0.321087733998269,0.074,0.089,1,"GTPBP8","GSE214411","Myeloid",TRUE
0.162106975206899,-1.15118902874364,0.048,0.06,1,"WNT5A","GSE214411","Myeloid",TRUE
0.162140893902501,-0.594011984965753,0.034,0.046,1,"TCP11L1","GSE214411","Myeloid",TRUE
0.162245903711098,-0.776984183480263,0.04,0.052,1,"TXNL4B","GSE214411","Myeloid",TRUE
0.16230095843328,1.20764279235077,0.033,0.046,1,"PELO","GSE214411","Myeloid",TRUE
0.162316242330104,1.22790854321909,0.031,0.021,1,"SH3BP4","GSE214411","Myeloid",TRUE
0.162419878096334,-0.74220692234191,0.054,0.068,1,"HRSP12","GSE214411","Myeloid",TRUE
0.16242522121229,-0.365810688372,0.101,0.118,1,"SIN3A","GSE214411","Myeloid",TRUE
0.162483062385601,-0.602011103315162,0.072,0.088,1,"LMNB2","GSE214411","Myeloid",TRUE
0.162633756814237,-0.037690637824511,0.089,0.106,1,"TERF2","GSE214411","Myeloid",TRUE
0.163153721497422,-0.400922879516997,0.044,0.057,1,"BCS1L","GSE214411","Myeloid",TRUE
0.163185198453971,-0.728073661772516,0.015,0.008,1,"LINC00205","GSE214411","Myeloid",TRUE
0.16326026745472,-0.0293922084075652,0.253,0.268,1,"MED28","GSE214411","Myeloid",TRUE
0.16354884331162,1.82852744671026,0.021,0.013,1,"TMEM86B","GSE214411","Myeloid",TRUE
0.163586951471199,-0.116423294752153,0.04,0.052,1,"UBIAD1","GSE214411","Myeloid",TRUE
0.163678530088728,0.457652210719909,0.111,0.091,1,"STK38","GSE214411","Myeloid",TRUE
0.163686511809593,0.107757667710543,0.176,0.194,1,"IL16","GSE214411","Myeloid",TRUE
0.163700978068006,0.477734815753331,0.077,0.061,1,"TCF3","GSE214411","Myeloid",TRUE
0.163741997582232,0.279125406845742,0.373,0.335,1,"MAGOH","GSE214411","Myeloid",TRUE
0.163989917663609,-1.57195724050589,0.004,0.01,1,"CITF22-92A6.1","GSE214411","Myeloid",TRUE
0.164114736483987,-0.027540697670922,0.011,0.018,1,"HEXA-AS1","GSE214411","Myeloid",TRUE
0.164148436521211,-1.70652512299025,0.004,0.01,1,"C19orf44","GSE214411","Myeloid",TRUE
0.164307070791032,-0.836219090246402,0.004,0.01,1,"ARSJ","GSE214411","Myeloid",TRUE
0.164307070791032,-1.56635317112602,0.004,0.01,1,"ABCD2","GSE214411","Myeloid",TRUE
0.164307070791032,-1.30018775469092,0.004,0.01,1,"C17orf51","GSE214411","Myeloid",TRUE
0.164335982892014,-0.681735669431821,0.011,0.018,1,"PYCRL","GSE214411","Myeloid",TRUE
0.164472635768505,1.17515365778357,0.023,0.015,1,"AC002467.7","GSE214411","Myeloid",TRUE
0.164597299339249,0.225344125861619,0.075,0.058,1,"NOD2","GSE214411","Myeloid",TRUE
0.164624685729635,-1.27670009433895,0.004,0.01,1,"RP11-134G8.7","GSE214411","Myeloid",TRUE
0.164624685729635,-1.3115752821844,0.004,0.01,1,"RP11-483P21.2","GSE214411","Myeloid",TRUE
0.164624685729635,-1.55471599423216,0.004,0.01,1,"CEBPA-AS1","GSE214411","Myeloid",TRUE
0.164677191641912,-1.0013274249945,0.036,0.048,1,"DOPEY1","GSE214411","Myeloid",TRUE
0.164791648346236,-1.03011681838768,0.048,0.06,1,"TRMU","GSE214411","Myeloid",TRUE
0.164910854404324,-0.050391595414065,0.15,0.124,1,"BAIAP2","GSE214411","Myeloid",TRUE
0.164917578370993,-0.375121806988474,0.161,0.178,1,"AKAP8L","GSE214411","Myeloid",TRUE
0.164957986752009,-0.42343163874248,0.128,0.145,1,"RAB35","GSE214411","Myeloid",TRUE
0.165101974742691,-2.62779627999235,0.004,0.01,1,"RP11-360L9.7","GSE214411","Myeloid",TRUE
0.165101974742691,-1.44854342316034,0.004,0.01,1,"RP11-522I20.3","GSE214411","Myeloid",TRUE
0.165142971644277,0.360300464400215,0.435,0.407,1,"HSPA9","GSE214411","Myeloid",TRUE
0.165261302336913,-0.681680294490294,0.004,0.01,1,"PLPP6","GSE214411","Myeloid",TRUE
0.16533437267921,-0.699770489806127,0.011,0.018,1,"EIF5A2","GSE214411","Myeloid",TRUE
0.165382826058661,-0.142175716593437,0.091,0.107,1,"STYXL1","GSE214411","Myeloid",TRUE
0.165580304652502,-2.42173232078141,0.004,0.01,1,"RP11-85A1.3","GSE214411","Myeloid",TRUE
0.165773028040474,0.470374541803018,0.061,0.076,1,"JADE1","GSE214411","Myeloid",TRUE
0.165832291756124,-0.168022743172433,0.102,0.12,1,"RAD51C","GSE214411","Myeloid",TRUE
0.166081088647599,-0.227335160120937,0.076,0.092,1,"L3MBTL2","GSE214411","Myeloid",TRUE
0.166279332362003,-0.146058659645793,0.287,0.304,1,"UBALD2","GSE214411","Myeloid",TRUE
0.166407175331061,-0.291558567582582,0.049,0.062,1,"ZNF407","GSE214411","Myeloid",TRUE
0.166440134905729,0.645482814585696,0.266,0.235,1,"IL6ST","GSE214411","Myeloid",TRUE
0.166464870569299,0.176299508636573,0.181,0.199,1,"KLF13","GSE214411","Myeloid",TRUE
0.166493026329072,0.966253658516208,0.018,0.011,1,"FAAH","GSE214411","Myeloid",TRUE
0.166594558738334,-0.429332589382202,0.065,0.079,1,"BLMH","GSE214411","Myeloid",TRUE
0.166700461821351,-0.680705001544318,0.004,0.01,1,"DNM3OS","GSE214411","Myeloid",TRUE
0.166744881563065,0.416122613437928,0.144,0.12,1,"TP53BP2","GSE214411","Myeloid",TRUE
0.166860948183083,-0.812734752397564,0.004,0.01,1,"SLAIN1","GSE214411","Myeloid",TRUE
0.167021550642345,-1.17308106972331,0.004,0.01,1,"AUNIP","GSE214411","Myeloid",TRUE
0.16709875400238,0.778071538868183,0.062,0.048,1,"SLC41A2","GSE214411","Myeloid",TRUE
0.167182269239141,-0.111028282040105,0.004,0.01,1,"C11orf95","GSE214411","Myeloid",TRUE
0.167551424495781,-0.864903436976874,0.036,0.048,1,"ADCK5","GSE214411","Myeloid",TRUE
0.167630589624905,-0.0635312228627107,0.057,0.042,1,"ASB6","GSE214411","Myeloid",TRUE
0.16774910306457,0.132966997034536,0.182,0.2,1,"C12orf10","GSE214411","Myeloid",TRUE
0.167946017135497,-0.627786031068224,0.056,0.07,1,"NCBP1","GSE214411","Myeloid",TRUE
0.167992675159625,0.315398929726367,0.446,0.488,1,"C10orf54","GSE214411","Myeloid",TRUE
0.168062369963128,0.458534564145457,0.035,0.024,1,"RGP1","GSE214411","Myeloid",TRUE
0.168268506581296,-0.968102842660651,0.034,0.046,1,"CCDC189","GSE214411","Myeloid",TRUE
0.168572649398161,-0.334296652448165,0.081,0.096,1,"UXS1","GSE214411","Myeloid",TRUE
0.168730654665942,-0.624028559245905,0.053,0.067,1,"SMG5","GSE214411","Myeloid",TRUE
0.168813432603666,-0.639468092855982,0.067,0.082,1,"ERCC6L2","GSE214411","Myeloid",TRUE
0.169018492896636,-0.672914438392752,0.063,0.077,1,"TTF1","GSE214411","Myeloid",TRUE
0.169024144067264,2.44679078855043,0.011,0.005,1,"LAD1","GSE214411","Myeloid",TRUE
0.169024144067264,1.75285825653727,0.011,0.005,1,"KDELC1","GSE214411","Myeloid",TRUE
0.169060812782137,0.250419368795506,0.102,0.083,1,"PSD4","GSE214411","Myeloid",TRUE
0.169205300436437,-0.766091240390627,0.083,0.099,1,"REXO1","GSE214411","Myeloid",TRUE
0.169409644860112,-0.658380693192222,0.012,0.019,1,"GRAP","GSE214411","Myeloid",TRUE
0.169485637491828,-0.289238151477821,0.075,0.09,1,"GNGT2","GSE214411","Myeloid",TRUE
0.169500892505697,-1.07849392658749,0.034,0.046,1,"RCBTB1","GSE214411","Myeloid",TRUE
0.169899565447266,-0.685900335097603,0.049,0.061,1,"NELFA","GSE214411","Myeloid",TRUE
0.169909167974361,1.87826787985838,0.011,0.005,1,"ZFP69B","GSE214411","Myeloid",TRUE
0.170095605799674,-0.665754503015664,0.08,0.095,1,"TBCD","GSE214411","Myeloid",TRUE
0.170352980482863,1.31295696808452,0.011,0.005,1,"RP11-309L24.4","GSE214411","Myeloid",TRUE
0.170352980482863,1.63074088841866,0.011,0.005,1,"KLRF1","GSE214411","Myeloid",TRUE
0.170382928727696,-2.70776120368048,0.013,0.02,1,"PTPDC1","GSE214411","Myeloid",TRUE
0.170398153846183,-0.125643662149423,0.053,0.067,1,"TNFRSF11A","GSE214411","Myeloid",TRUE
0.170511734247936,-0.425879283077963,0.113,0.13,1,"TIMM50","GSE214411","Myeloid",TRUE
0.170766181626403,-0.785967959068333,0.079,0.094,1,"GMPPA","GSE214411","Myeloid",TRUE
0.170810187332801,-0.845051816573467,0.013,0.02,1,"EPDR1","GSE214411","Myeloid",TRUE
0.170838650738898,-0.468916011958826,0.012,0.019,1,"POLR3B","GSE214411","Myeloid",TRUE
0.1709469074893,-0.378871605714035,0.048,0.06,1,"C17orf58","GSE214411","Myeloid",TRUE
0.17095285592967,0.028576919179403,0.108,0.088,1,"KLF16","GSE214411","Myeloid",TRUE
0.171036341886994,-0.0328776722412454,0.168,0.139,1,"MCMBP","GSE214411","Myeloid",TRUE
0.171127253816951,0.572935340116706,0.104,0.126,1,"PGR","GSE214411","Myeloid",TRUE
0.171273461664094,-0.0718604061771204,0.157,0.175,1,"CUL1","GSE214411","Myeloid",TRUE
0.17128288756161,1.22411221772836,0.058,0.046,1,"ID4","GSE214411","Myeloid",TRUE
0.171499861219767,-0.254037810045177,0.061,0.076,1,"PIBF1","GSE214411","Myeloid",TRUE
0.171538949682628,0.292481731144852,0.187,0.16,1,"OGDH","GSE214411","Myeloid",TRUE
0.171545354611763,0.171641525200271,0.041,0.054,1,"CASP2","GSE214411","Myeloid",TRUE
0.171677611983731,0.185860890628911,0.182,0.201,1,"MSL3","GSE214411","Myeloid",TRUE
0.171753247768806,-0.192487630560894,0.029,0.039,1,"ACVR1","GSE214411","Myeloid",TRUE
0.171838629552724,1.04292863244479,0.011,0.005,1,"RP1-151F17.2","GSE214411","Myeloid",TRUE
0.171838629552724,0.50239741777507,0.011,0.005,1,"MAFG-AS1","GSE214411","Myeloid",TRUE
0.171846943081817,-0.968801101412935,0.031,0.042,1,"PRAF2","GSE214411","Myeloid",TRUE
0.171987726092062,0.767915923747525,0.011,0.005,1,"TSPAN10","GSE214411","Myeloid",TRUE
0.172016040662422,0.314619318866996,0.174,0.149,1,"CHD3","GSE214411","Myeloid",TRUE
0.172133594830649,-0.583193477608098,0.101,0.117,1,"TRAP1","GSE214411","Myeloid",TRUE
0.172322167052362,-0.0220461901249633,0.014,0.022,1,"FABP3","GSE214411","Myeloid",TRUE
0.172382839581083,0.0171388061753599,0.117,0.096,1,"RNF2","GSE214411","Myeloid",TRUE
0.17241689957001,1.23588658936153,0.098,0.081,1,"STAT5B","GSE214411","Myeloid",TRUE
0.172746060172084,-0.0032138974121052,0.174,0.195,1,"TMEM87A","GSE214411","Myeloid",TRUE
0.172787989379646,0.350186852837374,0.243,0.211,1,"MRPL3","GSE214411","Myeloid",TRUE
0.172801974788815,-0.200575494524671,0.079,0.095,1,"BTBD6","GSE214411","Myeloid",TRUE
0.172837730510522,-2.13417234902053,0.017,0.025,1,"ZNF134","GSE214411","Myeloid",TRUE
0.172873762427958,-0.935675863146381,0.032,0.043,1,"FDXR","GSE214411","Myeloid",TRUE
0.172958524523591,-0.368249615489284,0.013,0.02,1,"RGS5","GSE214411","Myeloid",TRUE
0.17302291445258,-0.303786583898159,0.053,0.067,1,"C9orf114","GSE214411","Myeloid",TRUE
0.173188568203059,-0.0192613279901508,0.014,0.022,1,"RP11-474G23.3","GSE214411","Myeloid",TRUE
0.173332670760498,-0.294619963747196,0.164,0.179,1,"STARD3","GSE214411","Myeloid",TRUE
0.17334942918961,-0.453775194155427,0.037,0.049,1,"AK1","GSE214411","Myeloid",TRUE
0.173465751925798,-1.64898768868565,0.002,0.005,1,"LGALS8-AS1","GSE214411","Myeloid",TRUE
0.173465751925798,-2.62645803551,0.002,0.005,1,"MED12L","GSE214411","Myeloid",TRUE
0.173465751925798,-1.745555603168,0.002,0.005,1,"BBS12","GSE214411","Myeloid",TRUE
0.173465751925798,-4.96199402217026,0.002,0.005,1,"BHMT2","GSE214411","Myeloid",TRUE
0.173465751925798,-3.8576628932602,0.002,0.005,1,"MTUS2","GSE214411","Myeloid",TRUE
0.173465751925798,-1.67429845076223,0.002,0.005,1,"SPEF1","GSE214411","Myeloid",TRUE
0.173484019030713,0.438904479894462,0.011,0.005,1,"DNAJC25-GNG10","GSE214411","Myeloid",TRUE
0.173497343625718,-0.089252596797861,0.12,0.138,1,"TAF3","GSE214411","Myeloid",TRUE
0.173518273615483,-0.109293470107032,0.098,0.115,1,"ANKFY1","GSE214411","Myeloid",TRUE
0.173520663840689,-0.226376238829457,0.068,0.084,1,"SPIDR","GSE214411","Myeloid",TRUE
0.173521361021439,-0.130009682710929,0.395,0.408,1,"NUDC","GSE214411","Myeloid",TRUE
0.173530791682189,0.646288472261036,0.261,0.229,1,"RELT","GSE214411","Myeloid",TRUE
0.173566298880868,0.0389859461674646,0.063,0.077,1,"TRIP4","GSE214411","Myeloid",TRUE
0.17358114088452,0.829745871120252,0.043,0.032,1,"GABRP","GSE214411","Myeloid",TRUE
0.173669404589297,0.413638550881816,0.069,0.054,1,"H6PD","GSE214411","Myeloid",TRUE
0.173699217828479,-2.45206715087459,0.002,0.005,1,"RP1-92O14.3","GSE214411","Myeloid",TRUE
0.173699217828479,-1.83853337337301,0.002,0.005,1,"CCDC13","GSE214411","Myeloid",TRUE
0.173699217828479,-1.93152086986497,0.002,0.005,1,"RP13-131K19.1","GSE214411","Myeloid",TRUE
0.173699217828479,-2.54228644435107,0.002,0.005,1,"RP11-73K9.2","GSE214411","Myeloid",TRUE
0.173699217828479,-1.75839020606986,0.002,0.005,1,"CTB-40H15.4","GSE214411","Myeloid",TRUE
0.173699217828479,-2.39697724050867,0.002,0.005,1,"LA16c-358B7.3","GSE214411","Myeloid",TRUE
0.173784441500191,0.318785543113171,0.011,0.005,1,"RP11-356N1.2","GSE214411","Myeloid",TRUE
0.17382587543374,-0.346520988795246,0.132,0.148,1,"SPG11","GSE214411","Myeloid",TRUE
0.173932918420659,-2.23240049115313,0.002,0.005,1,"TDRD6","GSE214411","Myeloid",TRUE
0.173932918420659,-1.54567377290366,0.002,0.005,1,"PRKCQ","GSE214411","Myeloid",TRUE
0.173932918420659,-1.42234597230044,0.002,0.005,1,"RP11-486O12.2","GSE214411","Myeloid",TRUE
0.173932918420659,-1.89153879868064,0.002,0.005,1,"PRX","GSE214411","Myeloid",TRUE
0.17396527048226,-0.890235268165091,0.026,0.036,1,"SNAI3","GSE214411","Myeloid",TRUE
0.174030842864178,-1.1645457030461,0.022,0.031,1,"RP11-192H23.4","GSE214411","Myeloid",TRUE
0.174157984950786,-0.143881130563976,0.128,0.105,1,"CPT1A","GSE214411","Myeloid",TRUE
0.174166853810653,-1.45850892273579,0.002,0.005,1,"ATP1A2","GSE214411","Myeloid",TRUE
0.174166853810653,-1.68744749314217,0.002,0.005,1,"KHDC1","GSE214411","Myeloid",TRUE
0.174166853810653,-1.62418119266031,0.002,0.005,1,"RP11-503E24.2","GSE214411","Myeloid",TRUE
0.174166853810653,-1.54084052689374,0.002,0.005,1,"SYT15","GSE214411","Myeloid",TRUE
0.174166853810653,-2.63849799802964,0.002,0.005,1,"PTPRB","GSE214411","Myeloid",TRUE
0.174166853810653,-1.34715465730442,0.002,0.005,1,"RUNDC3A-AS1","GSE214411","Myeloid",TRUE
0.174185766278404,0.0171063514009062,0.049,0.036,1,"CRY1","GSE214411","Myeloid",TRUE
0.174191660602532,-0.14154810110127,0.082,0.097,1,"C21orf2","GSE214411","Myeloid",TRUE
0.174401024106632,-3.38040508143626,0.002,0.005,1,"RP5-998N21.4","GSE214411","Myeloid",TRUE
0.174401024106632,-1.87891963342835,0.002,0.005,1,"TMIE","GSE214411","Myeloid",TRUE
0.174401024106632,-1.28103968204042,0.002,0.005,1,"RP1-265C24.8","GSE214411","Myeloid",TRUE
0.174401024106632,-1.35425514340428,0.002,0.005,1,"RGMA","GSE214411","Myeloid",TRUE
0.174401024106632,-1.53787399679477,0.002,0.005,1,"ANKEF1","GSE214411","Myeloid",TRUE
0.174401024106632,-1.23505481665589,0.002,0.005,1,"CCDC8","GSE214411","Myeloid",TRUE
0.174401024106632,-1.51125823351832,0.002,0.005,1,"RP3-333H23.8","GSE214411","Myeloid",TRUE
0.174401024106632,-1.46063261471895,0.002,0.005,1,"RP11-442O1.4","GSE214411","Myeloid",TRUE
0.174539608347514,1.00250923038239,0.127,0.107,1,"BBIP1","GSE214411","Myeloid",TRUE
0.174635429416618,0.0136699459326755,0.002,0.005,1,"FAM53A","GSE214411","Myeloid",TRUE
0.174635429416618,0.260167167921187,0.002,0.005,1,"RP4-548D19.3","GSE214411","Myeloid",TRUE
0.174635429416618,-1.18169349999688,0.002,0.005,1,"MCMDC2","GSE214411","Myeloid",TRUE
0.174635429416618,-1.3596907934334,0.002,0.005,1,"ARMC3","GSE214411","Myeloid",TRUE
0.174635429416618,0.223727413537094,0.002,0.005,1,"ZNF239","GSE214411","Myeloid",TRUE
0.174635429416618,-1.47747146849507,0.002,0.005,1,"RP11-996F15.6","GSE214411","Myeloid",TRUE
0.174635429416618,-1.40256961609067,0.002,0.005,1,"ABCC6","GSE214411","Myeloid",TRUE
0.174635429416618,-1.31079684022348,0.002,0.005,1,"RP11-81A22.5","GSE214411","Myeloid",TRUE
0.174651183186104,-0.676685416992486,0.03,0.04,1,"NMNAT1","GSE214411","Myeloid",TRUE
0.174651617007299,-0.817159441128351,0.046,0.058,1,"DDX51","GSE214411","Myeloid",TRUE
0.17465349417769,0.119358760296452,0.033,0.044,1,"KLHL9","GSE214411","Myeloid",TRUE
0.174785570667054,-0.500419796201217,0.013,0.021,1,"CYP2R1","GSE214411","Myeloid",TRUE
0.174865211736587,-0.0728192281152393,0.146,0.165,1,"KLF7","GSE214411","Myeloid",TRUE
0.174870069848485,-1.32541281768301,0.002,0.005,1,"RP11-173C1.1","GSE214411","Myeloid",TRUE
0.174870069848485,-3.12975558717158,0.002,0.005,1,"TMEM38A","GSE214411","Myeloid",TRUE
0.174870069848485,-1.58824157103839,0.002,0.005,1,"LCA5L","GSE214411","Myeloid",TRUE
0.174892385866295,0.228209506978099,0.075,0.059,1,"NAT9","GSE214411","Myeloid",TRUE
0.174929668439222,-0.843001370229748,0.046,0.058,1,"CRAT","GSE214411","Myeloid",TRUE
0.175089112293583,-1.08061295210719,0.025,0.035,1,"NECAB3","GSE214411","Myeloid",TRUE
0.175104945509958,-3.30787680008146,0.002,0.005,1,"RP11-244H3.4","GSE214411","Myeloid",TRUE
0.175104945509958,-0.631833346844406,0.002,0.005,1,"DRC1","GSE214411","Myeloid",TRUE
0.175104945509958,-0.329276423630002,0.002,0.005,1,"TM4SF18","GSE214411","Myeloid",TRUE
0.175104945509958,0.325095655831229,0.002,0.005,1,"RP11-412D9.4","GSE214411","Myeloid",TRUE
0.175104945509958,-2.00027342518679,0.002,0.005,1,"ZNF607","GSE214411","Myeloid",TRUE
0.175104945509958,-0.191978646469789,0.002,0.005,1,"AL354822.1","GSE214411","Myeloid",TRUE
0.175340056508614,0.815758733183995,0.002,0.005,1,"OLFML1","GSE214411","Myeloid",TRUE
0.175340056508614,-0.426119790649553,0.002,0.005,1,"SLC25A15","GSE214411","Myeloid",TRUE
0.175417760258888,-0.0665930135200621,0.069,0.084,1,"P4HTM","GSE214411","Myeloid",TRUE
0.175430947526281,-0.0168720650507357,0.084,0.101,1,"TUBGCP3","GSE214411","Myeloid",TRUE
0.175431770139793,0.0113101943113485,0.239,0.267,1,"ABL2","GSE214411","Myeloid",TRUE
0.175465881732476,-0.578766060338582,0.159,0.174,1,"TNIP2","GSE214411","Myeloid",TRUE
0.175549260963366,-1.38957717431969,0.014,0.022,1,"OLFM1","GSE214411","Myeloid",TRUE
0.175575402951881,0.00559578122042215,0.002,0.005,1,"SLC30A2","GSE214411","Myeloid",TRUE
0.175575402951881,0.238776046528985,0.002,0.005,1,"DNAH7","GSE214411","Myeloid",TRUE
0.175575402951881,-0.707693492266444,0.002,0.005,1,"SLC35G2","GSE214411","Myeloid",TRUE
0.175665774980389,0.315870571471122,0.136,0.155,1,"CFAP97","GSE214411","Myeloid",TRUE
0.175810984947037,1.43670136673582,0.002,0.005,1,"PTGDR","GSE214411","Myeloid",TRUE
0.176040883433034,0.914435867467112,0.027,0.018,1,"SLC35F2","GSE214411","Myeloid",TRUE
0.176064434717526,-0.834401583994184,0.05,0.064,1,"SEMA4C","GSE214411","Myeloid",TRUE
0.176076807693566,-0.785606291543349,0.03,0.04,1,"VCAM1","GSE214411","Myeloid",TRUE
0.176220830746201,0.66137223252506,0.045,0.058,1,"GEMIN2","GSE214411","Myeloid",TRUE
0.176504549059382,0.0146961537964709,0.079,0.094,1,"HIBCH","GSE214411","Myeloid",TRUE
0.176541513319837,-1.96058703118167,0.005,0.011,1,"RP11-661A12.5","GSE214411","Myeloid",TRUE
0.176643950228354,0.468802880878164,0.181,0.157,1,"SCLT1","GSE214411","Myeloid",TRUE
0.17691794433429,-0.0332198133391497,0.184,0.202,1,"CRELD2","GSE214411","Myeloid",TRUE
0.176933883220829,-0.115575935252164,0.111,0.127,1,"SUPT20H","GSE214411","Myeloid",TRUE
0.176968559660948,0.298757365283327,0.17,0.144,1,"APOBEC3G","GSE214411","Myeloid",TRUE
0.177136585894432,-0.858298193312272,0.066,0.079,1,"MLST8","GSE214411","Myeloid",TRUE
0.177156146307781,-0.174495238505257,0.155,0.174,1,"SULT1A1","GSE214411","Myeloid",TRUE
0.177250163041292,-0.618365688412815,0.053,0.067,1,"MEMO1","GSE214411","Myeloid",TRUE
0.177494182619238,-0.127063314908434,0.276,0.289,1,"ECHDC1","GSE214411","Myeloid",TRUE
0.177534667527384,-1.86757991128334,0.016,0.024,1,"ABHD16A","GSE214411","Myeloid",TRUE
0.177574742866873,-1.09000590896022,0.024,0.034,1,"MYEF2","GSE214411","Myeloid",TRUE
0.177738349678654,-0.762204539302523,0.03,0.04,1,"PRDM4","GSE214411","Myeloid",TRUE
0.177741938962316,-0.0715141903297796,0.037,0.049,1,"RARRES2","GSE214411","Myeloid",TRUE
0.177742579372124,-1.20729868915866,0.022,0.032,1,"TRIM36","GSE214411","Myeloid",TRUE
0.177763010958542,0.251128081844358,0.013,0.021,1,"POMGNT2","GSE214411","Myeloid",TRUE
0.177763010958542,0.0857252179898751,0.013,0.021,1,"PPP1R3E","GSE214411","Myeloid",TRUE
0.177869746603923,-0.653430709828007,0.026,0.036,1,"SDHAF4","GSE214411","Myeloid",TRUE
0.177884659110029,-0.153742471930431,0.322,0.329,1,"KRTCAP2","GSE214411","Myeloid",TRUE
0.17789497744547,-0.635941309061726,0.075,0.089,1,"MAGEF1","GSE214411","Myeloid",TRUE
0.177930669586494,-1.60119589277597,0.016,0.024,1,"ADSSL1","GSE214411","Myeloid",TRUE
0.178113969450684,-1.53473439169464,0.005,0.011,1,"MIR34AHG","GSE214411","Myeloid",TRUE
0.178113969450684,-2.79001383541695,0.005,0.011,1,"ARHGEF39","GSE214411","Myeloid",TRUE
0.178118320467154,3.65677996687239,0.013,0.007,1,"TSHZ2","GSE214411","Myeloid",TRUE
0.178144991315193,-0.31639019944944,0.043,0.055,1,"MAPK8IP3","GSE214411","Myeloid",TRUE
0.178298647117053,0.153259678588348,0.013,0.021,1,"LRRC61","GSE214411","Myeloid",TRUE
0.17833320900883,0.435782040820884,0.126,0.147,1,"IGFBP2","GSE214411","Myeloid",TRUE
0.178421425845401,-0.753521421305233,0.03,0.04,1,"OGG1","GSE214411","Myeloid",TRUE
0.178429707786572,-2.76535837845834,0.005,0.011,1,"PBK","GSE214411","Myeloid",TRUE
0.178541029081036,-0.0104429646614062,0.035,0.047,1,"MDM1","GSE214411","Myeloid",TRUE
0.178587733043371,-1.60942786487896,0.005,0.011,1,"CKMT2-AS1","GSE214411","Myeloid",TRUE
0.178666620852512,-0.348341878037984,0.033,0.044,1,"ZFYVE26","GSE214411","Myeloid",TRUE
0.178732119640662,0.0211685868864331,0.252,0.273,1,"LARS","GSE214411","Myeloid",TRUE
0.178745862400323,-0.978184435723401,0.005,0.011,1,"C9orf24","GSE214411","Myeloid",TRUE
0.178769115134177,-0.117389633884683,0.131,0.149,1,"ITGAL","GSE214411","Myeloid",TRUE
0.178820558401049,-0.191934881174294,0.024,0.034,1,"ARIH2OS","GSE214411","Myeloid",TRUE
0.1788868665154,0.44921303082558,0.181,0.156,1,"YTHDC2","GSE214411","Myeloid",TRUE
0.178996615804267,-1.07176674126352,0.015,0.023,1,"MYB","GSE214411","Myeloid",TRUE
0.178996615804267,-0.60365936821762,0.015,0.023,1,"ZNF813","GSE214411","Myeloid",TRUE
0.179028826649747,-0.462101893029849,0.024,0.034,1,"RP11-347P5.1","GSE214411","Myeloid",TRUE
0.179046543747602,0.603031276023966,0.071,0.056,1,"RND3","GSE214411","Myeloid",TRUE
0.179062433537257,0.0222359852079048,0.005,0.011,1,"ZNF772","GSE214411","Myeloid",TRUE
0.179081274146794,0.460414458355261,0.013,0.02,1,"EDA","GSE214411","Myeloid",TRUE
0.179106303188961,-0.295112752378255,0.058,0.072,1,"ERCC3","GSE214411","Myeloid",TRUE
0.179187552599973,2.25161279322033,0.022,0.014,1,"SPAG1","GSE214411","Myeloid",TRUE
0.179311293844712,0.127122037967351,0.075,0.09,1,"MAU2","GSE214411","Myeloid",TRUE
0.179327486187349,-0.408245267774869,0.062,0.075,1,"CASD1","GSE214411","Myeloid",TRUE
0.1793558265991,-0.218712970950814,0.023,0.033,1,"TMEM229B","GSE214411","Myeloid",TRUE
0.179357267777287,-1.13344721570129,0.06,0.074,1,"NXT2","GSE214411","Myeloid",TRUE
0.179373521096829,0.236042770433909,0.013,0.021,1,"MED9","GSE214411","Myeloid",TRUE
0.179460029402508,-1.60115289062675,0.018,0.026,1,"RINL","GSE214411","Myeloid",TRUE
0.179538071759092,-0.814158069711085,0.005,0.011,1,"RP11-819C21.1","GSE214411","Myeloid",TRUE
0.179696826359573,-1.82625208024504,0.005,0.011,1,"PDP2","GSE214411","Myeloid",TRUE
0.179714670763324,-0.17960139330246,0.029,0.039,1,"ZNF260","GSE214411","Myeloid",TRUE
0.179717435150461,-0.302484082687223,0.123,0.142,1,"NSMCE2","GSE214411","Myeloid",TRUE
0.179776236295972,-0.946964279954203,0.005,0.011,1,"LGI2","GSE214411","Myeloid",TRUE
0.179916313714053,-0.692179815664379,0.015,0.023,1,"CD248","GSE214411","Myeloid",TRUE
0.179944644634242,0.560309931306811,0.242,0.212,1,"ANKRD10","GSE214411","Myeloid",TRUE
0.180002284258338,-0.0670110190036235,0.027,0.037,1,"ATP10A","GSE214411","Myeloid",TRUE
0.180049548470339,0.157214873670919,0.068,0.054,1,"KSR1","GSE214411","Myeloid",TRUE
0.180082140254957,-0.870567299897969,0.027,0.037,1,"CBWD3","GSE214411","Myeloid",TRUE
0.18009575910264,0.147039008015237,0.395,0.424,1,"SLC3A2","GSE214411","Myeloid",TRUE
0.180207198847883,0.331546538130128,0.254,0.27,1,"VAMP2","GSE214411","Myeloid",TRUE
0.180225407560766,0.0209989802460981,0.104,0.122,1,"RWDD4","GSE214411","Myeloid",TRUE
0.180271178169888,0.257586882304179,0.339,0.306,1,"EIF4E","GSE214411","Myeloid",TRUE
0.180332888206537,-0.983232644725893,0.005,0.011,1,"CTD-2341M24.1","GSE214411","Myeloid",TRUE
0.180476462579027,-0.418660311193928,0.071,0.086,1,"BIN3","GSE214411","Myeloid",TRUE
0.180493582370043,0.398197848998404,0.072,0.087,1,"ZNF431","GSE214411","Myeloid",TRUE
0.180502407544951,-0.15441120393302,0.164,0.18,1,"PROSC","GSE214411","Myeloid",TRUE
0.180510317684743,-1.01087417681695,0.018,0.026,1,"NEURL4","GSE214411","Myeloid",TRUE
0.180517457548657,0.305719152335834,0.08,0.096,1,"SWI5","GSE214411","Myeloid",TRUE
0.18058493232158,0.803184998888701,0.173,0.153,1,"FAM200B","GSE214411","Myeloid",TRUE
0.18065154562248,0.354438217500414,0.005,0.011,1,"GSTM1","GSE214411","Myeloid",TRUE
0.180698728997817,0.379504074524946,0.033,0.044,1,"RPP40","GSE214411","Myeloid",TRUE
0.180701768705278,-0.804332676825997,0.018,0.026,1,"EMID1","GSE214411","Myeloid",TRUE
0.18070880901182,1.14754069497504,0.054,0.041,1,"EML2","GSE214411","Myeloid",TRUE
0.180802860984209,0.0959567544835922,0.023,0.033,1,"DYRK1B","GSE214411","Myeloid",TRUE
0.180807563914172,0.153931268470898,0.111,0.09,1,"RBM10","GSE214411","Myeloid",TRUE
0.180811031059715,-0.00263238941570165,0.005,0.011,1,"ZNF235","GSE214411","Myeloid",TRUE
0.180841379949124,-0.246466937843195,0.06,0.074,1,"C12orf76","GSE214411","Myeloid",TRUE
0.180935071649822,0.640336887984147,0.122,0.103,1,"C15orf39","GSE214411","Myeloid",TRUE
0.181130315544014,0.646637705287962,0.005,0.011,1,"NUDT13","GSE214411","Myeloid",TRUE
0.181233900125431,-0.113649054659031,0.277,0.287,1,"SRSF4","GSE214411","Myeloid",TRUE
0.181259458969583,0.103577265668025,0.101,0.117,1,"PPP6R2","GSE214411","Myeloid",TRUE
0.181290114651508,-0.89853762745842,0.005,0.011,1,"NT5M","GSE214411","Myeloid",TRUE
0.181386160436109,-0.493037614948783,0.029,0.039,1,"PNMA1","GSE214411","Myeloid",TRUE
0.181422715404895,-1.57446660811822,0.017,0.025,1,"ATP6V1E2","GSE214411","Myeloid",TRUE
0.181442025081302,-0.145039348249351,0.156,0.173,1,"POM121","GSE214411","Myeloid",TRUE
0.181450018376132,-0.0136972641156072,0.005,0.011,1,"MOXD1","GSE214411","Myeloid",TRUE
0.181514845328279,-0.102539096873026,0.075,0.09,1,"INAFM2","GSE214411","Myeloid",TRUE
0.181546647764655,-0.154709968768045,0.151,0.166,1,"MTHFR","GSE214411","Myeloid",TRUE
0.181743535974201,-0.30554467601926,0.028,0.038,1,"CIPC","GSE214411","Myeloid",TRUE
0.181784069086006,2.53972426016366,0.013,0.007,1,"FZD6","GSE214411","Myeloid",TRUE
0.18191105505943,-0.392178167386164,0.062,0.075,1,"FBXO25","GSE214411","Myeloid",TRUE
0.181920904530926,1.62092226744276,0.013,0.007,1,"MAGI1","GSE214411","Myeloid",TRUE
0.181972862431567,0.824510742467587,0.013,0.021,1,"RP11-111M22.3","GSE214411","Myeloid",TRUE
0.182084217649357,0.679450937429364,0.119,0.101,1,"COPG1","GSE214411","Myeloid",TRUE
0.18223548079588,-0.260244786138654,0.114,0.13,1,"WDR13","GSE214411","Myeloid",TRUE
0.182424837642489,0.340938345845568,0.159,0.135,1,"PSTPIP1","GSE214411","Myeloid",TRUE
0.182466100492292,0.0565039892299235,0.119,0.099,1,"KIAA0368","GSE214411","Myeloid",TRUE
0.182572276255995,0.34469152081734,0.005,0.011,1,"GHRLOS","GSE214411","Myeloid",TRUE
0.182572276255995,0.412136270609516,0.005,0.011,1,"ZNF737","GSE214411","Myeloid",TRUE
0.182715546838459,2.28502790469022,0.016,0.01,1,"PLEKHH2","GSE214411","Myeloid",TRUE
0.182715546838459,2.16028914160189,0.016,0.01,1,"KLRD1","GSE214411","Myeloid",TRUE
0.182784208323273,-0.362021610845188,0.082,0.097,1,"PIK3CA","GSE214411","Myeloid",TRUE
0.182795606645838,0.545551189905698,0.434,0.413,1,"GABARAPL2","GSE214411","Myeloid",TRUE
0.182860464266164,-0.689705465631618,0.023,0.033,1,"GPD1L","GSE214411","Myeloid",TRUE
0.182912107670092,-0.512887617122327,0.039,0.051,1,"EEPD1","GSE214411","Myeloid",TRUE
0.182945761845035,-0.372721819190121,0.046,0.058,1,"PLXNA1","GSE214411","Myeloid",TRUE
0.183110701284811,0.271192709655337,0.06,0.075,1,"LARP1B","GSE214411","Myeloid",TRUE
0.183126948095764,-0.208650656368736,0.164,0.178,1,"NKAP","GSE214411","Myeloid",TRUE
0.183216011739163,-0.234845104420295,0.126,0.143,1,"HCCS","GSE214411","Myeloid",TRUE
0.183246244665387,-0.463046912592902,0.042,0.054,1,"DPH6","GSE214411","Myeloid",TRUE
0.183294346948116,-0.665585428708001,0.088,0.103,1,"CES2","GSE214411","Myeloid",TRUE
0.183343305453134,0.265548520206052,0.03,0.02,1,"NFIX","GSE214411","Myeloid",TRUE
0.183347142361817,-0.0465425445961504,0.407,0.432,1,"ZC3H15","GSE214411","Myeloid",TRUE
0.183397935631376,-0.822057335311994,0.018,0.026,1,"FYCO1","GSE214411","Myeloid",TRUE
0.18344254789075,-0.254983507306305,0.016,0.024,1,"HOXA11","GSE214411","Myeloid",TRUE
0.183520514889905,-0.20228356254766,0.014,0.022,1,"BRF2","GSE214411","Myeloid",TRUE
0.183592826260078,0.276782030960862,0.017,0.025,1,"HLCS","GSE214411","Myeloid",TRUE
0.183636526347139,-0.578817994010323,0.023,0.033,1,"GMDS-AS1","GSE214411","Myeloid",TRUE
0.183795381856522,-0.0505313667691976,0.025,0.035,1,"GNA11","GSE214411","Myeloid",TRUE
0.183822310095117,-0.359510293151764,0.021,0.03,1,"SLC15A2","GSE214411","Myeloid",TRUE
0.183837673132315,-0.425121490099073,0.173,0.189,1,"ZFX","GSE214411","Myeloid",TRUE
0.183906766260954,0.814266554014457,0.032,0.043,1,"GAB1","GSE214411","Myeloid",TRUE
0.184082675820325,-0.289519956491514,0.117,0.132,1,"RABGAP1","GSE214411","Myeloid",TRUE
0.184261809366624,-0.227646818636834,0.125,0.14,1,"SDHAF2","GSE214411","Myeloid",TRUE
0.184270859205697,-0.581822177317643,0.018,0.026,1,"TGFB1I1","GSE214411","Myeloid",TRUE
0.18429247603652,-0.0628775922066396,0.028,0.038,1,"ZNF43","GSE214411","Myeloid",TRUE
0.184580462090117,-0.624095171761189,0.032,0.043,1,"RP4-673M15.1","GSE214411","Myeloid",TRUE
0.184655429786025,0.315653602801373,0.032,0.043,1,"MTMR2","GSE214411","Myeloid",TRUE
0.184696116125982,-0.695346041801844,0.014,0.022,1,"SNHG10","GSE214411","Myeloid",TRUE
0.18473781832868,0.257777429660456,0.212,0.183,1,"SUN2","GSE214411","Myeloid",TRUE
0.184826565375365,0.294185489762758,0.058,0.071,1,"VPS39","GSE214411","Myeloid",TRUE
0.184944088725786,1.26975141812045,0.019,0.012,1,"ADCY4","GSE214411","Myeloid",TRUE
0.185079121293803,-0.869481104271445,0.065,0.078,1,"DHX16","GSE214411","Myeloid",TRUE
0.185166183216483,-0.482234642326599,0.027,0.037,1,"ZNF28","GSE214411","Myeloid",TRUE
0.185244377611126,-1.12590926648222,0.018,0.026,1,"RP11-556E13.1","GSE214411","Myeloid",TRUE
0.185375356935599,-0.916816474237478,0.02,0.029,1,"ADCY9","GSE214411","Myeloid",TRUE
0.185580962050594,1.33523010694264,0.086,0.071,1,"LYRM1","GSE214411","Myeloid",TRUE
0.185762966860047,-0.0462400191553649,0.198,0.214,1,"PFDN6","GSE214411","Myeloid",TRUE
0.185894034983209,-0.291240207431445,0.045,0.057,1,"ASUN","GSE214411","Myeloid",TRUE
0.185898280357322,-0.466031258827332,0.084,0.099,1,"FBXO6","GSE214411","Myeloid",TRUE
0.186025927413903,-0.315391487293508,0.018,0.026,1,"ACVR2A","GSE214411","Myeloid",TRUE
0.186046074771147,0.466299262595452,0.033,0.023,1,"SLC7A11","GSE214411","Myeloid",TRUE
0.186140919322266,-0.718226693053087,0.054,0.067,1,"PPARA","GSE214411","Myeloid",TRUE
0.186168238899067,-0.488626893377671,0.043,0.055,1,"CYB5D2","GSE214411","Myeloid",TRUE
0.18621931958258,-0.451230588231462,0.02,0.029,1,"AC007246.3","GSE214411","Myeloid",TRUE
0.186262210500221,0.547217244932045,0.108,0.09,1,"RAPH1","GSE214411","Myeloid",TRUE
0.186368654866124,-0.465620334531133,0.048,0.06,1,"SYT11","GSE214411","Myeloid",TRUE
0.18645610835192,0.258566797727876,0.281,0.245,1,"DDX6","GSE214411","Myeloid",TRUE
0.186517439800588,-0.383806378979712,0.185,0.204,1,"DRAM1","GSE214411","Myeloid",TRUE
0.186556087744215,-0.24247772106288,0.027,0.037,1,"PDDC1","GSE214411","Myeloid",TRUE
0.186606080141465,-0.305537018075441,0.076,0.091,1,"HTRA2","GSE214411","Myeloid",TRUE
0.186711780598638,-0.712485294072871,0.018,0.026,1,"RP11-631N16.2","GSE214411","Myeloid",TRUE
0.186825986759712,0.0298873434482592,0.406,0.415,1,"SUMO1","GSE214411","Myeloid",TRUE
0.187056735325778,0.147992528339707,0.44,0.459,1,"SF3B6","GSE214411","Myeloid",TRUE
0.18709752960001,1.577833270659,0.016,0.01,1,"ENO3","GSE214411","Myeloid",TRUE
0.187099630591385,0.735048244437303,0.091,0.074,1,"TRAF5","GSE214411","Myeloid",TRUE
0.18710044553643,0.100491618875019,0.207,0.227,1,"HIST1H4C","GSE214411","Myeloid",TRUE
0.187223859681548,0.806494811886688,0.016,0.01,1,"THAP9","GSE214411","Myeloid",TRUE
0.187350252738543,1.45612742170084,0.016,0.01,1,"TPTEP1","GSE214411","Myeloid",TRUE
0.187370011023591,0.105502742921481,0.151,0.126,1,"CASS4","GSE214411","Myeloid",TRUE
0.187421860166497,-0.212770300631174,0.024,0.034,1,"RP11-242D8.1","GSE214411","Myeloid",TRUE
0.187467943759119,-0.941775006052661,0.022,0.031,1,"LIN52","GSE214411","Myeloid",TRUE
0.187494049656719,0.541577166545769,0.079,0.064,1,"FAM104B","GSE214411","Myeloid",TRUE
0.187583518288509,-0.480791751260625,0.041,0.053,1,"CTC-428H11.2","GSE214411","Myeloid",TRUE
0.187694808748669,-1.21279698525681,0.018,0.026,1,"MORC2","GSE214411","Myeloid",TRUE
0.18778198550848,-0.0538512017593382,0.448,0.483,1,"UXT","GSE214411","Myeloid",TRUE
0.187825783898389,0.400650446234436,0.071,0.056,1,"OSBPL3","GSE214411","Myeloid",TRUE
0.187839814755132,0.997101809883036,0.019,0.012,1,"RP11-660L16.2","GSE214411","Myeloid",TRUE
0.187962028208438,0.124297129396756,0.021,0.03,1,"FBXO48","GSE214411","Myeloid",TRUE
0.188027281060441,-0.0816211265327103,0.029,0.039,1,"DLGAP1-AS1","GSE214411","Myeloid",TRUE
0.188072910335754,1.17964079653895,0.019,0.012,1,"FAM134B","GSE214411","Myeloid",TRUE
0.188147558018404,-0.107683589500868,0.094,0.11,1,"PRPS1","GSE214411","Myeloid",TRUE
0.188149113538102,-0.405008507270301,0.067,0.082,1,"ELMOD2","GSE214411","Myeloid",TRUE
0.188158805626918,0.0261100184291951,0.14,0.117,1,"NOC2L","GSE214411","Myeloid",TRUE
0.188236768569023,-0.819229974934663,0.016,0.01,1,"ZNF653","GSE214411","Myeloid",TRUE
0.188251627401437,-0.411469589950643,0.075,0.09,1,"HAUS4","GSE214411","Myeloid",TRUE
0.188422953789589,0.996267369335265,0.019,0.012,1,"CTB-152G17.6","GSE214411","Myeloid",TRUE
0.18843668290773,-0.192018515277823,0.178,0.196,1,"DNAJB14","GSE214411","Myeloid",TRUE
0.188588400231493,1.43007829062864,0.106,0.092,1,"RP11-467L13.7","GSE214411","Myeloid",TRUE
0.188617036951977,-1.05608452237923,0.022,0.032,1,"HHLA3","GSE214411","Myeloid",TRUE
0.188617036951977,-0.015583595093978,0.022,0.032,1,"PSKH1","GSE214411","Myeloid",TRUE
0.188625468100715,0.196432841466166,0.43,0.459,1,"STK4","GSE214411","Myeloid",TRUE
0.188659032536535,0.140322479610478,0.252,0.269,1,"WBP2","GSE214411","Myeloid",TRUE
0.188701008850978,-0.781228437369804,0.057,0.07,1,"THOP1","GSE214411","Myeloid",TRUE
0.188711991405356,-0.0305731300396506,0.026,0.036,1,"EMILIN1","GSE214411","Myeloid",TRUE
0.188782298715638,-0.933824807560561,0.045,0.057,1,"CETN3","GSE214411","Myeloid",TRUE
0.188825070550965,-1.82648251185295,0.006,0.012,1,"TIGD1","GSE214411","Myeloid",TRUE
0.188871886350739,0.85936404911162,0.016,0.01,1,"ABHD17C","GSE214411","Myeloid",TRUE
0.188879945553249,-0.248669053958805,0.057,0.07,1,"PARP11","GSE214411","Myeloid",TRUE
0.188890425648797,0.531345292023727,0.019,0.012,1,"AMZ1","GSE214411","Myeloid",TRUE
0.188924254459137,0.340622964519226,0.218,0.19,1,"REEP3","GSE214411","Myeloid",TRUE
0.188955565533406,0.528278944030512,0.412,0.374,1,"USP15","GSE214411","Myeloid",TRUE
0.188980512402399,-0.791635322017992,0.006,0.012,1,"PDPN","GSE214411","Myeloid",TRUE
0.18907337790973,0.845968416676345,0.135,0.114,1,"RMND5A","GSE214411","Myeloid",TRUE
0.189077484458009,-0.625578026173446,0.021,0.03,1,"CLP1","GSE214411","Myeloid",TRUE
0.18921009622266,0.155357945280646,0.072,0.087,1,"PBXIP1","GSE214411","Myeloid",TRUE
0.189239898621901,0.0184559170350753,0.06,0.074,1,"NCAPD3","GSE214411","Myeloid",TRUE
0.189276341640952,1.23973536751335,0.119,0.101,1,"C12orf75","GSE214411","Myeloid",TRUE
0.189325005868117,-0.082402471397867,0.13,0.109,1,"MOB3B","GSE214411","Myeloid",TRUE
0.189431785398587,2.15999362495547,0.009,0.004,1,"RP11-283G6.6","GSE214411","Myeloid",TRUE
0.189497708763254,-0.0832390545102557,0.095,0.11,1,"PHF6","GSE214411","Myeloid",TRUE
0.189599485436502,-0.292000217467809,0.137,0.154,1,"PTOV1","GSE214411","Myeloid",TRUE
0.189793739564909,-0.00485234974876425,0.059,0.073,1,"NRDE2","GSE214411","Myeloid",TRUE
0.18991352816098,-0.254365030303951,0.017,0.025,1,"MTFR2","GSE214411","Myeloid",TRUE
0.190085039523183,-0.0551746255410341,0.051,0.065,1,"UMAD1","GSE214411","Myeloid",TRUE
0.190119204115415,0.625155209822977,0.208,0.184,1,"MAPK6","GSE214411","Myeloid",TRUE
0.190216175052773,-0.300933582613895,0.117,0.132,1,"KAT8","GSE214411","Myeloid",TRUE
0.190315530846712,3.90725603974123,0.009,0.004,1,"RP11-977B10.2","GSE214411","Myeloid",TRUE
0.19038373651061,-0.205879297795001,0.006,0.012,1,"FCRL6","GSE214411","Myeloid",TRUE
0.190401643469724,0.273138558884662,0.029,0.039,1,"SENCR","GSE214411","Myeloid",TRUE
0.19049264369829,2.90146015289875,0.009,0.004,1,"DACH1","GSE214411","Myeloid",TRUE
0.19054012267774,0.416911441647276,0.006,0.012,1,"RP11-134G8.5","GSE214411","Myeloid",TRUE
0.190556050811121,0.0261044538707162,0.057,0.07,1,"ZNF654","GSE214411","Myeloid",TRUE
0.190792212334679,-0.900493596240584,0.059,0.073,1,"KLHL28","GSE214411","Myeloid",TRUE
0.190847233440698,3.30877553880187,0.009,0.004,1,"MAK","GSE214411","Myeloid",TRUE
0.190847233440698,2.26122053934109,0.009,0.004,1,"TMEM117","GSE214411","Myeloid",TRUE
0.190853178724711,-0.65801553704577,0.006,0.012,1,"ZNF77","GSE214411","Myeloid",TRUE
0.190926488389219,0.180941478027101,0.104,0.121,1,"MRPL1","GSE214411","Myeloid",TRUE
0.191009848652103,-1.16214477413526,0.006,0.012,1,"RUFY4","GSE214411","Myeloid",TRUE
0.191043105297762,-0.490140450726502,0.016,0.01,1,"ARNTL2","GSE214411","Myeloid",TRUE
0.191062137414815,0.284008304878509,0.647,0.702,1,"HSPE1","GSE214411","Myeloid",TRUE
0.191217507097901,-0.542662240608659,0.057,0.07,1,"GCN1","GSE214411","Myeloid",TRUE
0.191258682996536,-0.0428201182569425,0.445,0.457,1,"NDUFB4","GSE214411","Myeloid",TRUE
0.19133009400655,0.0861970103784981,0.223,0.237,1,"STARD7","GSE214411","Myeloid",TRUE
0.191380028670615,1.02151450896003,0.009,0.004,1,"AP001059.6","GSE214411","Myeloid",TRUE
0.191398192005979,-0.206961952442408,0.366,0.379,1,"AHSA1","GSE214411","Myeloid",TRUE
0.191417011781186,-0.382373589747846,0.021,0.03,1,"DGCR8","GSE214411","Myeloid",TRUE
0.191557870049481,1.48299524673201,0.009,0.004,1,"CCNJL","GSE214411","Myeloid",TRUE
0.191557870049481,2.29147700592764,0.009,0.004,1,"AKR1C3","GSE214411","Myeloid",TRUE
0.191557870049481,1.19442472552109,0.009,0.004,1,"BICC1","GSE214411","Myeloid",TRUE
0.191901874819691,-0.633084727244858,0.029,0.039,1,"TMPO-AS1","GSE214411","Myeloid",TRUE
0.191914253590571,0.0297101869909473,0.146,0.164,1,"USP48","GSE214411","Myeloid",TRUE
0.191954749561621,-1.03502034913681,0.041,0.053,1,"ZNF677","GSE214411","Myeloid",TRUE
0.192008428008258,0.414165706032595,0.602,0.597,1,"VMP1","GSE214411","Myeloid",TRUE
0.192009228082092,-0.186317783515822,0.267,0.283,1,"STAU1","GSE214411","Myeloid",TRUE
0.192031500237236,-0.381689333113495,0.04,0.052,1,"PATZ1","GSE214411","Myeloid",TRUE
0.192092123573989,2.03002355960377,0.009,0.004,1,"SCGB3A1","GSE214411","Myeloid",TRUE
0.192144772841185,0.499706410359487,0.019,0.028,1,"TM7SF2","GSE214411","Myeloid",TRUE
0.192270451325751,1.84724065543608,0.009,0.004,1,"IGSF3","GSE214411","Myeloid",TRUE
0.192424139380132,-0.424586553619393,0.006,0.012,1,"RP11-307C12.13","GSE214411","Myeloid",TRUE
0.192424139380132,-0.871666570699532,0.006,0.012,1,"TCEANC","GSE214411","Myeloid",TRUE
0.19273946891798,-2.04953829815839,0.006,0.012,1,"FAM167A","GSE214411","Myeloid",TRUE
0.192828195538233,-0.652468435009612,0.081,0.094,1,"SMARCD1","GSE214411","Myeloid",TRUE
0.192898010953591,1.61605739678778,0.002,0,1,"RP5-857K21.4","GSE214411","Myeloid",TRUE
0.192898010953591,0.983881374792352,0.002,0,1,"RP11-54O7.18","GSE214411","Myeloid",TRUE
0.192898010953591,0.868595018559045,0.002,0,1,"RP1-140A9.1","GSE214411","Myeloid",TRUE
0.192898010953591,1.20374453042735,0.002,0,1,"TMEM52","GSE214411","Myeloid",TRUE
0.192898010953591,1.91612585445186,0.002,0,1,"AJAP1","GSE214411","Myeloid",TRUE
0.192898010953591,1.19023802085233,0.002,0,1,"HES2","GSE214411","Myeloid",TRUE
0.192898010953591,1.02339008612825,0.002,0,1,"RP11-431K24.1","GSE214411","Myeloid",TRUE
0.192898010953591,1.2035956437783,0.002,0,1,"TMEM200B","GSE214411","Myeloid",TRUE
0.192898010953591,0.981803027170924,0.002,0,1,"RP11-109P14.10","GSE214411","Myeloid",TRUE
0.192898010953591,0.831154484857418,0.002,0,1,"RP11-399E6.1","GSE214411","Myeloid",TRUE
0.192898010953591,1.35725225316646,0.002,0,1,"RP11-42O15.3","GSE214411","Myeloid",TRUE
0.192898010953591,1.31176269375167,0.002,0,1,"RP11-403I13.7","GSE214411","Myeloid",TRUE
0.192898010953591,1.12025372313091,0.002,0,1,"S100A3","GSE214411","Myeloid",TRUE
0.192898010953591,1.28521830459963,0.002,0,1,"TDRD10","GSE214411","Myeloid",TRUE
0.192898010953591,1.84314565312112,0.002,0,1,"ATP1A4","GSE214411","Myeloid",TRUE
0.192898010953591,4.30876866793719,0.002,0,1,"SELP","GSE214411","Myeloid",TRUE
0.192898010953591,1.58591650665183,0.002,0,1,"NMNAT2","GSE214411","Myeloid",TRUE
0.192898010953591,3.19799261471914,0.002,0,1,"RP11-92G12.3","GSE214411","Myeloid",TRUE
0.192898010953591,1.0372551894817,0.002,0,1,"ADORA1","GSE214411","Myeloid",TRUE
0.192898010953591,1.32489502915544,0.002,0,1,"KISS1","GSE214411","Myeloid",TRUE
0.192898010953591,0.885486174860766,0.002,0,1,"GOLT1A","GSE214411","Myeloid",TRUE
0.192898010953591,3.7978567594216,0.002,0,1,"SERTAD4","GSE214411","Myeloid",TRUE
0.192898010953591,3.28165883715095,0.002,0,1,"RP11-365O16.6","GSE214411","Myeloid",TRUE
0.192898010953591,1.21628887418314,0.002,0,1,"RP5-1139B12.2","GSE214411","Myeloid",TRUE
0.192898010953591,1.3861218584672,0.002,0,1,"TSNAX-DISC1","GSE214411","Myeloid",TRUE
0.192898010953591,2.40657023172371,0.002,0,1,"RP4-781K5.6","GSE214411","Myeloid",TRUE
0.192898010953591,0.908447800656687,0.002,0,1,"LINC01348","GSE214411","Myeloid",TRUE
0.192898010953591,1.64785112346491,0.002,0,1,"RP11-11N7.5","GSE214411","Myeloid",TRUE
0.192898010953591,1.24473182012087,0.002,0,1,"ID2-AS1","GSE214411","Myeloid",TRUE
0.192898010953591,1.84325241656446,0.002,0,1,"RP11-245G13.2","GSE214411","Myeloid",TRUE
0.192898010953591,3.44535475456402,0.002,0,1,"MATN3","GSE214411","Myeloid",TRUE
0.192898010953591,3.44609196471761,0.002,0,1,"RP11-130L8.2","GSE214411","Myeloid",TRUE
0.192898010953591,1.26848990941875,0.002,0,1,"TCF23","GSE214411","Myeloid",TRUE
0.192898010953591,0.974714879752408,0.002,0,1,"KCNG3","GSE214411","Myeloid",TRUE
0.192898010953591,0.934076205533357,0.002,0,1,"RP11-333I13.1","GSE214411","Myeloid",TRUE
0.192898010953591,1.27209506610162,0.002,0,1,"AC073283.7","GSE214411","Myeloid",TRUE
0.192898010953591,4.53526580378821,0.002,0,1,"OTX1","GSE214411","Myeloid",TRUE
0.192898010953591,1.51630471776593,0.002,0,1,"AC008074.1","GSE214411","Myeloid",TRUE
0.192898010953591,0.795038254194974,0.002,0,1,"SH2D6","GSE214411","Myeloid",TRUE
0.192898010953591,1.44659899162075,0.002,0,1,"RP11-301O19.1","GSE214411","Myeloid",TRUE
0.192898010953591,4.18840859440243,0.002,0,1,"RFX8","GSE214411","Myeloid",TRUE
0.192898010953591,3.19219048019591,0.002,0,1,"SLC9A2","GSE214411","Myeloid",TRUE
0.192898010953591,2.71420536160657,0.002,0,1,"AC108938.5","GSE214411","Myeloid",TRUE
0.192898010953591,0.868846997124368,0.002,0,1,"ACOXL","GSE214411","Myeloid",TRUE
0.192898010953591,1.79739073369164,0.002,0,1,"LINC01412","GSE214411","Myeloid",TRUE
0.192898010953591,2.61496199634001,0.002,0,1,"ACVR1C","GSE214411","Myeloid",TRUE
0.192898010953591,2.77047910028684,0.002,0,1,"SLC4A10","GSE214411","Myeloid",TRUE
0.192898010953591,3.07042331059757,0.002,0,1,"GRB14","GSE214411","Myeloid",TRUE
0.192898010953591,1.22702913073957,0.002,0,1,"HOXD4","GSE214411","Myeloid",TRUE
0.192898010953591,2.90922360453759,0.002,0,1,"WNT6","GSE214411","Myeloid",TRUE
0.192898010953591,3.52594901144679,0.002,0,1,"CFAP65","GSE214411","Myeloid",TRUE
0.192898010953591,1.04666884590494,0.002,0,1,"DNER","GSE214411","Myeloid",TRUE
0.192898010953591,3.0570147868766,0.002,0,1,"CNTN4","GSE214411","Myeloid",TRUE
0.192898010953591,2.08710622232575,0.002,0,1,"HTR1F","GSE214411","Myeloid",TRUE
0.192898010953591,1.33396761678974,0.002,0,1,"IMPG2","GSE214411","Myeloid",TRUE
0.192898010953591,3.00705896663992,0.002,0,1,"RP11-384F7.2","GSE214411","Myeloid",TRUE
0.192898010953591,4.24758759591489,0.002,0,1,"MUC13","GSE214411","Myeloid",TRUE
0.192898010953591,3.29289836041558,0.002,0,1,"RP11-375I20.6","GSE214411","Myeloid",TRUE
0.192898010953591,1.09772482806127,0.002,0,1,"RP11-219D15.3","GSE214411","Myeloid",TRUE
0.192898010953591,3.98996827831472,0.002,0,1,"CPA3","GSE214411","Myeloid",TRUE
0.192898010953591,2.12405935945562,0.002,0,1,"VEPH1","GSE214411","Myeloid",TRUE
0.192898010953591,1.62272372088703,0.002,0,1,"RP11-494H4.3","GSE214411","Myeloid",TRUE
0.192898010953591,3.25848035452321,0.002,0,1,"EVC","GSE214411","Myeloid",TRUE
0.192898010953591,1.49008815400889,0.002,0,1,"RP11-367J11.2","GSE214411","Myeloid",TRUE
0.192898010953591,0.989250294032747,0.002,0,1,"SORCS2","GSE214411","Myeloid",TRUE
0.192898010953591,0.838098535473781,0.002,0,1,"AC006160.5","GSE214411","Myeloid",TRUE
0.192898010953591,1.36121760327728,0.002,0,1,"RP11-608O21.1","GSE214411","Myeloid",TRUE
0.192898010953591,1.22331023878422,0.002,0,1,"PTTG2","GSE214411","Myeloid",TRUE
0.192898010953591,3.76534756695282,0.002,0,1,"RP11-360F5.3","GSE214411","Myeloid",TRUE
0.192898010953591,0.859365917812431,0.002,0,1,"PPEF2","GSE214411","Myeloid",TRUE
0.192898010953591,0.751225762639638,0.002,0,1,"RP11-323J4.1","GSE214411","Myeloid",TRUE
0.192898010953591,3.23701652262479,0.002,0,1,"RP11-696N14.1","GSE214411","Myeloid",TRUE
0.192898010953591,3.86425542692805,0.002,0,1,"ADH1C","GSE214411","Myeloid",TRUE
0.192898010953591,3.85910771101699,0.002,0,1,"RP11-284M14.1","GSE214411","Myeloid",TRUE
0.192898010953591,3.30755581633385,0.002,0,1,"STOX2","GSE214411","Myeloid",TRUE
0.192898010953591,1.31504470840287,0.002,0,1,"RP11-480D4.6","GSE214411","Myeloid",TRUE
0.192898010953591,1.35360665253346,0.002,0,1,"CTNND2","GSE214411","Myeloid",TRUE
0.192898010953591,1.47680758630153,0.002,0,1,"CTD-2139B15.2","GSE214411","Myeloid",TRUE
0.192898010953591,0.998262584190167,0.002,0,1,"CTD-2203K17.1","GSE214411","Myeloid",TRUE
0.192898010953591,1.28777478061706,0.002,0,1,"PLCXD3","GSE214411","Myeloid",TRUE
0.192898010953591,1.69666826236312,0.002,0,1,"CTC-236F12.4","GSE214411","Myeloid",TRUE
0.192898010953591,3.48973254098425,0.002,0,1,"CTC-498J12.1","GSE214411","Myeloid",TRUE
0.192898010953591,1.30108363592078,0.002,0,1,"THBS4","GSE214411","Myeloid",TRUE
0.192898010953591,1.6625281600504,0.002,0,1,"ADGRV1","GSE214411","Myeloid",TRUE
0.192898010953591,2.25218828976562,0.002,0,1,"CTB-161M19.4","GSE214411","Myeloid",TRUE
0.192898010953591,2.08489824956279,0.002,0,1,"PRR16","GSE214411","Myeloid",TRUE
0.192898010953591,1.20907522956795,0.002,0,1,"SLC27A6","GSE214411","Myeloid",TRUE
0.192898010953591,2.92472305685445,0.002,0,1,"CTC-350I8.1","GSE214411","Myeloid",TRUE
0.192898010953591,2.99941075599692,0.002,0,1,"FGF1","GSE214411","Myeloid",TRUE
0.192898010953591,3.5903965873959,0.002,0,1,"CTC-367J11.1","GSE214411","Myeloid",TRUE
0.192898010953591,1.99287726056062,0.002,0,1,"AC138035.2","GSE214411","Myeloid",TRUE
0.192898010953591,1.1794961531785,0.002,0,1,"RP1-151F17.1","GSE214411","Myeloid",TRUE
0.192898010953591,1.80993647060193,0.002,0,1,"CYP21A2","GSE214411","Myeloid",TRUE
0.192898010953591,1.34935735792344,0.002,0,1,"SCUBE3","GSE214411","Myeloid",TRUE
0.192898010953591,5.0109600934407,0.002,0,1,"RCAN2","GSE214411","Myeloid",TRUE
0.192898010953591,2.08966448428857,0.002,0,1,"RP11-250B2.6","GSE214411","Myeloid",TRUE
0.192898010953591,1.13428793950713,0.002,0,1,"RP1-111D6.3","GSE214411","Myeloid",TRUE
0.192898010953591,0.922068351884434,0.002,0,1,"RP11-350J20.5","GSE214411","Myeloid",TRUE
0.192898010953591,1.12594847268199,0.002,0,1,"AC092171.2","GSE214411","Myeloid",TRUE
0.192898010953591,2.8573886839101,0.002,0,1,"ABCB5","GSE214411","Myeloid",TRUE
0.192898010953591,2.68675558369781,0.002,0,1,"AC002480.4","GSE214411","Myeloid",TRUE
0.192898010953591,1.27833547157574,0.002,0,1,"HOXA2","GSE214411","Myeloid",TRUE
0.192898010953591,3.61303853412986,0.002,0,1,"HOXA10-AS","GSE214411","Myeloid",TRUE
0.192898010953591,1.69869327667386,0.002,0,1,"CCL26","GSE214411","Myeloid",TRUE
0.192898010953591,1.09262298564493,0.002,0,1,"RP5-1185I7.1","GSE214411","Myeloid",TRUE
0.192898010953591,1.54756417222895,0.002,0,1,"CTB-167B5.1","GSE214411","Myeloid",TRUE
0.192898010953591,1.66066722506456,0.002,0,1,"AC003092.1","GSE214411","Myeloid",TRUE
0.192898010953591,3.34954551270736,0.002,0,1,"TAC1","GSE214411","Myeloid",TRUE
0.192898010953591,1.14755773618706,0.002,0,1,"CTA-339C12.1","GSE214411","Myeloid",TRUE
0.192898010953591,1.41465763152119,0.002,0,1,"LINC01393","GSE214411","Myeloid",TRUE
0.192898010953591,1.12678404391994,0.002,0,1,"CFTR","GSE214411","Myeloid",TRUE
0.192898010953591,1.00589069219949,0.002,0,1,"FSCN3","GSE214411","Myeloid",TRUE
0.192898010953591,0.895783168133375,0.002,0,1,"AC009784.3","GSE214411","Myeloid",TRUE
0.192898010953591,1.09296400632087,0.002,0,1,"RP11-563K23.1","GSE214411","Myeloid",TRUE
0.192898010953591,2.65342799795797,0.002,0,1,"KCNH2","GSE214411","Myeloid",TRUE
0.192898010953591,4.02193714181813,0.002,0,1,"ARSE","GSE214411","Myeloid",TRUE
0.192898010953591,0.768661798192955,0.002,0,1,"RP11-706O15.3","GSE214411","Myeloid",TRUE
0.192898010953591,3.95680742320048,0.002,0,1,"FIGF","GSE214411","Myeloid",TRUE
0.192898010953591,1.1169678737938,0.002,0,1,"FAM156A","GSE214411","Myeloid",TRUE
0.192898010953591,2.5434223562556,0.002,0,1,"KANTR","GSE214411","Myeloid",TRUE
0.192898010953591,0.914658472359458,0.002,0,1,"RP6-201G10.2","GSE214411","Myeloid",TRUE
0.192898010953591,1.32129560704204,0.002,0,1,"TMSB15B","GSE214411","Myeloid",TRUE
0.192898010953591,0.82884056994782,0.002,0,1,"MID2","GSE214411","Myeloid",TRUE
0.192898010953591,3.68564068778291,0.002,0,1,"IL13RA2","GSE214411","Myeloid",TRUE
0.192898010953591,3.66226619400365,0.002,0,1,"HS6ST2","GSE214411","Myeloid",TRUE
0.192898010953591,2.81039944364257,0.002,0,1,"RP11-351I21.11","GSE214411","Myeloid",TRUE
0.192898010953591,1.39619707375902,0.002,0,1,"HR","GSE214411","Myeloid",TRUE
0.192898010953591,0.879840890418661,0.002,0,1,"RBPMS-AS1","GSE214411","Myeloid",TRUE
0.192898010953591,2.61981246167718,0.002,0,1,"FAM150A","GSE214411","Myeloid",TRUE
0.192898010953591,1.05821236404594,0.002,0,1,"RP11-140I16.3","GSE214411","Myeloid",TRUE
0.192898010953591,1.04687779128757,0.002,0,1,"C8orf46","GSE214411","Myeloid",TRUE
0.192898010953591,1.03286449076079,0.002,0,1,"C8orf34-AS1","GSE214411","Myeloid",TRUE
0.192898010953591,0.937356974976868,0.002,0,1,"LACTB2-AS1","GSE214411","Myeloid",TRUE
0.192898010953591,0.703635479910933,0.002,0,1,"RP11-531A24.5","GSE214411","Myeloid",TRUE
0.192898010953591,1.75684366625122,0.002,0,1,"CASC8","GSE214411","Myeloid",TRUE
0.192898010953591,1.3857640482036,0.002,0,1,"TG","GSE214411","Myeloid",TRUE
0.192898010953591,1.78223954676555,0.002,0,1,"EPPK1","GSE214411","Myeloid",TRUE
0.192898010953591,1.46846090300216,0.002,0,1,"RP11-165F24.3","GSE214411","Myeloid",TRUE
0.192898010953591,2.70948844203619,0.002,0,1,"LINGO2","GSE214411","Myeloid",TRUE
0.192898010953591,1.22682478918529,0.002,0,1,"GLIDR","GSE214411","Myeloid",TRUE
0.192898010953591,3.29873984754905,0.002,0,1,"LINC00475","GSE214411","Myeloid",TRUE
0.192898010953591,1.72660340472569,0.002,0,1,"WDR31","GSE214411","Myeloid",TRUE
0.192898010953591,1.0705621852799,0.002,0,1,"RP11-56D16.8","GSE214411","Myeloid",TRUE
0.192898010953591,3.91328856127765,0.002,0,1,"SARDH","GSE214411","Myeloid",TRUE
0.192898010953591,2.29666465859389,0.002,0,1,"GRIN1","GSE214411","Myeloid",TRUE
0.192898010953591,1.45604110702994,0.002,0,1,"UBQLNL","GSE214411","Myeloid",TRUE
0.192898010953591,3.40586223493094,0.002,0,1,"PAX6","GSE214411","Myeloid",TRUE
0.192898010953591,0.924853776279583,0.002,0,1,"FAM180B","GSE214411","Myeloid",TRUE
0.192898010953591,0.88441182208992,0.002,0,1,"CMB9-55A18.1","GSE214411","Myeloid",TRUE
0.192898010953591,3.03294677594856,0.002,0,1,"CTD-2531D15.5","GSE214411","Myeloid",TRUE
0.192898010953591,3.54825987705602,0.002,0,1,"HRASLS5","GSE214411","Myeloid",TRUE
0.192898010953591,1.12064285856663,0.002,0,1,"RP11-783K16.13","GSE214411","Myeloid",TRUE
0.192898010953591,1.05633462508646,0.002,0,1,"TEX40","GSE214411","Myeloid",TRUE
0.192898010953591,1.08608463784694,0.002,0,1,"CTD-2530H12.4","GSE214411","Myeloid",TRUE
0.192898010953591,0.955184054409155,0.002,0,1,"B3GNT6","GSE214411","Myeloid",TRUE
0.192898010953591,3.39384528631087,0.002,0,1,"RP11-536K7.5","GSE214411","Myeloid",TRUE
0.192898010953591,1.44206275892703,0.002,0,1,"C10orf111","GSE214411","Myeloid",TRUE
0.192898010953591,1.3063808787266,0.002,0,1,"ST8SIA6","GSE214411","Myeloid",TRUE
0.192898010953591,0.949202416590103,0.002,0,1,"RP11-573G6.10","GSE214411","Myeloid",TRUE
0.192898010953591,2.90426021724476,0.002,0,1,"OGDHL","GSE214411","Myeloid",TRUE
0.192898010953591,2.93661454693608,0.002,0,1,"STOX1","GSE214411","Myeloid",TRUE
0.192898010953591,1.20661636985653,0.002,0,1,"SNCG","GSE214411","Myeloid",TRUE
0.192898010953591,0.802582310417334,0.002,0,1,"RP11-402D21.2","GSE214411","Myeloid",TRUE
0.192898010953591,0.89104511335017,0.002,0,1,"ACSM6","GSE214411","Myeloid",TRUE
0.192898010953591,2.52555864611822,0.002,0,1,"LOXL4","GSE214411","Myeloid",TRUE
0.192898010953591,1.45476764048002,0.002,0,1,"ABCC2","GSE214411","Myeloid",TRUE
0.192898010953591,3.10700191544512,0.002,0,1,"SEMA4G","GSE214411","Myeloid",TRUE
0.192898010953591,1.95238194323712,0.002,0,1,"RP1-102E24.10","GSE214411","Myeloid",TRUE
0.192898010953591,2.60805252994661,0.002,0,1,"PIK3C2G","GSE214411","Myeloid",TRUE
0.192898010953591,1.74272267887598,0.002,0,1,"TSPAN11","GSE214411","Myeloid",TRUE
0.192898010953591,0.901070680780608,0.002,0,1,"RP11-328C8.4","GSE214411","Myeloid",TRUE
0.192898010953591,3.32187250968686,0.002,0,1,"NELL2","GSE214411","Myeloid",TRUE
0.192898010953591,1.07494655467352,0.002,0,1,"RP11-923I11.8","GSE214411","Myeloid",TRUE
0.192898010953591,2.32322191366322,0.002,0,1,"RP11-1100L3.7","GSE214411","Myeloid",TRUE
0.192898010953591,1.21829479901884,0.002,0,1,"HOXC4","GSE214411","Myeloid",TRUE
0.192898010953591,1.09136958554536,0.002,0,1,"RP11-977G19.12","GSE214411","Myeloid",TRUE
0.192898010953591,4.12995569119259,0.002,0,1,"CCDC60","GSE214411","Myeloid",TRUE
0.192898010953591,3.77787342703026,0.002,0,1,"TMEM132D","GSE214411","Myeloid",TRUE
0.192898010953591,0.956358068433744,0.002,0,1,"C1QTNF9","GSE214411","Myeloid",TRUE
0.192898010953591,1.53731316202508,0.002,0,1,"PABPC3","GSE214411","Myeloid",TRUE
0.192898010953591,1.3521147381134,0.002,0,1,"RP11-271M24.2","GSE214411","Myeloid",TRUE
0.192898010953591,4.14909497739891,0.002,0,1,"MTUS2-AS1","GSE214411","Myeloid",TRUE
0.192898010953591,1.23903499957689,0.002,0,1,"RP11-290D2.6","GSE214411","Myeloid",TRUE
0.192898010953591,1.18143461129154,0.002,0,1,"COL4A2-AS1","GSE214411","Myeloid",TRUE
0.192898010953591,0.859896724369918,0.002,0,1,"LINC00565","GSE214411","Myeloid",TRUE
0.192898010953591,3.63976442487136,0.002,0,1,"TMEM253","GSE214411","Myeloid",TRUE
0.192898010953591,0.909744267767559,0.002,0,1,"AJUBA","GSE214411","Myeloid",TRUE
0.192898010953591,0.803715770853707,0.002,0,1,"RP11-561B11.2","GSE214411","Myeloid",TRUE
0.192898010953591,3.53586565597694,0.002,0,1,"SLC25A21-AS1","GSE214411","Myeloid",TRUE
0.192898010953591,1.24344527440527,0.002,0,1,"RDH12","GSE214411","Myeloid",TRUE
0.192898010953591,1.16420731268111,0.002,0,1,"GPR68","GSE214411","Myeloid",TRUE
0.192898010953591,1.17783580992398,0.002,0,1,"CATSPERB","GSE214411","Myeloid",TRUE
0.192898010953591,4.50552062727427,0.002,0,1,"SERPINA3.1","GSE214411","Myeloid",TRUE
0.192898010953591,2.5850720605902,0.002,0,1,"OTUD7A","GSE214411","Myeloid",TRUE
0.192898010953591,1.20180029078648,0.002,0,1,"GOLGA8O","GSE214411","Myeloid",TRUE
0.192898010953591,0.992309936580632,0.002,0,1,"DLL4","GSE214411","Myeloid",TRUE
0.192898010953591,2.57558853509551,0.002,0,1,"RP11-1069G10.1","GSE214411","Myeloid",TRUE
0.192898010953591,0.881653274644846,0.002,0,1,"CTD-2017F17.1","GSE214411","Myeloid",TRUE
0.192898010953591,0.768433771760961,0.002,0,1,"RP11-325L12.7","GSE214411","Myeloid",TRUE
0.192898010953591,1.83799381829099,0.002,0,1,"IGDCC4","GSE214411","Myeloid",TRUE
0.192898010953591,0.766394306801347,0.002,0,1,"GRAMD2","GSE214411","Myeloid",TRUE
0.192898010953591,1.49142949401338,0.002,0,1,"RP11-762H8.1","GSE214411","Myeloid",TRUE
0.192898010953591,1.59963225087045,0.002,0,1,"RP11-38G5.4","GSE214411","Myeloid",TRUE
0.192898010953591,0.890912296838023,0.002,0,1,"RP11-815J21.2","GSE214411","Myeloid",TRUE
0.192898010953591,1.19032044513272,0.002,0,1,"RP11-255M2.3","GSE214411","Myeloid",TRUE
0.192898010953591,1.02547386793913,0.002,0,1,"LINC01197","GSE214411","Myeloid",TRUE
0.192898010953591,0.902647106367773,0.002,0,1,"NOXO1","GSE214411","Myeloid",TRUE
0.192898010953591,0.832839646922938,0.002,0,1,"CLDN9","GSE214411","Myeloid",TRUE
0.192898010953591,1.09038993011278,0.002,0,1,"RP11-77H9.5","GSE214411","Myeloid",TRUE
0.192898010953591,0.964872783835672,0.002,0,1,"CTD-2576D5.4","GSE214411","Myeloid",TRUE
0.192898010953591,1.68555764672243,0.002,0,1,"SCNN1B","GSE214411","Myeloid",TRUE
0.192898010953591,3.88091591235902,0.002,0,1,"RP11-403P17.4","GSE214411","Myeloid",TRUE
0.192898010953591,1.24029723372669,0.002,0,1,"CTD-2012K14.6","GSE214411","Myeloid",TRUE
0.192898010953591,3.39418754462392,0.002,0,1,"LINC00311","GSE214411","Myeloid",TRUE
0.192898010953591,1.15776936752567,0.002,0,1,"RP11-178L8.7","GSE214411","Myeloid",TRUE
0.192898010953591,1.01924680096757,0.002,0,1,"RP1-59D14.5","GSE214411","Myeloid",TRUE
0.192898010953591,1.18397940674396,0.002,0,1,"P2RX5-TAX1BP3","GSE214411","Myeloid",TRUE
0.192898010953591,1.15861172684415,0.002,0,1,"CTB-41I6.2","GSE214411","Myeloid",TRUE
0.192898010953591,1.14468878790854,0.002,0,1,"CDRT4","GSE214411","Myeloid",TRUE
0.192898010953591,1.1527938085963,0.002,0,1,"CTD-3157E16.2","GSE214411","Myeloid",TRUE
0.192898010953591,3.16929725952372,0.002,0,1,"RP11-138I1.4","GSE214411","Myeloid",TRUE
0.192898010953591,1.57051735630624,0.002,0,1,"FLJ35934","GSE214411","Myeloid",TRUE
0.192898010953591,4.63407913962224,0.002,0,1,"CTD-2145A24.5","GSE214411","Myeloid",TRUE
0.192898010953591,1.80321829231868,0.002,0,1,"RNF112","GSE214411","Myeloid",TRUE
0.192898010953591,1.10761897171507,0.002,0,1,"AC087294.2","GSE214411","Myeloid",TRUE
0.192898010953591,1.07488733479995,0.002,0,1,"RHBDL3","GSE214411","Myeloid",TRUE
0.192898010953591,1.53701865063301,0.002,0,1,"HSPB9","GSE214411","Myeloid",TRUE
0.192898010953591,3.20566449478055,0.002,0,1,"MEOX1","GSE214411","Myeloid",TRUE
0.192898010953591,0.94875112434447,0.002,0,1,"MAP3K14-AS1","GSE214411","Myeloid",TRUE
0.192898010953591,1.43915992227756,0.002,0,1,"NGFR","GSE214411","Myeloid",TRUE
0.192898010953591,3.24407576594434,0.002,0,1,"TMEM100","GSE214411","Myeloid",TRUE
0.192898010953591,1.04700224925891,0.002,0,1,"LINC01482","GSE214411","Myeloid",TRUE
0.192898010953591,1.33809876827316,0.002,0,1,"ABCA9","GSE214411","Myeloid",TRUE
0.192898010953591,2.5741521322469,0.002,0,1,"RP11-769O8.2","GSE214411","Myeloid",TRUE
0.192898010953591,4.2365017492661,0.002,0,1,"RP11-672L10.6","GSE214411","Myeloid",TRUE
0.192898010953591,1.17930303673432,0.002,0,1,"RP11-874J12.4","GSE214411","Myeloid",TRUE
0.192898010953591,3.5778839308162,0.002,0,1,"CHST9","GSE214411","Myeloid",TRUE
0.192898010953591,0.909678918746559,0.002,0,1,"RP11-53I6.4","GSE214411","Myeloid",TRUE
0.192898010953591,1.13741013230181,0.002,0,1,"ZBTB7C","GSE214411","Myeloid",TRUE
0.192898010953591,1.9082283547843,0.002,0,1,"CTD-2008L17.2","GSE214411","Myeloid",TRUE
0.192898010953591,0.764249101648447,0.002,0,1,"RP11-41O4.1","GSE214411","Myeloid",TRUE
0.192898010953591,1.11857725196436,0.002,0,1,"RP11-795F19.5","GSE214411","Myeloid",TRUE
0.192898010953591,1.44977517243813,0.002,0,1,"TMEM74B","GSE214411","Myeloid",TRUE
0.192898010953591,1.02106061695586,0.002,0,1,"RP5-1116H23.3","GSE214411","Myeloid",TRUE
0.192898010953591,3.38992149692157,0.002,0,1,"CHGB","GSE214411","Myeloid",TRUE
0.192898010953591,1.2116928108372,0.002,0,1,"RP1-278O22.1","GSE214411","Myeloid",TRUE
0.192898010953591,1.20416355850566,0.002,0,1,"RP11-218C14.8","GSE214411","Myeloid",TRUE
0.192898010953591,0.88670353677076,0.002,0,1,"HM13-AS1","GSE214411","Myeloid",TRUE
0.192898010953591,0.924454713091958,0.002,0,1,"RP3-324O17.8","GSE214411","Myeloid",TRUE
0.192898010953591,2.86127247257499,0.002,0,1,"FOXS1","GSE214411","Myeloid",TRUE
0.192898010953591,1.99466576319117,0.002,0,1,"CCM2L","GSE214411","Myeloid",TRUE
0.192898010953591,1.82376935527034,0.002,0,1,"TLDC2","GSE214411","Myeloid",TRUE
0.192898010953591,1.81460332202542,0.002,0,1,"ZNF831","GSE214411","Myeloid",TRUE
0.192898010953591,2.68696991957974,0.002,0,1,"RP4-583P15.10","GSE214411","Myeloid",TRUE
0.192898010953591,0.896121134223476,0.002,0,1,"C19orf45","GSE214411","Myeloid",TRUE
0.192898010953591,4.19346801482064,0.002,0,1,"CTD-2192J16.26","GSE214411","Myeloid",TRUE
0.192898010953591,0.897293807922052,0.002,0,1,"CTC-548K16.1","GSE214411","Myeloid",TRUE
0.192898010953591,1.02129205415663,0.002,0,1,"BORCS8-MEF2B","GSE214411","Myeloid",TRUE
0.192898010953591,3.63813696438784,0.002,0,1,"CTD-2626G11.2","GSE214411","Myeloid",TRUE
0.192898010953591,3.82405944708646,0.002,0,1,"ZNF492","GSE214411","Myeloid",TRUE
0.192898010953591,0.991382416434082,0.002,0,1,"SPTBN4","GSE214411","Myeloid",TRUE
0.192898010953591,2.24970475346224,0.002,0,1,"MIA","GSE214411","Myeloid",TRUE
0.192898010953591,4.1014532923456,0.002,0,1,"CEACAM8","GSE214411","Myeloid",TRUE
0.192898010953591,3.13923360411143,0.002,0,1,"CRX","GSE214411","Myeloid",TRUE
0.192898010953591,1.19383901525181,0.002,0,1,"FUT2","GSE214411","Myeloid",TRUE
0.192898010953591,3.59469945491347,0.002,0,1,"KLK2","GSE214411","Myeloid",TRUE
0.192898010953591,0.970143442173779,0.002,0,1,"KLK7","GSE214411","Myeloid",TRUE
0.192898010953591,3.32585168162431,0.002,0,1,"CACNG6","GSE214411","Myeloid",TRUE
0.192898010953591,3.88118950086946,0.002,0,1,"KIR3DL1","GSE214411","Myeloid",TRUE
0.192898010953591,3.61641657626534,0.002,0,1,"NLRP5","GSE214411","Myeloid",TRUE
0.192898010953591,1.15568166174165,0.002,0,1,"CECR5-AS1","GSE214411","Myeloid",TRUE
0.192898010953591,2.47476162323497,0.002,0,1,"TUBA8","GSE214411","Myeloid",TRUE
0.192898010953591,1.58622526785483,0.002,0,1,"TMEM211","GSE214411","Myeloid",TRUE
0.192898010953591,1.53177373249823,0.002,0,1,"CTA-445C9.14","GSE214411","Myeloid",TRUE
0.192898010953591,1.25515657654271,0.002,0,1,"CTA-228A9.3","GSE214411","Myeloid",TRUE
0.192898010953591,1.26861865308669,0.002,0,1,"RP3-508I15.10","GSE214411","Myeloid",TRUE
0.192898010953591,1.50594693789959,0.002,0,1,"FAM83F","GSE214411","Myeloid",TRUE
0.192898010953591,1.71867347840325,0.002,0,1,"RP4-591N18.2","GSE214411","Myeloid",TRUE
0.192898010953591,1.0453165180469,0.002,0,1,"RP3-402G11.28","GSE214411","Myeloid",TRUE
0.192898010953591,1.22697046262841,0.002,0,1,"CH507-513H4.5","GSE214411","Myeloid",TRUE
0.192898010953591,1.79089096367062,0.002,0,1,"AF165138.7","GSE214411","Myeloid",TRUE
0.192898010953591,1.18875205221157,0.002,0,1,"AF127577.10","GSE214411","Myeloid",TRUE
0.192898010953591,0.960153298868816,0.002,0,1,"NIPAL4","GSE214411","Myeloid",TRUE
0.192898010953591,2.2207140489436,0.002,0,1,"CTAG2","GSE214411","Myeloid",TRUE
0.192898010953591,1.09222317810968,0.002,0,1,"RP11-810P12.5","GSE214411","Myeloid",TRUE
0.192898010953591,1.28092059993325,0.002,0,1,"RP11-685N10.1","GSE214411","Myeloid",TRUE
0.192898010953591,1.09944889552472,0.002,0,1,"CALHM3","GSE214411","Myeloid",TRUE
0.192898010953591,4.00831247501767,0.002,0,1,"CTD-2058B24.3","GSE214411","Myeloid",TRUE
0.192898010953591,2.00510354966712,0.002,0,1,"LINC00221","GSE214411","Myeloid",TRUE
0.192898010953591,0.925789156319738,0.002,0,1,"RP11-527L4.2","GSE214411","Myeloid",TRUE
0.192898010953591,3.79967389664488,0.002,0,1,"CLEC17A","GSE214411","Myeloid",TRUE
0.192898010953591,0.979604751975492,0.002,0,1,"CIB3","GSE214411","Myeloid",TRUE
0.192898010953591,0.743446496459793,0.002,0,1,"GGTLC2","GSE214411","Myeloid",TRUE
0.192898010953591,0.784998086070283,0.002,0,1,"TSGA10IP","GSE214411","Myeloid",TRUE
0.192898010953591,1.13416647611072,0.002,0,1,"RFPL4A","GSE214411","Myeloid",TRUE
0.192898010953591,1.3961318650214,0.002,0,1,"CCL24","GSE214411","Myeloid",TRUE
0.192898010953591,0.888947963643737,0.002,0,1,"RP11-16C1.3","GSE214411","Myeloid",TRUE
0.192898010953591,6.58610295270772,0.002,0,1,"CLC","GSE214411","Myeloid",TRUE
0.192898010953591,1.77609358977392,0.002,0,1,"C11orf86","GSE214411","Myeloid",TRUE
0.192955305622479,0.301394714517247,0.306,0.326,1,"MBP","GSE214411","Myeloid",TRUE
0.1929849794625,0.354038983951489,0.009,0.004,1,"VSTM4","GSE214411","Myeloid",TRUE
0.193017330622192,0.767914217712662,0.019,0.012,1,"RP11-498C9.15","GSE214411","Myeloid",TRUE
0.193136781722087,-0.211427776573371,0.119,0.1,1,"TTYH2","GSE214411","Myeloid",TRUE
0.193163915949574,0.237142062345367,0.009,0.004,1,"CFAP70","GSE214411","Myeloid",TRUE
0.193213174985504,-1.18999233481659,0.006,0.012,1,"KLHL23","GSE214411","Myeloid",TRUE
0.193299282359246,0.164756095464717,0.21,0.181,1,"STXBP3","GSE214411","Myeloid",TRUE
0.193322520263174,0.169354773722342,0.054,0.041,1,"ASGR2","GSE214411","Myeloid",TRUE
0.193331409930136,-0.103883533570065,0.101,0.117,1,"CETN2","GSE214411","Myeloid",TRUE
0.193371266904487,0.865092897122043,0.006,0.012,1,"ROBO4","GSE214411","Myeloid",TRUE
0.19349078585257,-0.247435953458032,0.074,0.088,1,"BLOC1S4","GSE214411","Myeloid",TRUE
0.193522154505224,0.0905799509514926,0.009,0.004,1,"CTB-41I6.1","GSE214411","Myeloid",TRUE
0.193522929853528,-0.288687627902946,0.095,0.111,1,"F8A1","GSE214411","Myeloid",TRUE
0.193649794574111,0.380701842285078,0.04,0.052,1,"BYSL","GSE214411","Myeloid",TRUE
0.193687735727259,-0.587461867021961,0.006,0.012,1,"FLRT2","GSE214411","Myeloid",TRUE
0.193766212565175,0.102781394876539,0.052,0.065,1,"ZDHHC21","GSE214411","Myeloid",TRUE
0.193857807096673,-0.347396219383833,0.063,0.076,1,"STX17","GSE214411","Myeloid",TRUE
0.194024973937888,-0.189271390252414,0.029,0.039,1,"INTS7","GSE214411","Myeloid",TRUE
0.194033835782696,0.729657844385514,0.034,0.024,1,"PEX6","GSE214411","Myeloid",TRUE
0.194104961566178,-0.146664689460102,0.336,0.34,1,"SRSF10","GSE214411","Myeloid",TRUE
0.19427132941222,-0.156264623919213,0.338,0.345,1,"PARVG","GSE214411","Myeloid",TRUE
0.194351126960273,0.887996221066552,0.037,0.026,1,"CTD-3203P2.3","GSE214411","Myeloid",TRUE
0.194419885033931,-0.395353915660968,0.009,0.004,1,"RP11-299J3.8","GSE214411","Myeloid",TRUE
0.194419885033931,0.764215054007614,0.009,0.004,1,"ATP9A","GSE214411","Myeloid",TRUE
0.194459258708666,1.20225126570698,0.045,0.034,1,"MUC1","GSE214411","Myeloid",TRUE
0.194647728458968,0.0961990901636398,0.433,0.393,1,"CCT5","GSE214411","Myeloid",TRUE
0.194845140421989,0.406662245530322,0.227,0.248,1,"TAP1","GSE214411","Myeloid",TRUE
0.194994163938212,-0.171695729264365,0.103,0.119,1,"RHOH","GSE214411","Myeloid",TRUE
0.195009888450022,-0.215476614390228,0.02,0.029,1,"CENPL","GSE214411","Myeloid",TRUE
0.195123605163526,0.169238487745295,0.186,0.158,1,"GLYR1","GSE214411","Myeloid",TRUE
0.195143900120015,-0.272190167078569,0.35,0.352,1,"IK","GSE214411","Myeloid",TRUE
0.195435114143552,-0.0904695498838821,0.006,0.012,1,"LPL","GSE214411","Myeloid",TRUE
0.19550109965599,0.128825978435759,0.322,0.34,1,"RBMS1","GSE214411","Myeloid",TRUE
0.195568895901941,-0.543271366427463,0.03,0.04,1,"ISYNA1","GSE214411","Myeloid",TRUE
0.195594537994892,1.04711208228079,0.006,0.012,1,"ZNF490","GSE214411","Myeloid",TRUE
0.195704168700819,-0.0425558560155026,0.174,0.189,1,"ZNRF2","GSE214411","Myeloid",TRUE
0.19575565496747,0.0185342829492425,0.028,0.038,1,"PPAT","GSE214411","Myeloid",TRUE
0.195953028661738,1.03577288026123,0.031,0.022,1,"P4HA2","GSE214411","Myeloid",TRUE
0.196073381507619,1.1734762572262,0.006,0.012,1,"MICU3","GSE214411","Myeloid",TRUE
0.19612483223621,-0.264771819549893,0.121,0.136,1,"ING1","GSE214411","Myeloid",TRUE
0.196369974482668,0.246471115598206,0.312,0.276,1,"NFKBIE","GSE214411","Myeloid",TRUE
0.196502093191744,-0.233753356436658,0.218,0.232,1,"GRSF1","GSE214411","Myeloid",TRUE
0.196542729638712,0.148029643170019,0.238,0.207,1,"SUPT6H","GSE214411","Myeloid",TRUE
0.19704992251088,0.0662393342250099,0.292,0.258,1,"SERTAD1","GSE214411","Myeloid",TRUE
0.197153849435807,0.212444979175618,0.049,0.037,1,"DGKA","GSE214411","Myeloid",TRUE
0.197187632494177,0.0372601961043348,0.022,0.031,1,"GDF15","GSE214411","Myeloid",TRUE
0.197201792860087,-0.0777965343788847,0.155,0.179,1,"MERTK","GSE214411","Myeloid",TRUE
0.197299048970999,-0.300229770967686,0.183,0.196,1,"SLBP","GSE214411","Myeloid",TRUE
0.197555626214914,-0.387981107934629,0.031,0.021,1,"RP11-489E7.4","GSE214411","Myeloid",TRUE
0.197569526115764,0.722249847327771,0.044,0.033,1,"TNFSF8","GSE214411","Myeloid",TRUE
0.197739779923638,0.242073759916349,0.32,0.287,1,"METTL9","GSE214411","Myeloid",TRUE
0.197774930186645,0.386615040533838,0.106,0.088,1,"RBM4","GSE214411","Myeloid",TRUE
0.197930215083589,-0.311609794615099,0.146,0.164,1,"MICU2","GSE214411","Myeloid",TRUE
0.198174638620804,0.0829589113025535,0.139,0.156,1,"DLD","GSE214411","Myeloid",TRUE
0.198234547554691,-0.129076782629742,0.21,0.225,1,"SRSF1","GSE214411","Myeloid",TRUE
0.198252962251125,0.0523759613189654,0.532,0.575,1,"PSMB3","GSE214411","Myeloid",TRUE
0.198343980109072,-0.515139801620332,0.125,0.141,1,"ARL16","GSE214411","Myeloid",TRUE
0.198522664713722,0.481839942245468,0.119,0.101,1,"ARHGAP10","GSE214411","Myeloid",TRUE
0.198599403421573,0.782397656392346,0.019,0.028,1,"FKBP10","GSE214411","Myeloid",TRUE
0.198659861426719,0.417964647798438,0.021,0.03,1,"PANK4","GSE214411","Myeloid",TRUE
0.198678971985359,-0.771168040829148,0.071,0.085,1,"TMEM128","GSE214411","Myeloid",TRUE
0.198833049385143,0.0687592365939769,0.131,0.148,1,"KLC1","GSE214411","Myeloid",TRUE
0.1988459258264,-0.320122588910254,0.152,0.165,1,"RPA2","GSE214411","Myeloid",TRUE
0.198848276650984,0.534262128429389,0.299,0.325,1,"NUP214","GSE214411","Myeloid",TRUE
0.198866225480619,-0.443941109611432,0.052,0.065,1,"NUDT19","GSE214411","Myeloid",TRUE
0.198888356918639,-0.587997515431696,0.066,0.078,1,"KIF16B","GSE214411","Myeloid",TRUE
0.19942872786199,-0.61143591555699,0.04,0.052,1,"RMND5B","GSE214411","Myeloid",TRUE
0.199432104244668,-1.07473403380626,0.048,0.059,1,"CEP250","GSE214411","Myeloid",TRUE
0.199472369706941,0.0503815357685303,0.283,0.293,1,"PDAP1","GSE214411","Myeloid",TRUE
0.199498262953576,-0.14399785373834,0.137,0.154,1,"CUL5","GSE214411","Myeloid",TRUE
0.19973151413241,0.576184388580277,0.095,0.078,1,"TRIM11","GSE214411","Myeloid",TRUE
0.199862840249542,-0.631908325080913,0.111,0.127,1,"VRK2","GSE214411","Myeloid",TRUE
0.200043938493516,-1.59387409853141,0.007,0.013,1,"GDPD1","GSE214411","Myeloid",TRUE
0.200132109606334,-0.0862403932518798,0.157,0.174,1,"FADS1","GSE214411","Myeloid",TRUE
0.200168276219231,-0.622991184894901,0.072,0.086,1,"MROH1","GSE214411","Myeloid",TRUE
0.200188054394113,-0.597519598733558,0.035,0.046,1,"GHRL","GSE214411","Myeloid",TRUE
0.200306099313696,0.0685147071273637,0.163,0.14,1,"CLIC2","GSE214411","Myeloid",TRUE
0.200362592874344,0.632551727778114,0.173,0.147,1,"GPBP1L1","GSE214411","Myeloid",TRUE
0.200524937334123,-0.136450111761159,0.084,0.099,1,"ERF","GSE214411","Myeloid",TRUE
0.20060232713527,-0.302705896211624,0.288,0.299,1,"VMA21","GSE214411","Myeloid",TRUE
0.200656375201039,0.278117231136654,0.028,0.019,1,"SLC25A22","GSE214411","Myeloid",TRUE
0.200681658163727,0.523081003274062,0.199,0.175,1,"NF1","GSE214411","Myeloid",TRUE
0.200933105097207,0.815471747644995,0.031,0.022,1,"PRSS23","GSE214411","Myeloid",TRUE
0.200967242466451,-0.561925304739937,0.193,0.204,1,"GTPBP6","GSE214411","Myeloid",TRUE
0.200968734550728,-1.24258486200951,0.007,0.013,1,"RP11-70C1.1","GSE214411","Myeloid",TRUE
0.201345315256279,-0.306546192835272,0.051,0.064,1,"PDE6D","GSE214411","Myeloid",TRUE
0.201526110760697,0.443355118006037,0.407,0.375,1,"PTEN","GSE214411","Myeloid",TRUE
0.201592398473689,0.457444486392014,0.068,0.054,1,"EPS15L1","GSE214411","Myeloid",TRUE
0.201788009262586,-0.460162667847978,0.072,0.057,1,"TBC1D17","GSE214411","Myeloid",TRUE
0.202075627684811,0.490355865141367,0.025,0.017,1,"COPG2","GSE214411","Myeloid",TRUE
0.202276672266347,-0.0122682314710967,0.118,0.099,1,"ARHGEF7","GSE214411","Myeloid",TRUE
0.2024879262242,-0.486443338759128,0.045,0.056,1,"RASA4","GSE214411","Myeloid",TRUE
0.202672288407277,0.0795770095583785,0.007,0.013,1,"GPAM","GSE214411","Myeloid",TRUE
0.202766172679068,-0.172759203304783,0.04,0.052,1,"FAM114A1","GSE214411","Myeloid",TRUE
0.202811348019205,-0.24231035660563,0.272,0.285,1,"NCOA3","GSE214411","Myeloid",TRUE
0.202827677042545,-1.15138454795868,0.007,0.013,1,"REEP6","GSE214411","Myeloid",TRUE
0.202874763807516,0.0683565706181062,0.173,0.19,1,"OFD1","GSE214411","Myeloid",TRUE
0.202881978237233,-0.527541589966213,0.139,0.153,1,"EXOC3","GSE214411","Myeloid",TRUE
0.202886958880394,0.224374396314128,0.23,0.201,1,"MAN1A1","GSE214411","Myeloid",TRUE
0.202997368402809,-0.29201454442882,0.084,0.097,1,"SLC25A13","GSE214411","Myeloid",TRUE
0.20300422143374,-0.0302014819774044,0.178,0.154,1,"MAN1A2","GSE214411","Myeloid",TRUE
0.203194366385755,0.409278654916642,0.317,0.341,1,"HSD17B11","GSE214411","Myeloid",TRUE
0.203240659060169,-0.101707257872898,0.034,0.024,1,"ZNF469","GSE214411","Myeloid",TRUE
0.20339614294608,-0.158902200895232,0.1,0.115,1,"NADSYN1","GSE214411","Myeloid",TRUE
0.203450099414922,-1.54005689549815,0.007,0.013,1,"RNASEK-C17orf49","GSE214411","Myeloid",TRUE
0.203518831825168,-0.0610125087831577,0.832,0.908,1,"RPL7A","GSE214411","Myeloid",TRUE
0.203689148031644,-0.262390418313415,0.154,0.168,1,"CTNNBIP1","GSE214411","Myeloid",TRUE
0.203715655610109,-0.543360705744445,0.04,0.051,1,"ALG12","GSE214411","Myeloid",TRUE
0.203761831559163,-0.412352355489126,0.007,0.013,1,"FLJ31104","GSE214411","Myeloid",TRUE
0.204107187735775,0.0158417625629573,0.303,0.317,1,"AHCYL1","GSE214411","Myeloid",TRUE
0.204288098975802,1.43327055265223,0.022,0.015,1,"SHB","GSE214411","Myeloid",TRUE
0.204301585128538,0.452570199052743,0.114,0.095,1,"AMFR","GSE214411","Myeloid",TRUE
0.204337536527602,0.248492453195077,0.344,0.309,1,"MRPS6","GSE214411","Myeloid",TRUE
0.204342433164784,0.189192642543299,0.059,0.073,1,"STARD13","GSE214411","Myeloid",TRUE
0.204347623491564,0.706376284600462,0.103,0.086,1,"MMGT1","GSE214411","Myeloid",TRUE
0.204380528488701,-0.102418077973099,0.189,0.208,1,"PAG1","GSE214411","Myeloid",TRUE
0.204391394659651,-0.370623085332098,0.127,0.142,1,"SLC30A7","GSE214411","Myeloid",TRUE
0.204563277946215,-0.315911290562151,0.178,0.195,1,"PXDC1","GSE214411","Myeloid",TRUE
0.205088228799408,3.13237016139715,0.012,0.006,1,"PRF1","GSE214411","Myeloid",TRUE
0.205301616414429,1.84892576112074,0.022,0.015,1,"DNAJC18","GSE214411","Myeloid",TRUE
0.205315085113856,0.0362222145539173,0.102,0.085,1,"LSG1","GSE214411","Myeloid",TRUE
0.205482573897292,-0.00722683383264577,0.007,0.013,1,"AC069363.1","GSE214411","Myeloid",TRUE
0.205580097793389,-0.462458942185462,0.038,0.049,1,"GAN","GSE214411","Myeloid",TRUE
0.205703555241113,-0.28326321642715,0.075,0.089,1,"TXLNG","GSE214411","Myeloid",TRUE
0.205953694856407,-0.442536440057757,0.007,0.013,1,"ZHX3","GSE214411","Myeloid",TRUE
0.205980404905719,0.0365670506400271,0.132,0.147,1,"CCZ1","GSE214411","Myeloid",TRUE
0.206205820954787,0.66389604890185,0.025,0.017,1,"CECR6","GSE214411","Myeloid",TRUE
0.206219096865716,0.64857399743976,0.078,0.094,1,"MT1E","GSE214411","Myeloid",TRUE
0.206324234453143,-0.301379590236444,0.226,0.237,1,"STX10","GSE214411","Myeloid",TRUE
0.206387058106229,-0.261191487312217,0.11,0.125,1,"SHC1","GSE214411","Myeloid",TRUE
0.206409147220689,0.689701863120554,0.209,0.185,1,"MYLIP","GSE214411","Myeloid",TRUE
0.206522729145879,-0.0437071764688248,0.067,0.082,1,"POLR2D","GSE214411","Myeloid",TRUE
0.206575255474925,-0.952158512634819,0.036,0.047,1,"UQCC1","GSE214411","Myeloid",TRUE
0.206668246711324,0.628969499163071,0.045,0.057,1,"SUFU","GSE214411","Myeloid",TRUE
0.206727050545012,-0.0683530341878877,0.104,0.12,1,"FAM208B","GSE214411","Myeloid",TRUE
0.206757515405779,0.516358739851892,0.154,0.131,1,"RBM7","GSE214411","Myeloid",TRUE
0.20683707191017,0.203945336543708,0.093,0.108,1,"STK19","GSE214411","Myeloid",TRUE
0.206861716190355,1.35310218562969,0.012,0.006,1,"PPP1R9A","GSE214411","Myeloid",TRUE
0.207055490023463,-0.422952170944066,0.075,0.089,1,"PNPO","GSE214411","Myeloid",TRUE
0.207509372792492,2.83560174558821,0.012,0.006,1,"PLCE1","GSE214411","Myeloid",TRUE
0.207523771908739,1.23352906742436,0.178,0.16,1,"MID1IP1","GSE214411","Myeloid",TRUE
0.207590792719222,2.6810193572163,0.017,0.011,1,"SHROOM3","GSE214411","Myeloid",TRUE
0.207628648160817,0.732406130371026,0.136,0.117,1,"GSE1","GSE214411","Myeloid",TRUE
0.207661619510908,-0.424765580943661,0.074,0.087,1,"FOPNL","GSE214411","Myeloid",TRUE
0.207671516543155,0.699965662223186,0.012,0.006,1,"LCMT2","GSE214411","Myeloid",TRUE
0.207681992621375,0.411287359844953,0.136,0.153,1,"PPP3CB","GSE214411","Myeloid",TRUE
0.20780543540149,-0.387321617284931,0.084,0.097,1,"DPP3","GSE214411","Myeloid",TRUE
0.207807472042311,0.427676584295286,0.044,0.056,1,"LZTS2","GSE214411","Myeloid",TRUE
0.20790831030962,0.413975362725278,0.022,0.015,1,"LIN7A","GSE214411","Myeloid",TRUE
0.208125412932859,-0.171875054699336,0.063,0.076,1,"AKAP7","GSE214411","Myeloid",TRUE
0.208146203015147,-2.33408474233432,0.003,0.006,1,"RP3-325F22.5","GSE214411","Myeloid",TRUE
0.208146203015147,-1.76416156041439,0.003,0.006,1,"TCF4-AS2","GSE214411","Myeloid",TRUE
0.208158499143981,0.519092723498092,0.012,0.006,1,"VIPR1","GSE214411","Myeloid",TRUE
0.208256632969736,-0.944522104809641,0.055,0.067,1,"RTN2","GSE214411","Myeloid",TRUE
0.20827659378139,-0.85897876683865,0.082,0.095,1,"WDR91","GSE214411","Myeloid",TRUE
0.208298091131346,0.197663574187178,0.046,0.035,1,"LINC00346","GSE214411","Myeloid",TRUE
0.208321010524618,1.61295086020664,0.012,0.006,1,"KREMEN1","GSE214411","Myeloid",TRUE
0.208353075153825,0.160550388710109,0.323,0.341,1,"TAF7","GSE214411","Myeloid",TRUE
0.208381771886262,-3.03089744979211,0.003,0.006,1,"LRRC24","GSE214411","Myeloid",TRUE
0.208381771886262,-3.11942891667823,0.003,0.006,1,"RP11-611O2.5","GSE214411","Myeloid",TRUE
0.208381771886262,-1.81214216829406,0.003,0.006,1,"ZNF781","GSE214411","Myeloid",TRUE
0.208421076358322,-0.937616833918975,0.049,0.061,1,"IMMP1L","GSE214411","Myeloid",TRUE
0.208497619253425,-0.424116787601738,0.199,0.212,1,"SRGAP2","GSE214411","Myeloid",TRUE
0.20861753395708,-1.83913367699633,0.003,0.006,1,"C12orf42","GSE214411","Myeloid",TRUE
0.208658400459932,0.377546864857508,0.186,0.163,1,"SLFN11","GSE214411","Myeloid",TRUE
0.208768023469352,-0.30300223706477,0.077,0.091,1,"VPS13B","GSE214411","Myeloid",TRUE
0.208809096476015,1.30456997799936,0.012,0.006,1,"FGFR2","GSE214411","Myeloid",TRUE
0.208853489285851,-1.70361927167021,0.003,0.006,1,"RP4-635E18.6","GSE214411","Myeloid",TRUE
0.208853489285851,-1.72884350548617,0.003,0.006,1,"RP11-497H16.9","GSE214411","Myeloid",TRUE
0.208853489285851,-1.67720674408304,0.003,0.006,1,"AC100830.3","GSE214411","Myeloid",TRUE
0.208853489285851,-1.34438735759432,0.003,0.006,1,"TLE6","GSE214411","Myeloid",TRUE
0.208935836571468,0.232773720551128,0.035,0.025,1,"TMEM158","GSE214411","Myeloid",TRUE
0.208958176599372,-0.0966369142010288,0.031,0.022,1,"TMEM8B","GSE214411","Myeloid",TRUE
0.209081558920627,0.91860585759049,0.073,0.058,1,"SRF","GSE214411","Myeloid",TRUE
0.209089637930709,-2.48428160020559,0.003,0.006,1,"ARHGAP8","GSE214411","Myeloid",TRUE
0.209120671953921,0.088806748228063,0.163,0.138,1,"FBRS","GSE214411","Myeloid",TRUE
0.209307520207537,-0.0501788216100199,0.416,0.435,1,"COMT","GSE214411","Myeloid",TRUE
0.209325979949672,-1.39741531070988,0.003,0.006,1,"RP11-713P17.3","GSE214411","Myeloid",TRUE
0.20938302344721,0.151606118920448,0.155,0.176,1,"TSC22D1","GSE214411","Myeloid",TRUE
0.209438918135557,-0.0560246083064349,0.046,0.057,1,"ZMYM3","GSE214411","Myeloid",TRUE
0.209461166013051,0.408797159895036,0.012,0.006,1,"ABTB2","GSE214411","Myeloid",TRUE
0.20947499002238,-0.0149269314373157,0.169,0.144,1,"NOLC1","GSE214411","Myeloid",TRUE
0.209562515400639,-2.68650632702038,0.003,0.006,1,"RP11-348N5.7","GSE214411","Myeloid",TRUE
0.209624413572189,0.572623667308441,0.012,0.006,1,"C1orf115","GSE214411","Myeloid",TRUE
0.209718722948259,0.970710629193545,0.038,0.049,1,"TMEM140","GSE214411","Myeloid",TRUE
0.209799244341395,-2.47660052582303,0.003,0.006,1,"HEYL","GSE214411","Myeloid",TRUE
0.210036166829605,-0.345603848007583,0.003,0.006,1,"CCDC36","GSE214411","Myeloid",TRUE
0.210036166829605,0.454826312306359,0.003,0.006,1,"CRMP1","GSE214411","Myeloid",TRUE
0.210237959056851,-0.458913825682202,0.008,0.014,1,"BOK","GSE214411","Myeloid",TRUE
0.210237959056851,-0.504229809110956,0.008,0.014,1,"C9orf116","GSE214411","Myeloid",TRUE
0.210273282922819,-2.01225792598384,0.003,0.006,1,"CH17-437K3.1","GSE214411","Myeloid",TRUE
0.210273282922819,-2.20776314387592,0.003,0.006,1,"HCN3","GSE214411","Myeloid",TRUE
0.210273282922819,-1.92968204549169,0.003,0.006,1,"SBSPON","GSE214411","Myeloid",TRUE
0.210273282922819,-0.171726762141684,0.003,0.006,1,"THAP10","GSE214411","Myeloid",TRUE
0.210273282922819,-1.45938046281279,0.003,0.006,1,"RP11-20I23.8","GSE214411","Myeloid",TRUE
0.210282565522835,-0.880149855771497,0.059,0.072,1,"UEVLD","GSE214411","Myeloid",TRUE
0.210347627671075,0.158491208343531,0.059,0.047,1,"MAP7D3","GSE214411","Myeloid",TRUE
0.210442033364836,1.38105905114785,0.012,0.006,1,"ANK2","GSE214411","Myeloid",TRUE
0.210510592678469,-0.967325168901652,0.003,0.006,1,"LINC01126","GSE214411","Myeloid",TRUE
0.210510592678469,-0.944473935172242,0.003,0.006,1,"ATP1B2","GSE214411","Myeloid",TRUE
0.210605833854921,2.50760954215538,0.012,0.006,1,"BIK","GSE214411","Myeloid",TRUE
0.210606440691254,0.575146175733166,0.133,0.113,1,"ITCH","GSE214411","Myeloid",TRUE
0.210748096153867,-1.23337306818274,0.003,0.006,1,"RP11-342M1.3","GSE214411","Myeloid",TRUE
0.210748096153867,-0.442632703043365,0.003,0.006,1,"TSNAXIP1","GSE214411","Myeloid",TRUE
0.210785185937166,0.251426262279027,0.153,0.168,1,"DCTN4","GSE214411","Myeloid",TRUE
0.210798733502858,-0.121209954972649,0.157,0.135,1,"CHML","GSE214411","Myeloid",TRUE
0.210825666520937,-0.189893710849135,0.074,0.087,1,"TMEM222","GSE214411","Myeloid",TRUE
0.211223684492579,-0.75355461980034,0.003,0.006,1,"FMOD","GSE214411","Myeloid",TRUE
0.211223684492579,0.322106790292251,0.003,0.006,1,"SLIT1","GSE214411","Myeloid",TRUE
0.211223684492579,1.33194209580794,0.003,0.006,1,"RP11-775C24.5","GSE214411","Myeloid",TRUE
0.211223684492579,-0.771839888950509,0.003,0.006,1,"ZNF470","GSE214411","Myeloid",TRUE
0.211318748843439,-0.536042697542455,0.049,0.06,1,"KANSL1L","GSE214411","Myeloid",TRUE
0.211364860519186,1.37785815447135,0.014,0.008,1,"DCSTAMP","GSE214411","Myeloid",TRUE
0.211604076414573,-0.555762086964884,0.117,0.132,1,"SMIM10L1","GSE214411","Myeloid",TRUE
0.211657690551914,1.39172686039228,0.014,0.008,1,"PKHD1L1","GSE214411","Myeloid",TRUE
0.21166585717029,0.0205343977552883,0.075,0.089,1,"HACD2","GSE214411","Myeloid",TRUE
0.211689781145611,-0.508768711265396,0.137,0.149,1,"FAM65A","GSE214411","Myeloid",TRUE
0.211700660318457,0.491102614034417,0.064,0.077,1,"ACOT8","GSE214411","Myeloid",TRUE
0.211722312004944,0.245309709789487,0.135,0.151,1,"UBR2","GSE214411","Myeloid",TRUE
0.211878598026288,-0.518283501554131,0.032,0.042,1,"MED22","GSE214411","Myeloid",TRUE
0.211938521324832,-0.2667383556246,0.003,0.006,1,"LINC01023","GSE214411","Myeloid",TRUE
0.211938521324832,1.04181811527889,0.003,0.006,1,"RDM1","GSE214411","Myeloid",TRUE
0.211965412123579,1.77116358883536,0.017,0.011,1,"PDGFRA","GSE214411","Myeloid",TRUE
0.212135563629991,-0.0581861085463391,0.031,0.022,1,"FOLR3","GSE214411","Myeloid",TRUE
0.212218109428561,0.228773703651525,0.483,0.469,1,"ATF4","GSE214411","Myeloid",TRUE
0.212331367305277,-0.0478138719578796,0.28,0.292,1,"SDF4","GSE214411","Myeloid",TRUE
0.212372135153004,-0.598165431519698,0.139,0.154,1,"MAPKAP1","GSE214411","Myeloid",TRUE
0.212376366044063,-0.186265828331794,0.008,0.014,1,"SMOC2","GSE214411","Myeloid",TRUE
0.212529708433307,-0.353340930350591,0.008,0.014,1,"KBTBD4","GSE214411","Myeloid",TRUE
0.212653605149448,-0.0113630929035266,0.376,0.385,1,"KPNB1","GSE214411","Myeloid",TRUE
0.21272415494298,2.99895335901566,0.007,0.003,1,"APOA1","GSE214411","Myeloid",TRUE
0.21272415494298,3.36929629286226,0.007,0.003,1,"SLC22A17","GSE214411","Myeloid",TRUE
0.212864160370817,-0.129177847855031,0.099,0.082,1,"MAPK8","GSE214411","Myeloid",TRUE
0.212919302767175,0.807792404493567,0.02,0.013,1,"LRRC1","GSE214411","Myeloid",TRUE
0.212940712072974,3.64968229167688,0.007,0.003,1,"MARK1","GSE214411","Myeloid",TRUE
0.212945315630907,-0.208409356818866,0.071,0.085,1,"SND1-IT1","GSE214411","Myeloid",TRUE
0.212982078239832,0.260173344927489,0.048,0.036,1,"RCE1","GSE214411","Myeloid",TRUE
0.212990215364725,-0.684488722160091,0.008,0.014,1,"CTA-228A9.4","GSE214411","Myeloid",TRUE
0.213157428328327,1.94098100726999,0.007,0.003,1,"ITGB6","GSE214411","Myeloid",TRUE
0.213157428328327,2.66824440258492,0.007,0.003,1,"GATA3","GSE214411","Myeloid",TRUE
0.213230826404923,-0.340072277350018,0.193,0.207,1,"BCAP29","GSE214411","Myeloid",TRUE
0.213297619936976,-0.603230845539508,0.008,0.014,1,"SKA1","GSE214411","Myeloid",TRUE
0.213312724876912,0.453158818559985,0.242,0.212,1,"CYB5R4","GSE214411","Myeloid",TRUE
0.213329879648417,0.113462345950486,0.098,0.081,1,"MED27","GSE214411","Myeloid",TRUE
0.213808532261129,2.33493767040973,0.007,0.003,1,"SOX9","GSE214411","Myeloid",TRUE
0.213837517612712,0.176469369017166,0.136,0.15,1,"SERTAD2","GSE214411","Myeloid",TRUE
0.21401089218915,0.161029621349004,0.009,0.015,1,"PRELID3A","GSE214411","Myeloid",TRUE
0.214025885432102,1.45587854726641,0.007,0.003,1,"INSL3","GSE214411","Myeloid",TRUE
0.214079285522594,-0.171312200640827,0.097,0.112,1,"TOPBP1","GSE214411","Myeloid",TRUE
0.214114093949374,0.00507080383119218,0.067,0.081,1,"EMC1","GSE214411","Myeloid",TRUE
0.214243397935123,2.51993458638033,0.007,0.003,1,"ARHGEF37","GSE214411","Myeloid",TRUE
0.214243397935123,2.54984211561046,0.007,0.003,1,"RP5-1187M17.10","GSE214411","Myeloid",TRUE
0.214437586767491,-0.705215360883047,0.086,0.1,1,"ENTPD6","GSE214411","Myeloid",TRUE
0.214437821164508,-0.520387520737304,0.035,0.046,1,"UBL4A","GSE214411","Myeloid",TRUE
0.214461069811286,1.87797079398902,0.007,0.003,1,"HIST4H4","GSE214411","Myeloid",TRUE
0.214565241389062,0.173598162857685,0.261,0.274,1,"NRDC","GSE214411","Myeloid",TRUE
0.214602130131916,-1.09400754773196,0.009,0.015,1,"CATSPERG","GSE214411","Myeloid",TRUE
0.214678901101608,0.261580177085671,0.007,0.003,1,"TNNC1","GSE214411","Myeloid",TRUE
0.214678901101608,-0.0843647796213771,0.007,0.003,1,"TRIM7","GSE214411","Myeloid",TRUE
0.214678901101608,1.72870557545868,0.007,0.003,1,"RP11-280G9.1","GSE214411","Myeloid",TRUE
0.214678901101608,0.922967220063823,0.007,0.003,1,"RP11-513M16.8","GSE214411","Myeloid",TRUE
0.214740240255415,-0.0514553237861914,0.238,0.253,1,"TPMT","GSE214411","Myeloid",TRUE
0.214752230920227,-0.435663876323529,0.194,0.207,1,"GLO1","GSE214411","Myeloid",TRUE
0.214881903471685,0.136874697517473,0.062,0.049,1,"PSMD5-AS1","GSE214411","Myeloid",TRUE
0.214944034727318,-0.306946484854411,0.138,0.151,1,"MR1","GSE214411","Myeloid",TRUE
0.215046330730719,0.0597709581586825,0.009,0.015,1,"NFATC4","GSE214411","Myeloid",TRUE
0.215115042088382,0.932839584274262,0.007,0.003,1,"LRRC3","GSE214411","Myeloid",TRUE
0.215170871000829,-0.318581773209934,0.28,0.287,1,"LSM6","GSE214411","Myeloid",TRUE
0.215415781463492,-0.526519575500616,0.105,0.119,1,"MVD","GSE214411","Myeloid",TRUE
0.215428954088531,-1.55909927229508,0.027,0.036,1,"LINC01116","GSE214411","Myeloid",TRUE
0.215551821221946,0.292533123594978,0.007,0.003,1,"DNAJC27-AS1","GSE214411","Myeloid",TRUE
0.215551821221946,0.477629132579847,0.007,0.003,1,"AC009299.3","GSE214411","Myeloid",TRUE
0.215555219936856,0.0658921060739581,0.203,0.219,1,"DENR","GSE214411","Myeloid",TRUE
0.215560394522116,0.171768301546582,0.064,0.05,1,"ST6GALNAC4","GSE214411","Myeloid",TRUE
0.215605225533213,-0.27783280828329,0.193,0.209,1,"SLC31A1","GSE214411","Myeloid",TRUE
0.215705248767311,-0.285296061782795,0.247,0.264,1,"TMPO","GSE214411","Myeloid",TRUE
0.21577045019545,-0.102271288568961,0.007,0.003,1,"TMEM132C","GSE214411","Myeloid",TRUE
0.21577045019545,0.353065653949129,0.007,0.003,1,"CARD10","GSE214411","Myeloid",TRUE
0.215788136831327,-0.938488933846166,0.009,0.015,1,"PIWIL4","GSE214411","Myeloid",TRUE
0.215950425891021,-0.444796222864536,0.084,0.096,1,"ZNF37A","GSE214411","Myeloid",TRUE
0.215990418033573,-0.654440659721014,0.091,0.105,1,"GART","GSE214411","Myeloid",TRUE
0.216044742591516,-0.0535213679628677,0.048,0.059,1,"GOLGA1","GSE214411","Myeloid",TRUE
0.216234104113118,-0.192739125313485,0.009,0.015,1,"ZNF816","GSE214411","Myeloid",TRUE
0.216275940843583,-0.014378835460934,0.038,0.049,1,"ALG6","GSE214411","Myeloid",TRUE
0.21629215795318,0.457775017708278,0.223,0.196,1,"CYB5R3","GSE214411","Myeloid",TRUE
0.216427295228947,-1.12892531889123,0.007,0.003,1,"MRVI1-AS1","GSE214411","Myeloid",TRUE
0.216785411441006,-0.15258066376027,0.379,0.389,1,"CCT6A","GSE214411","Myeloid",TRUE
0.216865990748876,0.287437233414472,0.007,0.003,1,"CTB-55O6.10","GSE214411","Myeloid",TRUE
0.217034491433094,0.381022972471419,0.224,0.197,1,"ARCN1","GSE214411","Myeloid",TRUE
0.217067362984985,0.139145600128901,0.21,0.183,1,"SF3A1","GSE214411","Myeloid",TRUE
0.217100462914736,0.532186979967195,0.192,0.167,1,"PPP1R11","GSE214411","Myeloid",TRUE
0.217330719702921,0.566951048212362,0.237,0.214,1,"DOCK5","GSE214411","Myeloid",TRUE
0.217342566359812,-0.00512887503041865,0.394,0.411,1,"POLR1D","GSE214411","Myeloid",TRUE
0.217426593109736,0.325291351739236,0.014,0.008,1,"GPR153","GSE214411","Myeloid",TRUE
0.217591607967679,0.260976438282195,0.197,0.175,1,"QSOX1","GSE214411","Myeloid",TRUE
0.217680910222523,0.374827664703341,0.159,0.136,1,"TM2D1","GSE214411","Myeloid",TRUE
0.217815871662402,-0.379738774686898,0.132,0.146,1,"SSSCA1","GSE214411","Myeloid",TRUE
0.217822206193511,-0.977843413626507,0.037,0.048,1,"CXorf23","GSE214411","Myeloid",TRUE
0.217830902567815,-0.441566613180487,0.048,0.059,1,"ZNF44","GSE214411","Myeloid",TRUE
0.217874993542461,-0.911521819151067,0.009,0.015,1,"ORC1","GSE214411","Myeloid",TRUE
0.217936782401592,-0.903966364300496,0.061,0.074,1,"NUDCD1","GSE214411","Myeloid",TRUE
0.217987591854988,1.77503152142809,0.049,0.038,1,"SOX17","GSE214411","Myeloid",TRUE
0.218041494785209,0.554182456655945,0.268,0.239,1,"NUP58","GSE214411","Myeloid",TRUE
0.218137051582897,0.294957295113065,0.135,0.115,1,"GNL1","GSE214411","Myeloid",TRUE
0.218173948067987,0.129632176504229,0.017,0.011,1,"VNN3","GSE214411","Myeloid",TRUE
0.21833124809351,0.0895089660427786,0.127,0.106,1,"ZDHHC6","GSE214411","Myeloid",TRUE
0.218398962512526,-0.335756681990499,0.009,0.015,1,"CASKIN2","GSE214411","Myeloid",TRUE
0.218433438606896,-0.473655659200777,0.076,0.09,1,"CHD1L","GSE214411","Myeloid",TRUE
0.218473894315846,0.521986822415692,0.009,0.015,1,"RP11-739B23.1","GSE214411","Myeloid",TRUE
0.218518138629394,0.303491722556298,0.076,0.061,1,"FAM117B","GSE214411","Myeloid",TRUE
0.218533340241473,-0.401593634075649,0.033,0.043,1,"EFTUD1","GSE214411","Myeloid",TRUE
0.218554127437202,0.219244614376526,0.199,0.173,1,"ATP11A","GSE214411","Myeloid",TRUE
0.218623804150812,-0.601459439494286,0.009,0.015,1,"ZNF71","GSE214411","Myeloid",TRUE
0.219009827166581,-0.0598026450415112,0.106,0.12,1,"VPS37A","GSE214411","Myeloid",TRUE
0.219036088466444,-1.06832003033,0.01,0.016,1,"TTC12","GSE214411","Myeloid",TRUE
0.219361240551694,-0.584369806635498,0.12,0.135,1,"DLGAP4","GSE214411","Myeloid",TRUE
0.219397288366586,-0.0604660704405102,0.094,0.109,1,"CENPW","GSE214411","Myeloid",TRUE
0.219403794880624,0.997354596788073,0.017,0.011,1,"PCBP4","GSE214411","Myeloid",TRUE
0.219450768826619,-0.0810312946358138,0.029,0.02,1,"GNE","GSE214411","Myeloid",TRUE
0.219476548209926,0.0207086965967954,0.282,0.301,1,"CNOT2","GSE214411","Myeloid",TRUE
0.219484454966259,0.0919821531763558,0.032,0.042,1,"GRAMD1B","GSE214411","Myeloid",TRUE
0.21967670484784,-0.133097224524365,0.394,0.397,1,"YWHAQ","GSE214411","Myeloid",TRUE
0.220096545694085,-0.451121713723214,0.048,0.059,1,"MUT","GSE214411","Myeloid",TRUE
0.220295993255099,-0.649058474838977,0.101,0.113,1,"SH3GLB2","GSE214411","Myeloid",TRUE
0.220319054797781,0.165596241290473,0.037,0.048,1,"METTL13","GSE214411","Myeloid",TRUE
0.220363777410506,-0.00901387198165615,0.017,0.011,1,"PTPRM","GSE214411","Myeloid",TRUE
0.220386373330963,1.87482653783489,0.033,0.024,1,"CREB3L1","GSE214411","Myeloid",TRUE
0.220416281092521,-1.8338796208364,0.011,0.017,1,"RP11-458F8.4","GSE214411","Myeloid",TRUE
0.220526597594928,0.16791101232996,0.114,0.129,1,"ABHD3","GSE214411","Myeloid",TRUE
0.220544958877415,-0.421842636193257,0.077,0.092,1,"TAF2","GSE214411","Myeloid",TRUE
0.220724254525025,-0.330620470929127,0.273,0.276,1,"FKBP3","GSE214411","Myeloid",TRUE
0.221063402471519,-0.623280049867085,0.01,0.016,1,"PRPF40B","GSE214411","Myeloid",TRUE
0.221086015839447,0.312045012374314,0.2,0.178,1,"GRPEL1","GSE214411","Myeloid",TRUE
0.221166442120365,0.316429258942261,0.035,0.046,1,"ALDH18A1","GSE214411","Myeloid",TRUE
0.221354113229978,-1.75963283839186,0.01,0.016,1,"ALG10B","GSE214411","Myeloid",TRUE
0.221393168825557,-0.610004837389839,0.071,0.084,1,"TAPT1","GSE214411","Myeloid",TRUE
0.221396272851319,-1.2532408202041,0.011,0.017,1,"ZNF577","GSE214411","Myeloid",TRUE
0.221507480387637,-0.144598139895064,0.062,0.075,1,"SOCS1","GSE214411","Myeloid",TRUE
0.221607513775891,0.242477145319497,0.109,0.123,1,"INO80D","GSE214411","Myeloid",TRUE
0.221639871003034,-1.09173153985081,0.025,0.034,1,"ERMARD","GSE214411","Myeloid",TRUE
0.221777727645085,0.52170649058612,0.146,0.126,1,"HGS","GSE214411","Myeloid",TRUE
0.221893758803534,-1.93075232199899,0.026,0.035,1,"EGR4","GSE214411","Myeloid",TRUE
0.221927641651051,-0.225802148341278,0.226,0.236,1,"CSNK1G2","GSE214411","Myeloid",TRUE
0.222062786340068,0.424629978078154,0.032,0.042,1,"GPR141","GSE214411","Myeloid",TRUE
0.22212752667802,-0.178154582669937,0.046,0.035,1,"GMEB2","GSE214411","Myeloid",TRUE
0.222128803880846,0.124871351153002,0.05,0.062,1,"TEX30","GSE214411","Myeloid",TRUE
0.222285672053963,0.386920192996123,0.134,0.113,1,"RPIA","GSE214411","Myeloid",TRUE
0.222388834652973,-0.0506662965978628,0.431,0.444,1,"KHDRBS1","GSE214411","Myeloid",TRUE
0.222519695874265,-1.4608367254088,0.01,0.016,1,"AGAP5","GSE214411","Myeloid",TRUE
0.222519695874265,-1.4692382861849,0.01,0.016,1,"SLC25A42","GSE214411","Myeloid",TRUE
0.222539659186452,-0.132191714883629,0.708,0.805,1,"LGALS1","GSE214411","Myeloid",TRUE
0.222579960679851,-0.292205932390999,0.13,0.145,1,"SS18","GSE214411","Myeloid",TRUE
0.222720863093142,-0.748466747479689,0.029,0.038,1,"BAIAP2-AS1","GSE214411","Myeloid",TRUE
0.222919575330424,0.0976633315942403,0.093,0.108,1,"MON1B","GSE214411","Myeloid",TRUE
0.223022186555959,1.11850547506667,0.023,0.016,1,"IL2RB","GSE214411","Myeloid",TRUE
0.223250412684437,-0.731499211485949,0.01,0.016,1,"RP11-309M23.1","GSE214411","Myeloid",TRUE
0.22330681439119,0.626083038750726,0.034,0.044,1,"ZNF302","GSE214411","Myeloid",TRUE
0.223307714773257,1.30876375300887,0.009,0.015,1,"ZNF674","GSE214411","Myeloid",TRUE
0.223561125719031,-0.228171130220882,0.066,0.079,1,"DDX59","GSE214411","Myeloid",TRUE
0.223647969627357,-1.90930995107301,0.011,0.017,1,"MCM10","GSE214411","Myeloid",TRUE
0.223800845737389,0.299136889553206,0.032,0.023,1,"RAD51B","GSE214411","Myeloid",TRUE
0.223864710337774,-0.555253813160039,0.119,0.131,1,"KMT5B","GSE214411","Myeloid",TRUE
0.223982844657167,-0.346456906026786,0.01,0.016,1,"AC091729.9","GSE214411","Myeloid",TRUE
0.224035660516496,-0.00753537317977748,0.487,0.501,1,"TBCA","GSE214411","Myeloid",TRUE
0.224338140012433,0.966760049821798,0.026,0.018,1,"AC009506.1","GSE214411","Myeloid",TRUE
0.22457002603,-1.36881240553642,0.01,0.016,1,"TVP23C","GSE214411","Myeloid",TRUE
0.224589299915017,-0.693511904728091,0.077,0.09,1,"TLR10","GSE214411","Myeloid",TRUE
0.2247409410286,-0.0816126361377694,0.316,0.327,1,"TRABD","GSE214411","Myeloid",TRUE
0.224743945005245,1.0166943911532,0.03,0.021,1,"RP11-65I12.1","GSE214411","Myeloid",TRUE
0.224897519182195,1.02326654342936,0.023,0.016,1,"PHYHD1","GSE214411","Myeloid",TRUE
0.225009397714511,-0.030821886191545,0.062,0.075,1,"TRIM5","GSE214411","Myeloid",TRUE
0.225062630876383,-0.492322832249124,0.04,0.051,1,"LINC00243","GSE214411","Myeloid",TRUE
0.225489496752386,-1.27855449158842,0.011,0.017,1,"CTD-2017D11.1","GSE214411","Myeloid",TRUE
0.225759515811219,-0.957671181285024,0.022,0.03,1,"RP11-109G23.3","GSE214411","Myeloid",TRUE
0.226042789920774,-0.496551881319552,0.01,0.016,1,"CALML4","GSE214411","Myeloid",TRUE
0.226200651491924,-0.848192210722098,0.011,0.017,1,"PIK3R2","GSE214411","Myeloid",TRUE
0.22620118022365,0.570816013887471,0.323,0.362,1,"WFDC2","GSE214411","Myeloid",TRUE
0.226233508705994,0.301295292671236,0.213,0.189,1,"NCOA1","GSE214411","Myeloid",TRUE
0.226321815011511,0.419137799427889,0.171,0.15,1,"RAPGEF2","GSE214411","Myeloid",TRUE
0.226391642894825,0.164026393023841,0.117,0.097,1,"CHKA","GSE214411","Myeloid",TRUE
0.226487541974606,-0.576399714021682,0.036,0.046,1,"ZC3H12D","GSE214411","Myeloid",TRUE
0.226584887497396,-0.781726746576126,0.012,0.018,1,"GPT2","GSE214411","Myeloid",TRUE
0.22660641338299,-1.36703526929135,0.013,0.02,1,"ASNS","GSE214411","Myeloid",TRUE
0.226636043190467,-0.58156687057272,0.114,0.127,1,"FAF1","GSE214411","Myeloid",TRUE
0.22664477853692,0.370158724093215,0.437,0.393,1,"OSTF1","GSE214411","Myeloid",TRUE
0.226726199535976,-0.107174892664823,0.049,0.06,1,"TMEM68","GSE214411","Myeloid",TRUE
0.22683553057595,-0.0932450026892555,0.076,0.09,1,"PPCDC","GSE214411","Myeloid",TRUE
0.227321997141189,-0.103173893174914,0.284,0.297,1,"PLXNC1","GSE214411","Myeloid",TRUE
0.227344437260481,0.0792525769029377,0.119,0.102,1,"PTS","GSE214411","Myeloid",TRUE
0.227383015049902,-0.534183650878143,0.143,0.156,1,"HDAC9","GSE214411","Myeloid",TRUE
0.227442471658525,-0.513255992262323,0.041,0.052,1,"TMEM80","GSE214411","Myeloid",TRUE
0.227499978925739,-0.612009872741242,0.027,0.036,1,"BANK1","GSE214411","Myeloid",TRUE
0.227543172289847,0.373870778352135,0.23,0.201,1,"CHST11","GSE214411","Myeloid",TRUE
0.227618815336018,0.363043318250189,0.497,0.482,1,"USMG5","GSE214411","Myeloid",TRUE
0.227747845672769,-1.06035366312925,0.015,0.022,1,"ZNF41","GSE214411","Myeloid",TRUE
0.227855237672172,0.0368689391544637,0.032,0.042,1,"JMJD4","GSE214411","Myeloid",TRUE
0.227900713781601,-1.57137707970805,0.013,0.019,1,"ARHGEF17","GSE214411","Myeloid",TRUE
0.227915072441018,-0.562995378070955,0.14,0.153,1,"ZNF710","GSE214411","Myeloid",TRUE
0.227969466636333,-0.0392498021956671,0.474,0.492,1,"EIF4A3","GSE214411","Myeloid",TRUE
0.227971610923392,-0.0101477479612062,0.112,0.128,1,"SLC17A5","GSE214411","Myeloid",TRUE
0.228057140071896,-1.82568411756955,0.011,0.017,1,"AF127936.9","GSE214411","Myeloid",TRUE
0.228104268000269,-0.843414998635748,0.012,0.018,1,"DZANK1","GSE214411","Myeloid",TRUE
0.228168902793478,-1.70159630579511,0.013,0.019,1,"PIK3C2B","GSE214411","Myeloid",TRUE
0.228200395182209,0.563005219417612,0.011,0.017,1,"CTB-113I20.2","GSE214411","Myeloid",TRUE
0.2284080715699,-0.268911912072725,0.095,0.109,1,"HERC3","GSE214411","Myeloid",TRUE
0.228487097673379,-1.39806368134,0.011,0.017,1,"PHGDH","GSE214411","Myeloid",TRUE
0.228658565461664,-0.517354823702884,0.012,0.018,1,"CH507-9B2.3","GSE214411","Myeloid",TRUE
0.228814797720998,-0.531811426803514,0.132,0.144,1,"YLPM1","GSE214411","Myeloid",TRUE
0.229019624605002,0.362238123425883,0.246,0.22,1,"TMED7","GSE214411","Myeloid",TRUE
0.229024008303804,1.33200586781834,0.021,0.014,1,"KIF21A","GSE214411","Myeloid",TRUE
0.229218694071177,-0.0678201497038297,0.327,0.341,1,"AFF4","GSE214411","Myeloid",TRUE
0.22934446063157,0.0182204324365518,0.068,0.082,1,"PLEKHA5","GSE214411","Myeloid",TRUE
0.229396476614728,-0.661291139980785,0.028,0.037,1,"DLGAP3","GSE214411","Myeloid",TRUE
0.229416408211665,0.18472335636078,0.138,0.155,1,"PSMD9","GSE214411","Myeloid",TRUE
0.229450024476349,-0.960023528713516,0.059,0.071,1,"PDSS2","GSE214411","Myeloid",TRUE
0.229502322963362,-0.143057529282628,0.144,0.123,1,"ADAM15","GSE214411","Myeloid",TRUE
0.229513220077141,-0.406578814004246,0.013,0.019,1,"NEIL1","GSE214411","Myeloid",TRUE
0.229603085071527,0.0340441589531596,0.253,0.266,1,"PEPD","GSE214411","Myeloid",TRUE
0.2296109925262,0.274143492175533,0.096,0.081,1,"MFN2","GSE214411","Myeloid",TRUE
0.229633400048572,0.444775197907624,0.136,0.117,1,"TMEM87B","GSE214411","Myeloid",TRUE
0.22963817256528,0.478044709722363,0.109,0.092,1,"CCDC117","GSE214411","Myeloid",TRUE
0.229879966961628,-0.0155561419366964,0.241,0.256,1,"ME2","GSE214411","Myeloid",TRUE
0.229976455275014,-0.579368822616589,0.062,0.074,1,"FARS2","GSE214411","Myeloid",TRUE
0.229980474520976,0.779538579499751,0.04,0.03,1,"EXTL3","GSE214411","Myeloid",TRUE
0.22998787289774,-0.705736712300382,0.021,0.029,1,"ALDH1B1","GSE214411","Myeloid",TRUE
0.230048279015743,-0.794977176904935,0.069,0.082,1,"ACTR8","GSE214411","Myeloid",TRUE
0.23005252178089,-1.38199929500736,0.013,0.019,1,"RP11-69E11.4","GSE214411","Myeloid",TRUE
0.230208619615056,-0.607768779835626,0.042,0.053,1,"MLH3","GSE214411","Myeloid",TRUE
0.230241199782426,-0.15776868266974,0.232,0.2,1,"PSMD12","GSE214411","Myeloid",TRUE
0.23046403457991,-0.148385448269383,0.111,0.125,1,"MAGOHB","GSE214411","Myeloid",TRUE
0.230466653778324,0.828478532259753,0.012,0.018,1,"CCDC191","GSE214411","Myeloid",TRUE
0.230589036354241,0.591794411860427,0.146,0.126,1,"TMEM2","GSE214411","Myeloid",TRUE
0.230648593951671,-1.60261276312589,0.013,0.02,1,"HIP1R","GSE214411","Myeloid",TRUE
0.230779834721286,-0.521649092929652,0.013,0.02,1,"RP5-1136G13.2","GSE214411","Myeloid",TRUE
0.230951781035894,0.692697120485909,0.01,0.016,1,"RARRES1","GSE214411","Myeloid",TRUE
0.230956213042787,0.224279778484897,0.351,0.318,1,"UBE2A","GSE214411","Myeloid",TRUE
0.230966816731349,-0.109730709780148,0.181,0.196,1,"HECTD1","GSE214411","Myeloid",TRUE
0.231005032952314,-1.40033608662414,0.025,0.034,1,"ALMS1","GSE214411","Myeloid",TRUE
0.231096851941397,-0.238556066529468,0.047,0.036,1,"PI4K2B","GSE214411","Myeloid",TRUE
0.231133827365523,-1.45908839913854,0.013,0.019,1,"TUBG2","GSE214411","Myeloid",TRUE
0.23144443889456,-0.203994857534383,0.012,0.018,1,"LY6G5C","GSE214411","Myeloid",TRUE
0.231535135029215,0.133248756140101,0.04,0.051,1,"ABAT","GSE214411","Myeloid",TRUE
0.231581923744554,-0.0808091914733513,0.018,0.025,1,"AC245100.1","GSE214411","Myeloid",TRUE
0.231724346473176,-0.253243660314276,0.012,0.018,1,"YPEL1","GSE214411","Myeloid",TRUE
0.231848038655643,0.537376415911515,0.114,0.096,1,"SREBF2","GSE214411","Myeloid",TRUE
0.23196883593413,-0.0675496969151537,0.075,0.087,1,"RPS6KC1","GSE214411","Myeloid",TRUE
0.232126279013662,0.622438170110331,0.09,0.074,1,"PRR14","GSE214411","Myeloid",TRUE
0.232246995757757,-0.244170676047281,0.078,0.091,1,"BTN2A1","GSE214411","Myeloid",TRUE
0.232362816165098,-0.00946881212502282,0.31,0.321,1,"EHBP1L1","GSE214411","Myeloid",TRUE
0.232464147337896,0.919373010237431,0.084,0.07,1,"EPAS1","GSE214411","Myeloid",TRUE
0.232571041156698,0.699922402910827,0.322,0.293,1,"FAM177A1","GSE214411","Myeloid",TRUE
0.232622780056724,-0.913111996852862,0.013,0.02,1,"LRFN4","GSE214411","Myeloid",TRUE
0.232746237184488,-0.0241622703518813,0.187,0.202,1,"GPR137B","GSE214411","Myeloid",TRUE
0.232773721226391,0.0827785303090838,0.195,0.172,1,"RIT1","GSE214411","Myeloid",TRUE
0.232975808716964,-0.119823418472941,0.142,0.158,1,"GMIP","GSE214411","Myeloid",TRUE
0.232985793582844,-0.848047600449751,0.047,0.057,1,"OTUD6B","GSE214411","Myeloid",TRUE
0.233123037988181,-0.56454790391421,0.053,0.065,1,"TRIM41","GSE214411","Myeloid",TRUE
0.233132275636065,-0.720510453733607,0.067,0.081,1,"DDX55","GSE214411","Myeloid",TRUE
0.233211281700326,-0.221096234939756,0.015,0.022,1,"SLITRK4","GSE214411","Myeloid",TRUE
0.233283498683023,-0.966535054970391,0.013,0.02,1,"ZNF346","GSE214411","Myeloid",TRUE
0.233318491709914,-1.51579480151629,0.004,0.007,1,"ANGPTL6","GSE214411","Myeloid",TRUE
0.233461809309066,-0.503971470576497,0.015,0.022,1,"CCT6B","GSE214411","Myeloid",TRUE
0.233526781332366,1.17543514975028,0.157,0.144,1,"KRT19","GSE214411","Myeloid",TRUE
0.233549851720165,-1.82048150411945,0.004,0.007,1,"RP11-936I5.1","GSE214411","Myeloid",TRUE
0.23361435325186,-0.956974319070588,0.013,0.02,1,"INHBA-AS1","GSE214411","Myeloid",TRUE
0.233659349409602,-0.326029053102285,0.134,0.147,1,"CLN3","GSE214411","Myeloid",TRUE
0.233831316911658,-0.279137109177496,0.012,0.018,1,"C15orf41","GSE214411","Myeloid",TRUE
0.233935270026677,3.7384343335392,0.005,0.002,1,"WNK2","GSE214411","Myeloid",TRUE
0.233935270026677,2.74360720529871,0.005,0.002,1,"SRRM2-AS1","GSE214411","Myeloid",TRUE
0.23395042108402,-0.443986977983386,0.024,0.033,1,"SLC47A1","GSE214411","Myeloid",TRUE
0.233953477849457,-0.161885868705897,0.058,0.071,1,"IL6","GSE214411","Myeloid",TRUE
0.234013059557705,-2.63192568371929,0.004,0.007,1,"RP11-521B24.3","GSE214411","Myeloid",TRUE
0.234034030326141,-0.404686920540806,0.12,0.135,1,"DDX41","GSE214411","Myeloid",TRUE
0.234084748755685,0.0936711232769967,0.16,0.175,1,"PIK3CD","GSE214411","Myeloid",TRUE
0.234085015789568,0.464377813724179,0.065,0.052,1,"AFMID","GSE214411","Myeloid",TRUE
0.234088962954114,-0.173135596942556,0.015,0.022,1,"LRRC16A","GSE214411","Myeloid",TRUE
0.234113268941598,0.508290637775302,0.012,0.018,1,"LRRC6","GSE214411","Myeloid",TRUE
0.234142996700708,-0.922859149582864,0.018,0.025,1,"EFNB2","GSE214411","Myeloid",TRUE
0.234206889684228,1.32898462832294,0.005,0.002,1,"RP5-851M4.1","GSE214411","Myeloid",TRUE
0.234210738706476,-0.382446998738234,0.013,0.02,1,"GS1-124K5.11","GSE214411","Myeloid",TRUE
0.234395461784762,0.0879495768274738,0.012,0.018,1,"LTBP1","GSE214411","Myeloid",TRUE
0.234478732713688,1.0852367963637,0.005,0.002,1,"SGIP1","GSE214411","Myeloid",TRUE
0.234478732713688,1.71678798845132,0.005,0.002,1,"KLB","GSE214411","Myeloid",TRUE
0.234581046320052,-0.0785503072551021,0.061,0.073,1,"NPRL3","GSE214411","Myeloid",TRUE
0.234672992695029,0.141670331445504,0.013,0.019,1,"PPP1R13B","GSE214411","Myeloid",TRUE
0.234709091360619,-1.73202639520445,0.004,0.007,1,"CTD-2547L16.1","GSE214411","Myeloid",TRUE
0.234709091360619,-1.451986768092,0.004,0.007,1,"RP4-816N1.6","GSE214411","Myeloid",TRUE
0.234713338517459,0.580288505767975,0.011,0.017,1,"ALG9","GSE214411","Myeloid",TRUE
0.234750799168836,2.6667844650095,0.005,0.002,1,"RP11-145M9.5","GSE214411","Myeloid",TRUE
0.234750799168836,1.8624288800065,0.005,0.002,1,"LINC00958","GSE214411","Myeloid",TRUE
0.234750799168836,2.96242379027032,0.005,0.002,1,"RP1-68D18.4","GSE214411","Myeloid",TRUE
0.234750799168836,1.00429771699326,0.005,0.002,1,"CTC-518P12.6","GSE214411","Myeloid",TRUE
0.234760854533449,0.74081472642298,0.067,0.055,1,"TFPI2","GSE214411","Myeloid",TRUE
0.234931320867991,-0.0948381959869891,0.132,0.145,1,"SCAMP4","GSE214411","Myeloid",TRUE
0.234941427441128,-1.27482029865959,0.004,0.007,1,"CR1L","GSE214411","Myeloid",TRUE
0.235023089103283,1.12846128397533,0.005,0.002,1,"PANO1","GSE214411","Myeloid",TRUE
0.235023089103283,2.25753188177721,0.005,0.002,1,"KANK3","GSE214411","Myeloid",TRUE
0.235024382557991,-0.784528336462118,0.04,0.051,1,"TMEM185B","GSE214411","Myeloid",TRUE
0.235026966488872,-0.555482424412041,0.02,0.028,1,"MICALL1","GSE214411","Myeloid",TRUE
0.235094890196141,-0.449038640035329,0.015,0.022,1,"MIPEP","GSE214411","Myeloid",TRUE
0.235130855860848,-0.50836491795966,0.022,0.03,1,"ZNF512","GSE214411","Myeloid",TRUE
0.235173926316885,-2.13147145378323,0.004,0.007,1,"DENND2A","GSE214411","Myeloid",TRUE
0.235173926316885,-1.64457550715031,0.004,0.007,1,"THRIL","GSE214411","Myeloid",TRUE
0.235181977783922,-0.0782640023010135,0.016,0.023,1,"C2orf42","GSE214411","Myeloid",TRUE
0.235283329563914,-0.18395627937848,0.163,0.178,1,"SLC20A1","GSE214411","Myeloid",TRUE
0.235295602570472,0.87399068136187,0.005,0.002,1,"TMEM17","GSE214411","Myeloid",TRUE
0.235295602570472,2.17719229230724,0.005,0.002,1,"BSCL2","GSE214411","Myeloid",TRUE
0.23540658802104,-1.17876788183353,0.004,0.007,1,"RP11-213H15.1","GSE214411","Myeloid",TRUE
0.235485171470922,-0.516064788608473,0.024,0.033,1,"HTR7","GSE214411","Myeloid",TRUE
0.235568339623673,1.25616909106512,0.005,0.002,1,"CTRC","GSE214411","Myeloid",TRUE
0.235568339623673,1.92214827315482,0.005,0.002,1,"FAM84A","GSE214411","Myeloid",TRUE
0.235568339623673,1.12884024869421,0.005,0.002,1,"PDZD2","GSE214411","Myeloid",TRUE
0.235568339623673,-2.46847228372326,0.005,0.002,1,"CXorf36","GSE214411","Myeloid",TRUE
0.235568339623673,1.02657553216678,0.005,0.002,1,"GLT8D2","GSE214411","Myeloid",TRUE
0.235632368352695,0.587372475575828,0.013,0.019,1,"C22orf29","GSE214411","Myeloid",TRUE
0.235664764012626,0.586083600513438,0.029,0.038,1,"NUP50-AS1","GSE214411","Myeloid",TRUE
0.235671466496719,0.721057744506806,0.022,0.03,1,"ACSM3","GSE214411","Myeloid",TRUE
0.235687584086617,0.379202340723588,0.15,0.129,1,"GATAD2A","GSE214411","Myeloid",TRUE
0.235841300315989,0.596282646172594,0.005,0.002,1,"KLHL3","GSE214411","Myeloid",TRUE
0.235841300315989,0.963119405894982,0.005,0.002,1,"GLIS2","GSE214411","Myeloid",TRUE
0.235841300315989,1.93310524244728,0.005,0.002,1,"FAM209A","GSE214411","Myeloid",TRUE
0.23584582138946,0.945614190776111,0.122,0.106,1,"UBXN2B","GSE214411","Myeloid",TRUE
0.235846316157421,-0.297941844995146,0.1,0.113,1,"TBRG4","GSE214411","Myeloid",TRUE
0.235931363267667,-0.0119858768522989,0.077,0.062,1,"NAB2","GSE214411","Myeloid",TRUE
0.235968384252366,-0.473827566523796,0.025,0.034,1,"BBS7","GSE214411","Myeloid",TRUE
0.236066701557894,0.0968624683636814,0.087,0.1,1,"SCRN1","GSE214411","Myeloid",TRUE
0.236081613607252,0.116088587911,0.021,0.014,1,"RP11-568N6.1","GSE214411","Myeloid",TRUE
0.236105550434069,-2.82158637374752,0.004,0.007,1,"VSIG10L","GSE214411","Myeloid",TRUE
0.236114484700351,1.36559187830997,0.005,0.002,1,"HOXD11","GSE214411","Myeloid",TRUE
0.236114484700351,-0.512114480136307,0.005,0.002,1,"MAP2","GSE214411","Myeloid",TRUE
0.236114484700351,0.605723561743726,0.005,0.002,1,"AC009950.2","GSE214411","Myeloid",TRUE
0.236114484700351,0.516114227489409,0.005,0.002,1,"ANK1","GSE214411","Myeloid",TRUE
0.236114484700351,0.867378051624235,0.005,0.002,1,"GJB6","GSE214411","Myeloid",TRUE
0.236114484700351,0.707677005223234,0.005,0.002,1,"LINC00672","GSE214411","Myeloid",TRUE
0.23620646715139,-0.448652668346007,0.013,0.02,1,"EPHA1-AS1","GSE214411","Myeloid",TRUE
0.236233328975173,0.724304829706325,0.353,0.324,1,"CD46","GSE214411","Myeloid",TRUE
0.236338863781538,-1.95138675505387,0.004,0.007,1,"RP4-669L17.10","GSE214411","Myeloid",TRUE
0.236388937994253,0.0784734170262147,0.328,0.293,1,"LPXN","GSE214411","Myeloid",TRUE
0.236463659000736,0.149729855307165,0.065,0.078,1,"HK3","GSE214411","Myeloid",TRUE
0.236519590081115,-0.314580129046973,0.012,0.018,1,"GINS3","GSE214411","Myeloid",TRUE
0.236529691961261,-1.39057569812595,0.017,0.024,1,"NR1D1","GSE214411","Myeloid",TRUE
0.236557726268493,-0.880351861523829,0.021,0.029,1,"KIAA1328","GSE214411","Myeloid",TRUE
0.236572340121813,-1.52572180812956,0.004,0.007,1,"C5orf49","GSE214411","Myeloid",TRUE
0.236586351815615,0.287335796096447,0.259,0.228,1,"ARHGEF1","GSE214411","Myeloid",TRUE
0.236661524756087,-0.00513073663235897,0.005,0.002,1,"PPFIA4","GSE214411","Myeloid",TRUE
0.236661524756087,-2.18778610304299,0.005,0.002,1,"ILDR1","GSE214411","Myeloid",TRUE
0.236661524756087,0.485653220467823,0.005,0.002,1,"LINC00540","GSE214411","Myeloid",TRUE
0.236712173121097,0.518297793742603,0.421,0.462,1,"ISG15","GSE214411","Myeloid",TRUE
0.236787614771544,-0.921205370096376,0.075,0.088,1,"NOC4L","GSE214411","Myeloid",TRUE
0.236788806077483,-0.640727151495585,0.065,0.076,1,"DALRD3","GSE214411","Myeloid",TRUE
0.236805979487504,-0.803400506457186,0.004,0.007,1,"FOXD2-AS1","GSE214411","Myeloid",TRUE
0.236805979487504,0.189997049428109,0.004,0.007,1,"ATP6AP1L","GSE214411","Myeloid",TRUE
0.236805979487504,-0.379069075833756,0.004,0.007,1,"ZNF630","GSE214411","Myeloid",TRUE
0.236805979487504,-0.666624692626452,0.004,0.007,1,"CEP83-AS1","GSE214411","Myeloid",TRUE
0.236810107599345,0.0753996995725628,0.177,0.193,1,"PPP4R3B","GSE214411","Myeloid",TRUE
0.236814292297924,-0.0134960851828443,0.042,0.053,1,"LIG1","GSE214411","Myeloid",TRUE
0.237039781911131,-0.821775812782553,0.004,0.007,1,"PEG3","GSE214411","Myeloid",TRUE
0.237081168509076,-1.0369073995051,0.022,0.03,1,"MSTO1","GSE214411","Myeloid",TRUE
0.23721646126009,-0.703024468310169,0.042,0.053,1,"ARMC6","GSE214411","Myeloid",TRUE
0.237252990276457,-1.42714970320641,0.017,0.024,1,"JRKL","GSE214411","Myeloid",TRUE
0.237507876061814,0.473394064362417,0.004,0.007,1,"MAGI2","GSE214411","Myeloid",TRUE
0.237507876061814,-0.326339763164128,0.004,0.007,1,"ST7-AS1","GSE214411","Myeloid",TRUE
0.237554538604193,-0.0332767666512224,0.021,0.029,1,"ZSCAN9","GSE214411","Myeloid",TRUE
0.237560046575983,2.23756079981342,0.01,0.005,1,"DRAXIN","GSE214411","Myeloid",TRUE
0.237602206986154,-0.0240181389735667,0.219,0.231,1,"ZMYM2","GSE214411","Myeloid",TRUE
0.237626207149575,-0.0737359507162727,0.295,0.315,1,"FNIP2","GSE214411","Myeloid",TRUE
0.23769539106204,0.570162453503988,0.199,0.18,1,"ID3","GSE214411","Myeloid",TRUE
0.237742167853456,0.786548382597896,0.004,0.007,1,"PPIL6","GSE214411","Myeloid",TRUE
0.237742167853456,-0.187806793800839,0.004,0.007,1,"ZNF625","GSE214411","Myeloid",TRUE
0.237859907754584,0.215789965447478,0.143,0.158,1,"CASP3","GSE214411","Myeloid",TRUE
0.237976622832202,0.694565057065422,0.004,0.007,1,"SLAMF6","GSE214411","Myeloid",TRUE
0.237976622832202,-0.042165575370869,0.004,0.007,1,"GREM2","GSE214411","Myeloid",TRUE
0.237976622832202,1.54036758498483,0.004,0.007,1,"CBX2","GSE214411","Myeloid",TRUE
0.238048262106819,-0.132246212028437,0.022,0.031,1,"IKZF4","GSE214411","Myeloid",TRUE
0.238211241030117,0.108235554107678,0.004,0.007,1,"PRDM5","GSE214411","Myeloid",TRUE
0.238232360005002,1.49032760990768,0.018,0.012,1,"PTPRF","GSE214411","Myeloid",TRUE
0.238237508337482,0.326947959676062,0.075,0.061,1,"ZBTB18","GSE214411","Myeloid",TRUE
0.238262321045629,-1.05513477842614,0.022,0.031,1,"OPTN","GSE214411","Myeloid",TRUE
0.238303467773446,-0.597920126362788,0.04,0.051,1,"ZNF136","GSE214411","Myeloid",TRUE
0.238340865749494,-0.2059373729764,0.017,0.024,1,"ZNF600","GSE214411","Myeloid",TRUE
0.238356367748683,0.887510607013918,0.027,0.019,1,"FAM212B","GSE214411","Myeloid",TRUE
0.238429556300368,-0.461396428693518,0.151,0.162,1,"FLYWCH2","GSE214411","Myeloid",TRUE
0.238446022479174,2.43891210598271,0.004,0.007,1,"NDUFA4L2","GSE214411","Myeloid",TRUE
0.2384887086391,0.195987657960313,0.059,0.072,1,"ARL13B","GSE214411","Myeloid",TRUE
0.238533771028411,0.974640596606134,0.01,0.005,1,"ALOX15","GSE214411","Myeloid",TRUE
0.238613810783801,-0.400695080282579,0.018,0.025,1,"LINC00342","GSE214411","Myeloid",TRUE
0.238803409782128,0.203158749696421,0.073,0.086,1,"VRK1","GSE214411","Myeloid",TRUE
0.238804769851325,0.144182137906034,0.299,0.31,1,"ITSN2","GSE214411","Myeloid",TRUE
0.238873655495034,-0.328498102754562,0.045,0.056,1,"MIS12","GSE214411","Myeloid",TRUE
0.238979618658892,0.0719507915998814,0.097,0.111,1,"C8orf33","GSE214411","Myeloid",TRUE
0.239003632217169,0.0177050825056057,0.289,0.302,1,"PCF11","GSE214411","Myeloid",TRUE
0.239021751147662,-0.327188048654856,0.015,0.022,1,"LRRC29","GSE214411","Myeloid",TRUE
0.239028480473821,-0.807605759866734,0.052,0.064,1,"ALAD","GSE214411","Myeloid",TRUE
0.239102243149446,0.200445535371353,0.029,0.038,1,"PIGR","GSE214411","Myeloid",TRUE
0.239197606029075,-0.404921749653966,0.024,0.033,1,"RP1-34B20.21","GSE214411","Myeloid",TRUE
0.239445489559838,-1.40620480884929,0.021,0.029,1,"ZNF669","GSE214411","Myeloid",TRUE
0.239531793795519,-0.401495304958102,0.015,0.022,1,"ZNF544","GSE214411","Myeloid",TRUE
0.239612632981174,-0.432267205332037,0.024,0.033,1,"LAMB2","GSE214411","Myeloid",TRUE
0.239637006905901,0.479726299810414,0.316,0.288,1,"MAPK1IP1L","GSE214411","Myeloid",TRUE
0.239763768690005,0.174227150060563,0.172,0.149,1,"VMO1","GSE214411","Myeloid",TRUE
0.239782687701435,-0.0397518868993134,0.086,0.1,1,"RSPRY1","GSE214411","Myeloid",TRUE
0.2398051111628,0.284919628937037,0.184,0.163,1,"MIR155HG","GSE214411","Myeloid",TRUE
0.239901712406399,-0.184263699705677,0.01,0.005,1,"MET","GSE214411","Myeloid",TRUE
0.239901712406399,0.59113459614667,0.01,0.005,1,"RP11-114F3.4","GSE214411","Myeloid",TRUE
0.239914829091349,0.160833752301122,0.015,0.022,1,"OSBPL5","GSE214411","Myeloid",TRUE
0.239996663386562,-0.515920621050005,0.175,0.188,1,"PRRC2B","GSE214411","Myeloid",TRUE
0.24010038756878,-0.608162621618134,0.187,0.196,1,"MRPL23","GSE214411","Myeloid",TRUE
0.2401309395504,-0.464094713213154,0.083,0.096,1,"NOP14","GSE214411","Myeloid",TRUE
0.240257955977883,-0.43813072383742,0.014,0.021,1,"SPDEF","GSE214411","Myeloid",TRUE
0.24037858703238,-0.11995702061687,0.015,0.01,1,"CTD-2357A8.3","GSE214411","Myeloid",TRUE
0.240450867470536,0.3610955291996,0.021,0.029,1,"CDKL5","GSE214411","Myeloid",TRUE
0.240685871435451,0.164455453094242,0.01,0.005,1,"A4GALT","GSE214411","Myeloid",TRUE
0.240715342402401,0.100215738952198,0.234,0.203,1,"KDM7A","GSE214411","Myeloid",TRUE
0.240810256626887,0.555556573439206,0.015,0.022,1,"SCYL3","GSE214411","Myeloid",TRUE
0.240869857471317,0.260577292593129,0.271,0.252,1,"PLAC8","GSE214411","Myeloid",TRUE
0.241010694164412,-0.181961455793751,0.021,0.029,1,"ARHGAP11B","GSE214411","Myeloid",TRUE
0.241032922907454,0.417741037096885,0.04,0.051,1,"ZNF518B","GSE214411","Myeloid",TRUE
0.241103972738039,-0.0857627271645003,0.48,0.508,1,"HCST","GSE214411","Myeloid",TRUE
0.241146670448325,1.06701159080645,0.027,0.019,1,"AC116366.6","GSE214411","Myeloid",TRUE
0.241212340225121,0.403912657160118,0.328,0.292,1,"FNIP1","GSE214411","Myeloid",TRUE
0.24127517437884,0.04814874889761,0.01,0.005,1,"STAP1","GSE214411","Myeloid",TRUE
0.24127517437884,-0.00929204115277926,0.01,0.005,1,"RP11-589P10.5","GSE214411","Myeloid",TRUE
0.241459696559137,1.33110092149904,0.015,0.01,1,"B4GALT2","GSE214411","Myeloid",TRUE
0.241581455249224,0.210580637834949,0.196,0.171,1,"SNRPA","GSE214411","Myeloid",TRUE
0.24196256813993,-1.85347187109721,0.001,0.003,1,"RAB3B","GSE214411","Myeloid",TRUE
0.24196256813993,-1.78364159607162,0.001,0.003,1,"AK5","GSE214411","Myeloid",TRUE
0.24196256813993,-1.56738326324038,0.001,0.003,1,"RP4-665J23.1","GSE214411","Myeloid",TRUE
0.24196256813993,-1.63877392771048,0.001,0.003,1,"C1orf101","GSE214411","Myeloid",TRUE
0.24196256813993,-2.26800708551437,0.001,0.003,1,"RP11-363D14.1","GSE214411","Myeloid",TRUE
0.24196256813993,-1.62260097375034,0.001,0.003,1,"RP11-332H14.1","GSE214411","Myeloid",TRUE
0.24196256813993,-3.23217661041724,0.001,0.003,1,"CSRNP3","GSE214411","Myeloid",TRUE
0.24196256813993,-2.33679828587007,0.001,0.003,1,"RP11-1020A11.2","GSE214411","Myeloid",TRUE
0.24196256813993,-1.64012839253492,0.001,0.003,1,"RP11-10C24.1","GSE214411","Myeloid",TRUE
0.24196256813993,-3.81253807471804,0.001,0.003,1,"LINC00960","GSE214411","Myeloid",TRUE
0.24196256813993,-2.71491238175309,0.001,0.003,1,"KCNIP4-IT1","GSE214411","Myeloid",TRUE
0.24196256813993,-1.76660648187991,0.001,0.003,1,"C4orf47","GSE214411","Myeloid",TRUE
0.24196256813993,-2.15114031647222,0.001,0.003,1,"C1QTNF3","GSE214411","Myeloid",TRUE
0.24196256813993,-1.85950539315934,0.001,0.003,1,"CTD-2033C11.1","GSE214411","Myeloid",TRUE
0.24196256813993,-4.13291843956562,0.001,0.003,1,"FGFR4","GSE214411","Myeloid",TRUE
0.24196256813993,-3.24568561787839,0.001,0.003,1,"LINC00240","GSE214411","Myeloid",TRUE
0.24196256813993,-1.30173432810169,0.001,0.003,1,"HIST1H4I","GSE214411","Myeloid",TRUE
0.24196256813993,-1.53196003568408,0.001,0.003,1,"RP11-120D5.1","GSE214411","Myeloid",TRUE
0.24196256813993,-2.57449832727633,0.001,0.003,1,"SPIN3","GSE214411","Myeloid",TRUE
0.24196256813993,-1.49273977271623,0.001,0.003,1,"PPP1R42","GSE214411","Myeloid",TRUE
0.24196256813993,-2.01556723886336,0.001,0.003,1,"ANKRD20A2","GSE214411","Myeloid",TRUE
0.24196256813993,-2.29096963151983,0.001,0.003,1,"RP11-247A12.2","GSE214411","Myeloid",TRUE
0.24196256813993,-1.94379944900471,0.001,0.003,1,"AC090587.5","GSE214411","Myeloid",TRUE
0.24196256813993,-2.23304629245547,0.001,0.003,1,"APLNR","GSE214411","Myeloid",TRUE
0.24196256813993,-3.75573368604535,0.001,0.003,1,"RP11-755F10.1","GSE214411","Myeloid",TRUE
0.24196256813993,-1.8783694652152,0.001,0.003,1,"DNMBP-AS1","GSE214411","Myeloid",TRUE
0.24196256813993,-1.80031500695192,0.001,0.003,1,"RP11-637A17.2","GSE214411","Myeloid",TRUE
0.24196256813993,-2.21809869061751,0.001,0.003,1,"RP11-317N8.5","GSE214411","Myeloid",TRUE
0.24196256813993,-2.32441029318948,0.001,0.003,1,"RP11-73M18.10","GSE214411","Myeloid",TRUE
0.24196256813993,-2.29955993936384,0.001,0.003,1,"RP11-1000B6.8","GSE214411","Myeloid",TRUE
0.24196256813993,-2.07421517569576,0.001,0.003,1,"ARNT2","GSE214411","Myeloid",TRUE
0.24196256813993,-1.50787029490902,0.001,0.003,1,"RP11-217B1.2","GSE214411","Myeloid",TRUE
0.24196256813993,-2.03465191407097,0.001,0.003,1,"RP11-166B2.8","GSE214411","Myeloid",TRUE
0.24196256813993,-2.7928057089764,0.001,0.003,1,"RP11-456K23.1","GSE214411","Myeloid",TRUE
0.24196256813993,-2.29123835296739,0.001,0.003,1,"LINC01431","GSE214411","Myeloid",TRUE
0.24196256813993,-1.92850269685745,0.001,0.003,1,"ZNF337-AS1","GSE214411","Myeloid",TRUE
0.24196256813993,-3.56820621906646,0.001,0.003,1,"WISP2","GSE214411","Myeloid",TRUE
0.24196256813993,-1.91214219724289,0.001,0.003,1,"TINCR","GSE214411","Myeloid",TRUE
0.24196256813993,-1.69194227438811,0.001,0.003,1,"AC005932.1","GSE214411","Myeloid",TRUE
0.24196256813993,-2.10693157407884,0.001,0.003,1,"ZNF221","GSE214411","Myeloid",TRUE
0.24196256813993,-2.41050085398984,0.001,0.003,1,"bP-21264C1.2","GSE214411","Myeloid",TRUE
0.24196256813993,-2.34700281702847,0.001,0.003,1,"RP11-107M16.2","GSE214411","Myeloid",TRUE
0.24196256813993,-1.68974009066755,0.001,0.003,1,"AP000569.9","GSE214411","Myeloid",TRUE
0.242018041792333,-0.065166870340273,0.379,0.381,1,"PSMB2","GSE214411","Myeloid",TRUE
0.242029970689487,0.142492005221799,0.663,0.783,1,"RPL4","GSE214411","Myeloid",TRUE
0.242043654397509,0.129491765161587,0.291,0.302,1,"TM9SF2","GSE214411","Myeloid",TRUE
0.242177431543429,0.251763273441684,0.02,0.028,1,"ZNF738","GSE214411","Myeloid",TRUE
0.242205050209553,-0.235113435904576,0.023,0.032,1,"RASSF8","GSE214411","Myeloid",TRUE
0.242237368041521,0.249044343695571,0.017,0.024,1,"KIF18A","GSE214411","Myeloid",TRUE
0.24226816895795,-0.323233813630551,0.053,0.065,1,"INTS8","GSE214411","Myeloid",TRUE
0.24235563820613,-1.84245077235353,0.001,0.003,1,"RP11-442N24--B.1","GSE214411","Myeloid",TRUE
0.24235563820613,-1.47856011943694,0.001,0.003,1,"BCAN","GSE214411","Myeloid",TRUE
0.24235563820613,-1.63577452292973,0.001,0.003,1,"NOS1AP","GSE214411","Myeloid",TRUE
0.24235563820613,-1.70005926652914,0.001,0.003,1,"LHX4","GSE214411","Myeloid",TRUE
0.24235563820613,-1.44979942283031,0.001,0.003,1,"IBA57-AS1","GSE214411","Myeloid",TRUE
0.24235563820613,-1.45835774710116,0.001,0.003,1,"KCNE4","GSE214411","Myeloid",TRUE
0.24235563820613,-1.71654654016118,0.001,0.003,1,"RP11-319G6.1","GSE214411","Myeloid",TRUE
0.24235563820613,-1.57129714732688,0.001,0.003,1,"RP11-305K5.1","GSE214411","Myeloid",TRUE
0.24235563820613,-1.26481431237088,0.001,0.003,1,"RP11-629B11.5","GSE214411","Myeloid",TRUE
0.24235563820613,-1.28869085109108,0.001,0.003,1,"HIST1H4B","GSE214411","Myeloid",TRUE
0.24235563820613,-2.14261575730704,0.001,0.003,1,"WBSCR17","GSE214411","Myeloid",TRUE
0.24235563820613,-1.68639036191814,0.001,0.003,1,"SPDYE16","GSE214411","Myeloid",TRUE
0.24235563820613,-1.78072930304126,0.001,0.003,1,"NAP1L6","GSE214411","Myeloid",TRUE
0.24235563820613,-1.58143153852859,0.001,0.003,1,"GABRE","GSE214411","Myeloid",TRUE
0.24235563820613,-1.63798338719966,0.001,0.003,1,"SLC1A1","GSE214411","Myeloid",TRUE
0.24235563820613,-1.572022731913,0.001,0.003,1,"CACNA1C","GSE214411","Myeloid",TRUE
0.24235563820613,-1.1800289905303,0.001,0.003,1,"SMIM2-AS1","GSE214411","Myeloid",TRUE
0.24235563820613,-1.62318859739992,0.001,0.003,1,"DACT1","GSE214411","Myeloid",TRUE
0.24235563820613,-3.116727383305,0.001,0.003,1,"CHGA","GSE214411","Myeloid",TRUE
0.24235563820613,-2.52778124847466,0.001,0.003,1,"SNURF","GSE214411","Myeloid",TRUE
0.24235563820613,-1.98978993652617,0.001,0.003,1,"LINC00930","GSE214411","Myeloid",TRUE
0.24235563820613,-1.60332853838004,0.001,0.003,1,"LA16c-361A3.3","GSE214411","Myeloid",TRUE
0.24235563820613,-1.30514601328888,0.001,0.003,1,"SCNN1G","GSE214411","Myeloid",TRUE
0.24235563820613,-1.28771164402206,0.001,0.003,1,"SRCIN1","GSE214411","Myeloid",TRUE
0.24235563820613,-2.8972690542734,0.001,0.003,1,"MYL4","GSE214411","Myeloid",TRUE
0.24235563820613,-1.22293704444671,0.001,0.003,1,"ZNF343","GSE214411","Myeloid",TRUE
0.24235563820613,-1.65970691699269,0.001,0.003,1,"CTC-503J8.4","GSE214411","Myeloid",TRUE
0.24235563820613,-1.23812293207828,0.001,0.003,1,"CTB-158D10.3","GSE214411","Myeloid",TRUE
0.24235563820613,-2.51879819713247,0.001,0.003,1,"AC008079.10","GSE214411","Myeloid",TRUE
0.24235563820613,-1.39042544049343,0.001,0.003,1,"AP000304.12","GSE214411","Myeloid",TRUE
0.24235563820613,-1.36232043615761,0.001,0.003,1,"BRWD1-AS2","GSE214411","Myeloid",TRUE
0.242368180975998,-0.349899402178025,0.122,0.136,1,"ADK","GSE214411","Myeloid",TRUE
0.242398270040758,-0.385308466076405,0.15,0.163,1,"ICAM2","GSE214411","Myeloid",TRUE
0.242518571401657,-0.217987845437886,0.082,0.095,1,"MIB1","GSE214411","Myeloid",TRUE
0.242590839065082,-0.121266167942397,0.019,0.026,1,"TRMT12","GSE214411","Myeloid",TRUE
0.242658084972485,-0.222923447956227,0.095,0.11,1,"EZH2","GSE214411","Myeloid",TRUE
0.242749157182894,-0.990502611433564,0.001,0.003,1,"RP1-317E23.3","GSE214411","Myeloid",TRUE
0.242749157182894,-1.11107578428951,0.001,0.003,1,"RP4-789D17.5","GSE214411","Myeloid",TRUE
0.242749157182894,-1.38375277638557,0.001,0.003,1,"SLFNL1-AS1","GSE214411","Myeloid",TRUE
0.242749157182894,-0.724575398894665,0.001,0.003,1,"S100A5","GSE214411","Myeloid",TRUE
0.242749157182894,-2.40212122373822,0.001,0.003,1,"RASAL2-AS1","GSE214411","Myeloid",TRUE
0.242749157182894,-1.68745497326504,0.001,0.003,1,"SUSD4","GSE214411","Myeloid",TRUE
0.242749157182894,-0.933233855460479,0.001,0.003,1,"ABHD1","GSE214411","Myeloid",TRUE
0.242749157182894,-1.70823128116268,0.001,0.003,1,"MEIS1-AS2","GSE214411","Myeloid",TRUE
0.242749157182894,-1.27245517847389,0.001,0.003,1,"PARD3B","GSE214411","Myeloid",TRUE
0.242749157182894,-1.48060921487444,0.001,0.003,1,"RP11-16P6.1","GSE214411","Myeloid",TRUE
0.242749157182894,-1.24081444958927,0.001,0.003,1,"RP11-16N11.2","GSE214411","Myeloid",TRUE
0.242749157182894,-2.3977037052554,0.001,0.003,1,"DTHD1","GSE214411","Myeloid",TRUE
0.242749157182894,-1.02272392283085,0.001,0.003,1,"ZFP92","GSE214411","Myeloid",TRUE
0.242749157182894,-1.24543767135922,0.001,0.003,1,"RP11-589C21.6","GSE214411","Myeloid",TRUE
0.242749157182894,-1.5892976528855,0.001,0.003,1,"RP11-290F24.6","GSE214411","Myeloid",TRUE
0.242749157182894,-0.769842322215703,0.001,0.003,1,"ITGA8","GSE214411","Myeloid",TRUE
0.242749157182894,-2.71017743049303,0.001,0.003,1,"WIF1","GSE214411","Myeloid",TRUE
0.242749157182894,-1.59434567467882,0.001,0.003,1,"ASPHD1","GSE214411","Myeloid",TRUE
0.242749157182894,-1.04734822177659,0.001,0.003,1,"RP11-401P9.5","GSE214411","Myeloid",TRUE
0.242749157182894,-3.00510131881068,0.001,0.003,1,"CTD-2600O9.2","GSE214411","Myeloid",TRUE
0.242749157182894,-0.702209021271002,0.001,0.003,1,"SMTNL2","GSE214411","Myeloid",TRUE
0.242749157182894,-1.97580344437072,0.001,0.003,1,"HAP1","GSE214411","Myeloid",TRUE
0.242749157182894,-1.42805314645439,0.001,0.003,1,"AC099850.1","GSE214411","Myeloid",TRUE
0.242749157182894,-1.28461925404199,0.001,0.003,1,"RAB27B","GSE214411","Myeloid",TRUE
0.242749157182894,-1.19775059120015,0.001,0.003,1,"AC006277.2","GSE214411","Myeloid",TRUE
0.242861045493583,0.0407668645967678,0.341,0.306,1,"PTBP1","GSE214411","Myeloid",TRUE
0.242920968331935,-0.92876412547419,0.021,0.029,1,"NR6A1","GSE214411","Myeloid",TRUE
0.242970564809085,0.17388405594238,0.053,0.065,1,"CCDC146","GSE214411","Myeloid",TRUE
0.243062816510664,0.54715394363009,0.138,0.153,1,"C1GALT1","GSE214411","Myeloid",TRUE
0.243143125207391,1.45605681461916,0.001,0.003,1,"MMP23B","GSE214411","Myeloid",TRUE
0.243143125207391,-0.486968106641589,0.001,0.003,1,"RP3-465N24.6","GSE214411","Myeloid",TRUE
0.243143125207391,-0.0128788151808088,0.001,0.003,1,"RP4-622L5.7","GSE214411","Myeloid",TRUE
0.243143125207391,0.639883663455384,0.001,0.003,1,"HPDL","GSE214411","Myeloid",TRUE
0.243143125207391,-0.351928488345637,0.001,0.003,1,"FOXD2","GSE214411","Myeloid",TRUE
0.243143125207391,0.805977507229063,0.001,0.003,1,"FAM78B","GSE214411","Myeloid",TRUE
0.243143125207391,0.335375690070661,0.001,0.003,1,"SELE","GSE214411","Myeloid",TRUE
0.243143125207391,1.10095279682894,0.001,0.003,1,"VGLL3","GSE214411","Myeloid",TRUE
0.243143125207391,-0.348881380786408,0.001,0.003,1,"LNP1","GSE214411","Myeloid",TRUE
0.243143125207391,0.808934146056115,0.001,0.003,1,"GRAMD1C","GSE214411","Myeloid",TRUE
0.243143125207391,-0.692792136497878,0.001,0.003,1,"SPOCK3","GSE214411","Myeloid",TRUE
0.243143125207391,-0.0715096275807943,0.001,0.003,1,"CTD-2078B5.2","GSE214411","Myeloid",TRUE
0.243143125207391,-0.781009912169777,0.001,0.003,1,"HIST1H3C","GSE214411","Myeloid",TRUE
0.243143125207391,1.93061728822188,0.001,0.003,1,"RP11-217B7.3","GSE214411","Myeloid",TRUE
0.243143125207391,-0.755307191156037,0.001,0.003,1,"SHANK2","GSE214411","Myeloid",TRUE
0.243143125207391,0.9691631721237,0.001,0.003,1,"LINC00839","GSE214411","Myeloid",TRUE
0.243143125207391,0.795362436055598,0.001,0.003,1,"PTHLH","GSE214411","Myeloid",TRUE
0.243143125207391,1.31658307682867,0.001,0.003,1,"RP11-89H19.1","GSE214411","Myeloid",TRUE
0.243143125207391,0.129806567793367,0.001,0.003,1,"CFAP54","GSE214411","Myeloid",TRUE
0.243143125207391,-0.508478670173908,0.001,0.003,1,"RP11-90L1.8","GSE214411","Myeloid",TRUE
0.243143125207391,0.420122544372533,0.001,0.003,1,"KIF26A","GSE214411","Myeloid",TRUE
0.243143125207391,1.91237673523178,0.001,0.003,1,"TEKT3","GSE214411","Myeloid",TRUE
0.243143125207391,-0.459465620296754,0.001,0.003,1,"ZNF385C","GSE214411","Myeloid",TRUE
0.243143125207391,-1.07722422383622,0.001,0.003,1,"LINC00671","GSE214411","Myeloid",TRUE
0.243143125207391,-0.600676262183306,0.001,0.003,1,"RP11-465L10.10","GSE214411","Myeloid",TRUE
0.243143125207391,0.756425391240147,0.001,0.003,1,"SMIM24","GSE214411","Myeloid",TRUE
0.243143125207391,1.03770539707101,0.001,0.003,1,"COL5A3","GSE214411","Myeloid",TRUE
0.243143125207391,-0.488174315443558,0.001,0.003,1,"EPHX3","GSE214411","Myeloid",TRUE
0.243143125207391,1.66979481264343,0.001,0.003,1,"CRLF1","GSE214411","Myeloid",TRUE
0.243143125207391,-1.32145035954751,0.001,0.003,1,"ARG1","GSE214411","Myeloid",TRUE
0.243145627769016,0.385580324246719,0.208,0.228,1,"SHISA5","GSE214411","Myeloid",TRUE
0.243341288228006,0.170320661752705,0.017,0.024,1,"ZNF347","GSE214411","Myeloid",TRUE
0.243459776196027,-0.984130421200859,0.056,0.067,1,"SGSM2","GSE214411","Myeloid",TRUE
0.243464163905165,-0.16070574958308,0.017,0.024,1,"EDNRA","GSE214411","Myeloid",TRUE
0.24350625368915,-0.0222732500711862,0.08,0.093,1,"DLST","GSE214411","Myeloid",TRUE
0.243760398009197,-0.547414619548013,0.066,0.053,1,"REC8","GSE214411","Myeloid",TRUE
0.243812597176063,0.2507905825168,0.225,0.199,1,"LINC-PINT","GSE214411","Myeloid",TRUE
0.243925142645227,-0.0828671238414924,0.071,0.084,1,"VAT1","GSE214411","Myeloid",TRUE
0.244177068896214,0.556174120402241,0.076,0.062,1,"MNAT1","GSE214411","Myeloid",TRUE
0.24420418170173,-0.417698566877234,0.137,0.151,1,"ZCCHC10","GSE214411","Myeloid",TRUE
0.244303399800965,1.19382907126211,0.004,0.001,1,"MROH7","GSE214411","Myeloid",TRUE
0.244303399800965,3.35858145760547,0.004,0.001,1,"SLC3A1","GSE214411","Myeloid",TRUE
0.244303399800965,2.77543982283005,0.004,0.001,1,"CRYGS","GSE214411","Myeloid",TRUE
0.244303399800965,3.14113323147551,0.004,0.001,1,"HSPB2","GSE214411","Myeloid",TRUE
0.244303399800965,1.50770849803281,0.004,0.001,1,"RP11-380L11.4","GSE214411","Myeloid",TRUE
0.244303399800965,2.61613369246466,0.004,0.001,1,"SMOC1","GSE214411","Myeloid",TRUE
0.244303399800965,2.25204493694241,0.004,0.001,1,"RP11-762H8.5","GSE214411","Myeloid",TRUE
0.244303399800965,4.90044488552929,0.004,0.001,1,"LA16c-380H5.5","GSE214411","Myeloid",TRUE
0.244303399800965,3.03623289906421,0.004,0.001,1,"NDRG4","GSE214411","Myeloid",TRUE
0.244303399800965,1.45360527827037,0.004,0.001,1,"NTN1","GSE214411","Myeloid",TRUE
0.244303399800965,2.28293567638937,0.004,0.001,1,"RP11-773H22.4","GSE214411","Myeloid",TRUE
0.244303399800965,1.39738366591299,0.004,0.001,1,"CTD-3032J10.2","GSE214411","Myeloid",TRUE
0.244303399800965,2.00928748862293,0.004,0.001,1,"TREML4","GSE214411","Myeloid",TRUE
0.244467562993218,0.787630243653534,0.037,0.028,1,"GFOD1","GSE214411","Myeloid",TRUE
0.244513344868793,0.925935142380118,0.013,0.007,1,"CERCAM","GSE214411","Myeloid",TRUE
0.244657423475539,3.38334395168365,0.004,0.001,1,"TMEM125","GSE214411","Myeloid",TRUE
0.244657423475539,1.32686207436698,0.004,0.001,1,"GIPC2","GSE214411","Myeloid",TRUE
0.244657423475539,3.62439343136388,0.004,0.001,1,"CERKL","GSE214411","Myeloid",TRUE
0.244657423475539,3.30159419376784,0.004,0.001,1,"SLC23A3","GSE214411","Myeloid",TRUE
0.244657423475539,3.67241024328406,0.004,0.001,1,"THEMIS","GSE214411","Myeloid",TRUE
0.244657423475539,2.42479516648019,0.004,0.001,1,"HEATR9","GSE214411","Myeloid",TRUE
0.244708312317701,-0.306595918230309,0.018,0.025,1,"GCSAM","GSE214411","Myeloid",TRUE
0.244771008637801,-0.263420880795693,0.056,0.067,1,"SPATC1L","GSE214411","Myeloid",TRUE
0.244807501427587,0.330231804473041,0.066,0.054,1,"SLC19A1","GSE214411","Myeloid",TRUE
0.244836438707142,0.32324525271548,0.176,0.154,1,"CLDND1","GSE214411","Myeloid",TRUE
0.244849446755657,0.564936135043497,0.057,0.046,1,"STK26","GSE214411","Myeloid",TRUE
0.244983574318451,-0.145186822957704,0.063,0.075,1,"RP3-395M20.12","GSE214411","Myeloid",TRUE
0.245011807085828,3.20924080900001,0.004,0.001,1,"POU3F1","GSE214411","Myeloid",TRUE
0.245011807085828,2.37004308290368,0.004,0.001,1,"TRIM17","GSE214411","Myeloid",TRUE
0.245011807085828,3.16079009327874,0.004,0.001,1,"BTNL9","GSE214411","Myeloid",TRUE
0.245011807085828,0.820652764646198,0.004,0.001,1,"FAM221B","GSE214411","Myeloid",TRUE
0.245011807085828,1.68122187770975,0.004,0.001,1,"SLC28A3","GSE214411","Myeloid",TRUE
0.245011807085828,1.80313244520664,0.004,0.001,1,"KRT80","GSE214411","Myeloid",TRUE
0.245011807085828,1.50141262005869,0.004,0.001,1,"PCDH9","GSE214411","Myeloid",TRUE
0.245011807085828,3.28058104142607,0.004,0.001,1,"GPC6","GSE214411","Myeloid",TRUE
0.245011807085828,1.92083486755148,0.004,0.001,1,"CTD-2036P10.3","GSE214411","Myeloid",TRUE
0.245011807085828,1.11516159467817,0.004,0.001,1,"LA16c-358B7.4","GSE214411","Myeloid",TRUE
0.245011807085828,1.17582992398723,0.004,0.001,1,"RP3-453C12.15","GSE214411","Myeloid",TRUE
0.245048491658895,0.587438672958716,0.164,0.182,1,"STX18","GSE214411","Myeloid",TRUE
0.245098416930652,0.555028361857555,0.149,0.129,1,"ZDHHC3","GSE214411","Myeloid",TRUE
0.245266731600024,-0.857674289697167,0.037,0.047,1,"IKBKAP","GSE214411","Myeloid",TRUE
0.245330581544575,0.541017590904916,0.018,0.012,1,"ANKRD33B","GSE214411","Myeloid",TRUE
0.245366550727145,3.16337749529726,0.004,0.001,1,"RNF223","GSE214411","Myeloid",TRUE
0.245366550727145,1.54866472063951,0.004,0.001,1,"RP11-474O21.5","GSE214411","Myeloid",TRUE
0.245366550727145,1.12881619345732,0.004,0.001,1,"RP11-108M9.6","GSE214411","Myeloid",TRUE
0.245366550727145,1.64763817121788,0.004,0.001,1,"AC007405.6","GSE214411","Myeloid",TRUE
0.245366550727145,1.24575121298371,0.004,0.001,1,"CTC-498J12.3","GSE214411","Myeloid",TRUE
0.245366550727145,0.733806410284616,0.004,0.001,1,"HIST1H4D","GSE214411","Myeloid",TRUE
0.245366550727145,0.78231058033775,0.004,0.001,1,"EN2","GSE214411","Myeloid",TRUE
0.245366550727145,1.49934236032623,0.004,0.001,1,"SYBU","GSE214411","Myeloid",TRUE
0.245366550727145,2.33953745690166,0.004,0.001,1,"RP11-506M13.3","GSE214411","Myeloid",TRUE
0.245366550727145,1.09499517411009,0.004,0.001,1,"GPR176","GSE214411","Myeloid",TRUE
0.245366550727145,1.48379828600706,0.004,0.001,1,"AC100830.4","GSE214411","Myeloid",TRUE
0.245366550727145,1.61000253849121,0.004,0.001,1,"DOC2B","GSE214411","Myeloid",TRUE
0.245366550727145,0.701494469394207,0.004,0.001,1,"ITGA2B","GSE214411","Myeloid",TRUE
0.245366550727145,2.13032103298671,0.004,0.001,1,"C21orf62-AS1","GSE214411","Myeloid",TRUE
0.245366550727145,0.888005190840799,0.004,0.001,1,"PNPLA1","GSE214411","Myeloid",TRUE
0.245366550727145,1.90984046170705,0.004,0.001,1,"RP11-154H12.3","GSE214411","Myeloid",TRUE
0.245378954764928,1.39183392965303,0.013,0.019,1,"PLEKHG3","GSE214411","Myeloid",TRUE
0.245505195490269,0.513424519790419,0.015,0.01,1,"CXCL5","GSE214411","Myeloid",TRUE
0.245644742698714,0.87976676634835,0.031,0.022,1,"SMN1","GSE214411","Myeloid",TRUE
0.245709835115857,0.0807228150802559,0.079,0.065,1,"MTMR12","GSE214411","Myeloid",TRUE
0.245721654494348,-0.42535501454044,0.004,0.001,1,"RP11-1191J2.5","GSE214411","Myeloid",TRUE
0.245721654494348,0.615021164720341,0.004,0.001,1,"MSANTD1","GSE214411","Myeloid",TRUE
0.245721654494348,-0.217238183742986,0.004,0.001,1,"RP11-384K6.8","GSE214411","Myeloid",TRUE
0.245721654494348,0.146904176246846,0.004,0.001,1,"HMGN3-AS1","GSE214411","Myeloid",TRUE
0.245721654494348,-0.470466540628424,0.004,0.001,1,"RUNDC3B","GSE214411","Myeloid",TRUE
0.245721654494348,0.357064271576096,0.004,0.001,1,"AF131216.6","GSE214411","Myeloid",TRUE
0.245721654494348,0.585809331999597,0.004,0.001,1,"RP11-396F22.1","GSE214411","Myeloid",TRUE
0.245721654494348,0.205519728813584,0.004,0.001,1,"GSG2","GSE214411","Myeloid",TRUE
0.245721654494348,0.487765381391309,0.004,0.001,1,"TEN1-CDK3","GSE214411","Myeloid",TRUE
0.245721654494348,0.580710871637537,0.004,0.001,1,"FOXA2","GSE214411","Myeloid",TRUE
0.245741752828852,0.132760909572973,0.288,0.306,1,"MPC2","GSE214411","Myeloid",TRUE
0.245787360880252,0.330347108860855,0.312,0.283,1,"PRKCB","GSE214411","Myeloid",TRUE
0.245791019648557,-0.124180397762655,0.04,0.03,1,"MAPKBP1","GSE214411","Myeloid",TRUE
0.245863418893662,0.0157888319178567,0.146,0.162,1,"AGO3","GSE214411","Myeloid",TRUE
0.245886586535729,-1.06816936526905,0.054,0.065,1,"MPI","GSE214411","Myeloid",TRUE
0.245993298539055,-0.442930164476631,0.141,0.155,1,"SRRT","GSE214411","Myeloid",TRUE
0.246012168639046,0.127518297794619,0.089,0.103,1,"B3GNT2","GSE214411","Myeloid",TRUE
0.246103627809158,-0.118839739265425,0.086,0.071,1,"EXT1","GSE214411","Myeloid",TRUE
0.246148476066211,-0.38803929500035,0.146,0.158,1,"ZNF451","GSE214411","Myeloid",TRUE
0.246168636174903,-0.187001173499453,0.022,0.031,1,"CTSK","GSE214411","Myeloid",TRUE
0.246211722177671,0.215615687599368,0.269,0.244,1,"SND1","GSE214411","Myeloid",TRUE
0.24642637749102,0.885685624599841,0.013,0.007,1,"RP11-347I19.7","GSE214411","Myeloid",TRUE
0.246535204997743,0.710656903640158,0.116,0.099,1,"TBL1X","GSE214411","Myeloid",TRUE
0.246552968869249,0.0870661662399521,0.08,0.093,1,"SLC25A29","GSE214411","Myeloid",TRUE
0.246874470213261,0.126064410649813,0.18,0.155,1,"ZPR1","GSE214411","Myeloid",TRUE
0.247160343939364,0.208687482659642,0.193,0.207,1,"YIPF4","GSE214411","Myeloid",TRUE
0.247166447771546,-0.0965502021663802,0.096,0.11,1,"RRP15","GSE214411","Myeloid",TRUE
0.247242146435919,0.0941368249284811,0.246,0.219,1,"SUPT5H","GSE214411","Myeloid",TRUE
0.24750358038799,0.0754370552817192,0.075,0.061,1,"BMI1","GSE214411","Myeloid",TRUE
0.247595681317037,0.0978211042657677,0.022,0.031,1,"FBN1","GSE214411","Myeloid",TRUE
0.247700229315517,0.369997262339829,0.139,0.121,1,"AHCTF1","GSE214411","Myeloid",TRUE
0.247829063888339,0.583043808141663,0.092,0.076,1,"CARS","GSE214411","Myeloid",TRUE
0.247840131620156,0.0582433448325221,0.092,0.105,1,"C19orf25","GSE214411","Myeloid",TRUE
0.247940024201007,0.00433870194544395,0.454,0.477,1,"IFNGR1","GSE214411","Myeloid",TRUE
0.248018574508385,-0.936998959650004,0.044,0.054,1,"POLR3C","GSE214411","Myeloid",TRUE
0.248054795835342,1.07679156930289,0.087,0.073,1,"NOL10","GSE214411","Myeloid",TRUE
0.24807257494172,1.13805926650424,0.013,0.019,1,"CHAC2","GSE214411","Myeloid",TRUE
0.248333626619921,0.708858350803163,0.015,0.01,1,"HSPA4L","GSE214411","Myeloid",TRUE
0.248349874457865,0.287455464652612,0.013,0.007,1,"CTB-25B13.5","GSE214411","Myeloid",TRUE
0.248570774799736,-1.26494461808885,0.033,0.042,1,"RP11-54O7.17","GSE214411","Myeloid",TRUE
0.24877826285935,0.065529623987933,0.097,0.081,1,"FAM168B","GSE214411","Myeloid",TRUE
0.248830393017298,0.41524622158463,0.093,0.078,1,"TMEM120B","GSE214411","Myeloid",TRUE
0.248876282568303,0.0649853206999267,0.013,0.007,1,"HAL","GSE214411","Myeloid",TRUE
0.24898059499552,1.0045839599026,0.019,0.026,1,"USP31","GSE214411","Myeloid",TRUE
0.249123240193678,0.196426873133962,0.065,0.077,1,"CCDC84","GSE214411","Myeloid",TRUE
0.249297921157036,-0.492773188937495,0.058,0.07,1,"TYW1","GSE214411","Myeloid",TRUE
0.249313035842059,0.0996491670056554,0.124,0.138,1,"TLK2","GSE214411","Myeloid",TRUE
0.249450901782982,0.12751481999773,0.179,0.155,1,"TARDBP","GSE214411","Myeloid",TRUE
0.249559332806706,0.231985193269281,0.539,0.559,1,"AKAP13","GSE214411","Myeloid",TRUE
0.24969590882277,0.00132404010107212,0.058,0.07,1,"C2CD2L","GSE214411","Myeloid",TRUE
0.24988321507451,0.691530929547159,0.261,0.235,1,"LASP1","GSE214411","Myeloid",TRUE
0.250472512180238,-0.688045511026373,0.128,0.141,1,"SLC8B1","GSE214411","Myeloid",TRUE
0.250518709403368,-0.19168766422337,0.094,0.108,1,"DFFA","GSE214411","Myeloid",TRUE
0.251060588549898,-0.0385094693978418,0.095,0.109,1,"RNF220","GSE214411","Myeloid",TRUE
0.251238951775775,-0.13026297436921,0.062,0.074,1,"FAM127B","GSE214411","Myeloid",TRUE
0.251476816300933,0.281126733267879,0.076,0.09,1,"H1F0","GSE214411","Myeloid",TRUE
0.25154891574192,0.283275693563954,0.103,0.119,1,"NAB1","GSE214411","Myeloid",TRUE
0.251765445353656,0.0937238133900764,0.072,0.085,1,"FAM168A","GSE214411","Myeloid",TRUE
0.251817207582327,0.738723499899725,0.06,0.049,1,"SLC9A3R2","GSE214411","Myeloid",TRUE
0.251879191399327,-0.290418277408654,0.024,0.017,1,"SLC25A14","GSE214411","Myeloid",TRUE
0.252365788496011,0.369847226655751,0.069,0.056,1,"THAP4","GSE214411","Myeloid",TRUE
0.252553532491201,-0.52193952196389,0.073,0.086,1,"SLC35F5","GSE214411","Myeloid",TRUE
0.252734646266357,0.326470799165079,0.229,0.2,1,"AKNA","GSE214411","Myeloid",TRUE
0.253091223267411,0.00232678320456658,0.137,0.149,1,"PPIH","GSE214411","Myeloid",TRUE
0.253145711348419,-3.0446783892495,0.004,0.008,1,"LINC00654","GSE214411","Myeloid",TRUE
0.253203205421743,-0.0377914737674385,0.279,0.285,1,"ARPP19","GSE214411","Myeloid",TRUE
0.253267857856855,-0.286616066980602,0.087,0.101,1,"WDR48","GSE214411","Myeloid",TRUE
0.253281319979308,0.0214482083427958,0.041,0.032,1,"INTS9","GSE214411","Myeloid",TRUE
0.253371189219182,-1.47790341986212,0.004,0.008,1,"FBXO10","GSE214411","Myeloid",TRUE
0.253483518738181,-0.354273990093488,0.121,0.136,1,"MGAT2","GSE214411","Myeloid",TRUE
0.253566843666072,0.608326578522804,0.122,0.105,1,"GEM","GSE214411","Myeloid",TRUE
0.253584578033107,0.027209369929349,0.075,0.087,1,"HDAC10","GSE214411","Myeloid",TRUE
0.253713727068038,0.0246924321110671,0.222,0.232,1,"TMED4","GSE214411","Myeloid",TRUE
0.253720635942982,0.279909424166316,0.02,0.028,1,"MECOM","GSE214411","Myeloid",TRUE
0.253822564444855,-1.66578582812303,0.004,0.008,1,"RASSF1-AS1","GSE214411","Myeloid",TRUE
0.25398550669368,0.200363046301519,0.05,0.061,1,"FAM160A2","GSE214411","Myeloid",TRUE
0.254012417341477,0.551489870904693,0.038,0.029,1,"RAP1GAP2","GSE214411","Myeloid",TRUE
0.254048461840103,-1.77658057776114,0.004,0.008,1,"CTC-260E6.6","GSE214411","Myeloid",TRUE
0.254106644217919,0.301467529659357,0.059,0.048,1,"PRKAG2-AS1","GSE214411","Myeloid",TRUE
0.254346522574989,-0.0439569246016516,0.216,0.186,1,"SVBP","GSE214411","Myeloid",TRUE
0.254502805142363,-0.315622012273444,0.18,0.191,1,"DCTN6","GSE214411","Myeloid",TRUE
0.254675284418363,0.0127219999824946,0.223,0.234,1,"TIMM10","GSE214411","Myeloid",TRUE
0.254687378314497,0.0400193285223782,0.409,0.417,1,"SELT","GSE214411","Myeloid",TRUE
0.254726993396045,-2.0020488857905,0.004,0.008,1,"RP11-152N13.5","GSE214411","Myeloid",TRUE
0.254726993396045,-1.12184159006603,0.004,0.008,1,"RP11-7F17.8","GSE214411","Myeloid",TRUE
0.254726993396045,-0.0341057336743678,0.004,0.008,1,"ZNF416","GSE214411","Myeloid",TRUE
0.254804244080824,-0.590134847836549,0.087,0.101,1,"NOL11","GSE214411","Myeloid",TRUE
0.254821029776614,-0.441886635908496,0.057,0.068,1,"KLHDC10","GSE214411","Myeloid",TRUE
0.25490254205993,-0.34546921807624,0.066,0.077,1,"C7orf26","GSE214411","Myeloid",TRUE
0.254953450437839,-0.996259417273484,0.004,0.008,1,"MRGPRF","GSE214411","Myeloid",TRUE
0.254953450437839,0.505716711345432,0.004,0.008,1,"CYYR1","GSE214411","Myeloid",TRUE
0.255156468905065,-0.360520746590376,0.057,0.068,1,"B9D2","GSE214411","Myeloid",TRUE
0.255167058227098,0.94205612637569,0.095,0.081,1,"BRWD3","GSE214411","Myeloid",TRUE
0.255180047440903,-0.827549322469944,0.004,0.008,1,"ZNF658","GSE214411","Myeloid",TRUE
0.255324499725846,1.29014660230581,0.022,0.015,1,"OPLAH","GSE214411","Myeloid",TRUE
0.25540678442495,-1.37834555163097,0.004,0.008,1,"CDAN1","GSE214411","Myeloid",TRUE
0.255451652433262,-0.333993472205088,0.145,0.156,1,"CCDC115","GSE214411","Myeloid",TRUE
0.255455005496865,-0.675423155024244,0.038,0.048,1,"PGAP2","GSE214411","Myeloid",TRUE
0.255483892452081,-0.37626675083917,0.133,0.146,1,"SART1","GSE214411","Myeloid",TRUE
0.255606704622777,0.448218274851001,0.038,0.029,1,"DNAJC25","GSE214411","Myeloid",TRUE
0.255633661409625,0.115670234114991,0.004,0.008,1,"SLIT3","GSE214411","Myeloid",TRUE
0.255633661409625,-1.09740366766945,0.004,0.008,1,"P4HA3","GSE214411","Myeloid",TRUE
0.255655650337021,1.17125043076966,0.021,0.029,1,"PIP5K1B","GSE214411","Myeloid",TRUE
0.255860678414498,-0.786294388500693,0.004,0.008,1,"UNQ6494","GSE214411","Myeloid",TRUE
0.255860678414498,-1.02256833498025,0.004,0.008,1,"B3GNT9","GSE214411","Myeloid",TRUE
0.256173599909504,-0.0510717137486019,0.084,0.099,1,"ATF7IP2","GSE214411","Myeloid",TRUE
0.256315132562782,0.167891172497916,0.004,0.008,1,"TNS2","GSE214411","Myeloid",TRUE
0.256526055511625,-0.321247168822801,0.065,0.052,1,"B3GNTL1","GSE214411","Myeloid",TRUE
0.256533726793051,0.0144293596587253,0.096,0.11,1,"PRPF18","GSE214411","Myeloid",TRUE
0.256542569744984,-1.76972207962401,0.004,0.008,1,"ZNF334","GSE214411","Myeloid",TRUE
0.256550125293277,0.347614215297876,0.229,0.203,1,"PRPF8","GSE214411","Myeloid",TRUE
0.25677014702497,0.844550321128517,0.004,0.008,1,"SMIM10","GSE214411","Myeloid",TRUE
0.25677014702497,-0.943793464943059,0.004,0.008,1,"PKP3","GSE214411","Myeloid",TRUE
0.25677014702497,-0.217265762676862,0.004,0.008,1,"FGFBP3","GSE214411","Myeloid",TRUE
0.257155423511623,-0.195878000900213,0.038,0.048,1,"SLC5A6","GSE214411","Myeloid",TRUE
0.257232072644751,0.584361233124657,0.088,0.073,1,"ELF4","GSE214411","Myeloid",TRUE
0.25728374816144,0.884506836481958,0.06,0.049,1,"TBL3","GSE214411","Myeloid",TRUE
0.257333212275642,0.29565342856638,0.479,0.471,1,"BID","GSE214411","Myeloid",TRUE
0.257431240182191,-0.0625361801787176,0.137,0.15,1,"DERA","GSE214411","Myeloid",TRUE
0.257507767829881,0.115441023593252,0.122,0.137,1,"DIS3","GSE214411","Myeloid",TRUE
0.257529889182958,0.26417381625499,0.397,0.357,1,"TCEB1","GSE214411","Myeloid",TRUE
0.257571190375386,0.240577643901836,0.561,0.593,1,"SFPQ","GSE214411","Myeloid",TRUE
0.257590857580515,-0.467234460000476,0.036,0.046,1,"TARS2","GSE214411","Myeloid",TRUE
0.257677004868596,0.383683295116357,0.132,0.113,1,"NUP153","GSE214411","Myeloid",TRUE
0.257681857506094,0.846379059220907,0.004,0.008,1,"DPP6","GSE214411","Myeloid",TRUE
0.25780078170447,0.271679078775206,0.637,0.65,1,"HNRNPA3","GSE214411","Myeloid",TRUE
0.257826301012422,0.11307476576636,0.34,0.309,1,"UBE2J1","GSE214411","Myeloid",TRUE
0.258068569892613,0.47899544193834,0.049,0.06,1,"GALNS","GSE214411","Myeloid",TRUE
0.25807950505513,-0.0366954934053669,0.213,0.225,1,"NRBP1","GSE214411","Myeloid",TRUE
0.258138553829713,-0.207954194418225,0.004,0.008,1,"GDA","GSE214411","Myeloid",TRUE
0.25823330163533,0.341903392507405,0.05,0.061,1,"UBE3B","GSE214411","Myeloid",TRUE
0.25833965840479,0.0124763003591775,0.057,0.068,1,"MSMO1","GSE214411","Myeloid",TRUE
0.258481738128242,-0.433995995166019,0.044,0.054,1,"PWWP2B","GSE214411","Myeloid",TRUE
0.258521257932517,-0.0949258633608201,0.047,0.057,1,"SSPN","GSE214411","Myeloid",TRUE
0.258595811076601,-0.373430113853591,0.004,0.008,1,"RP11-1348G14.8","GSE214411","Myeloid",TRUE
0.258706613654779,-0.177840478067958,0.143,0.157,1,"ATG4B","GSE214411","Myeloid",TRUE
0.2594237810459,0.623191366267879,0.057,0.046,1,"DNASE1L3","GSE214411","Myeloid",TRUE
0.259428590027076,0.210101630303028,0.642,0.689,1,"RPL36AL","GSE214411","Myeloid",TRUE
0.25986777072267,-0.625018952326816,0.194,0.201,1,"RABGGTB","GSE214411","Myeloid",TRUE
0.260196423729301,-0.134949816543032,0.088,0.101,1,"RPA1","GSE214411","Myeloid",TRUE
0.260338366550514,-0.0140656960300174,0.535,0.566,1,"ATP5B","GSE214411","Myeloid",TRUE
0.260472852669571,0.522021742114077,0.434,0.462,1,"WIPF1","GSE214411","Myeloid",TRUE
0.260639563102277,0.00486279982675253,0.066,0.078,1,"TMEM238","GSE214411","Myeloid",TRUE
0.260656208734208,0.45121018277105,0.264,0.279,1,"TGFBR2","GSE214411","Myeloid",TRUE
0.260700963034145,-0.147037319932661,0.022,0.015,1,"COL27A1","GSE214411","Myeloid",TRUE
0.260843784899838,-0.281759126555789,0.166,0.178,1,"MAT2B","GSE214411","Myeloid",TRUE
0.260948301360079,-0.406952243470758,0.024,0.017,1,"HSPA1L","GSE214411","Myeloid",TRUE
0.260994572765465,-0.679699817121307,0.058,0.069,1,"ENDOV","GSE214411","Myeloid",TRUE
0.26114401744863,-0.081364829393443,0.034,0.043,1,"KCTD3","GSE214411","Myeloid",TRUE
0.261176831962084,0.250692390951371,0.072,0.085,1,"KLF11","GSE214411","Myeloid",TRUE
0.261283259096363,-0.247517802339897,0.036,0.046,1,"N6AMT2","GSE214411","Myeloid",TRUE
0.26164983759259,0.371974586910862,0.022,0.015,1,"SLC46A2","GSE214411","Myeloid",TRUE
0.261972596815131,-0.548799658602051,0.029,0.037,1,"CTBP1-AS2","GSE214411","Myeloid",TRUE
0.261987297191179,-0.360370121979444,0.146,0.16,1,"SEC24D","GSE214411","Myeloid",TRUE
0.262055848649704,-0.392048064856371,0.144,0.157,1,"TOR1A","GSE214411","Myeloid",TRUE
0.262364586620525,-0.840857223492652,0.058,0.047,1,"TDP1","GSE214411","Myeloid",TRUE
0.262556763762489,0.0301204353590814,0.06,0.072,1,"UACA","GSE214411","Myeloid",TRUE
0.262648611993409,1.76466254143863,0.025,0.018,1,"BACE2","GSE214411","Myeloid",TRUE
0.262762408663787,2.5889847986246,0.019,0.013,1,"SLC22A15","GSE214411","Myeloid",TRUE
0.26305841336227,-0.838622127775531,0.033,0.024,1,"PHC1","GSE214411","Myeloid",TRUE
0.26308525673159,-0.609727484050155,0.091,0.103,1,"EIF2B5","GSE214411","Myeloid",TRUE
0.263266813255533,-0.16273285480616,0.155,0.168,1,"PPM1B","GSE214411","Myeloid",TRUE
0.263418359825288,-0.840332709751336,0.022,0.015,1,"IL18R1","GSE214411","Myeloid",TRUE
0.263670317428535,0.746912145693062,0.038,0.048,1,"APOL4","GSE214411","Myeloid",TRUE
0.263732965737706,-0.605338561474225,0.031,0.04,1,"SYNC","GSE214411","Myeloid",TRUE
0.263788226675296,-0.0478409767213326,0.043,0.053,1,"NSUN3","GSE214411","Myeloid",TRUE
0.263819787539825,0.645435341283889,0.08,0.093,1,"PHF12","GSE214411","Myeloid",TRUE
0.263827648986295,1.14039762068519,0.022,0.015,1,"TFAP4","GSE214411","Myeloid",TRUE
0.263861609298045,-0.145442737165388,0.212,0.225,1,"ADCY7","GSE214411","Myeloid",TRUE
0.264312805471136,0.224640331719426,0.37,0.332,1,"UBE2N","GSE214411","Myeloid",TRUE
0.26484333127749,0.230194011160143,0.159,0.174,1,"RRAGC","GSE214411","Myeloid",TRUE
0.264915782288609,-0.29796229996799,0.069,0.082,1,"APOO","GSE214411","Myeloid",TRUE
0.265295441322548,-0.329251555681443,0.08,0.093,1,"NPC1","GSE214411","Myeloid",TRUE
0.26538748809101,0.172706197502506,0.374,0.396,1,"DDX18","GSE214411","Myeloid",TRUE
0.265441229485819,0.270916675335073,0.034,0.043,1,"XPNPEP3","GSE214411","Myeloid",TRUE
0.265637647730462,0.301546809087503,0.436,0.413,1,"PRKAR1A","GSE214411","Myeloid",TRUE
0.265647327173789,0.0106850908872445,0.137,0.117,1,"PRCC","GSE214411","Myeloid",TRUE
0.265704623057943,0.0750664854413493,0.254,0.266,1,"PLEKHA2","GSE214411","Myeloid",TRUE
0.26575006723516,-0.493900196424304,0.211,0.222,1,"PARVB","GSE214411","Myeloid",TRUE
0.265928197162595,0.0564246817158258,0.648,0.727,1,"EEF2","GSE214411","Myeloid",TRUE
0.265967510595649,-0.0602976882160806,0.542,0.6,1,"EIF3H","GSE214411","Myeloid",TRUE
0.266291552698078,-0.150915316327822,0.049,0.06,1,"HOXB2","GSE214411","Myeloid",TRUE
0.266408783162096,0.885458201752459,0.108,0.093,1,"NOTCH1","GSE214411","Myeloid",TRUE
0.266495277315313,-0.0827726144522969,0.102,0.114,1,"RBM18","GSE214411","Myeloid",TRUE
0.266586955518638,0.410551019871758,0.292,0.266,1,"VPS26A","GSE214411","Myeloid",TRUE
0.266653847487969,-0.0603746618918375,0.137,0.15,1,"TIMM9","GSE214411","Myeloid",TRUE
0.266737258124395,-2.79619917414498,0.005,0.01,1,"DSEL","GSE214411","Myeloid",TRUE
0.266793916863771,0.862349446028232,0.035,0.026,1,"SNX33","GSE214411","Myeloid",TRUE
0.267244456425432,0.552642216830351,0.639,0.656,1,"GMFG","GSE214411","Myeloid",TRUE
0.267393455773236,-0.241781299634173,0.066,0.076,1,"COG2","GSE214411","Myeloid",TRUE
0.267467271316799,-0.463656554169693,0.06,0.072,1,"FBXO30","GSE214411","Myeloid",TRUE
0.267566178038328,-0.226941596508649,0.09,0.102,1,"CSNK1G3","GSE214411","Myeloid",TRUE
0.267683273301751,-0.00856753620612483,0.185,0.196,1,"EIF2AK4","GSE214411","Myeloid",TRUE
0.26777758260601,0.287040549568306,0.389,0.36,1,"TCIRG1","GSE214411","Myeloid",TRUE
0.267886911633862,-0.232144151264134,0.031,0.022,1,"UPK3A","GSE214411","Myeloid",TRUE
0.267939522122103,0.0856095284160738,0.149,0.129,1,"FAM3C","GSE214411","Myeloid",TRUE
0.268047868676574,0.369355045619082,0.029,0.037,1,"RP11-473M20.9","GSE214411","Myeloid",TRUE
0.268061445149885,-0.0937832921598414,0.041,0.032,1,"C1orf228","GSE214411","Myeloid",TRUE
0.268073166084656,0.733634954446495,0.025,0.018,1,"TBX3","GSE214411","Myeloid",TRUE
0.268077114058819,0.0123807437886374,0.284,0.254,1,"RNPS1","GSE214411","Myeloid",TRUE
0.26815995728667,-0.169854655144758,0.041,0.032,1,"ARMCX2","GSE214411","Myeloid",TRUE
0.268264055250761,-1.01629725679447,0.005,0.01,1,"LRRC34","GSE214411","Myeloid",TRUE
0.268264055250761,-2.29129276629413,0.005,0.01,1,"SYCP2L","GSE214411","Myeloid",TRUE
0.268264055250761,-1.84089725343089,0.005,0.01,1,"IL33","GSE214411","Myeloid",TRUE
0.268409535573036,-0.170790855642451,0.24,0.247,1,"GAK","GSE214411","Myeloid",TRUE
0.268551963857408,0.189289461715432,0.07,0.057,1,"ENHO","GSE214411","Myeloid",TRUE
0.268552089631601,-0.124465485123686,0.246,0.255,1,"TMEM9B","GSE214411","Myeloid",TRUE
0.268559752525597,0.629022123311222,0.03,0.038,1,"ZNF333","GSE214411","Myeloid",TRUE
0.26859199800453,-1.20016545373245,0.005,0.01,1,"ADRB1","GSE214411","Myeloid",TRUE
0.268630609655931,0.395207261688422,0.038,0.048,1,"WRN","GSE214411","Myeloid",TRUE
0.26870686112142,-0.551405957766999,0.087,0.099,1,"THG1L","GSE214411","Myeloid",TRUE
0.268751552410971,-0.00415956031176101,0.041,0.032,1,"NOMO1","GSE214411","Myeloid",TRUE
0.268759631574181,0.484462450178597,0.066,0.078,1,"TRPT1","GSE214411","Myeloid",TRUE
0.268848060912752,-0.16715281049963,0.083,0.094,1,"IFRD2","GSE214411","Myeloid",TRUE
0.268920231178696,-0.478728548967799,0.005,0.01,1,"CLCN4","GSE214411","Myeloid",TRUE
0.268945548555888,-0.383588448712676,0.087,0.1,1,"GPR107","GSE214411","Myeloid",TRUE
0.269232942366273,0.0595049430236654,0.153,0.167,1,"ROCK2","GSE214411","Myeloid",TRUE
0.269333572107825,-0.456777420667061,0.056,0.066,1,"TMEM42","GSE214411","Myeloid",TRUE
0.269577508178322,-0.829432356529778,0.005,0.01,1,"PEX12","GSE214411","Myeloid",TRUE
0.269577508178322,0.187000622907888,0.005,0.01,1,"ZNF345","GSE214411","Myeloid",TRUE
0.269796845251887,-1.04890013356518,0.005,0.01,1,"NR3C2","GSE214411","Myeloid",TRUE
0.269862778697669,0.949008320825952,0.046,0.036,1,"DNMBP","GSE214411","Myeloid",TRUE
0.270010530160613,-0.52456240658575,0.075,0.087,1,"B4GALT3","GSE214411","Myeloid",TRUE
0.270121421114234,-0.158485576857648,0.305,0.318,1,"THOC7","GSE214411","Myeloid",TRUE
0.270438593517655,1.16364960302219,0.08,0.067,1,"KLHL2","GSE214411","Myeloid",TRUE
0.270815157454639,-0.309404560229562,0.045,0.055,1,"MECR","GSE214411","Myeloid",TRUE
0.270895366721827,-1.11532232742576,0.005,0.01,1,"RP11-378A13.2","GSE214411","Myeloid",TRUE
0.270918006690692,3.47208481721102,0.008,0.004,1,"NEO1","GSE214411","Myeloid",TRUE
0.271026825945693,0.268862972581117,0.39,0.364,1,"KMT2C","GSE214411","Myeloid",TRUE
0.271115438320731,-1.22963418583877,0.005,0.01,1,"AC018816.3","GSE214411","Myeloid",TRUE
0.271115438320731,0.8440787568901,0.005,0.01,1,"DNAJC22","GSE214411","Myeloid",TRUE
0.271390743926677,1.63543714202387,0.008,0.004,1,"HSD17B2","GSE214411","Myeloid",TRUE
0.271575828690871,-0.221603657520709,0.105,0.088,1,"POLR3E","GSE214411","Myeloid",TRUE
0.271606700845374,-0.00707100716773557,0.124,0.139,1,"KLHL6","GSE214411","Myeloid",TRUE
0.271627324311467,1.99324409827558,0.008,0.004,1,"MARS2","GSE214411","Myeloid",TRUE
0.27176365556467,0.124148715251553,0.061,0.073,1,"ECHDC2","GSE214411","Myeloid",TRUE
0.271806121673373,0.125600161541777,0.309,0.324,1,"PJA2","GSE214411","Myeloid",TRUE
0.271864045893577,0.833230527880992,0.008,0.004,1,"MC1R","GSE214411","Myeloid",TRUE
0.271939323431125,-0.259629833175653,0.058,0.069,1,"DAPK3","GSE214411","Myeloid",TRUE
0.271985509842068,0.460570896110797,0.05,0.04,1,"ICAM5","GSE214411","Myeloid",TRUE
0.271996949463288,0.752571044201703,0.005,0.01,1,"SAMD12","GSE214411","Myeloid",TRUE
0.271996949463288,-0.614034731426671,0.005,0.01,1,"LAMC3","GSE214411","Myeloid",TRUE
0.272125153358261,0.53804596705992,0.028,0.02,1,"AGAP2","GSE214411","Myeloid",TRUE
0.272125153358261,-0.43189894726951,0.028,0.02,1,"SEZ6L","GSE214411","Myeloid",TRUE
0.272134463611147,-1.14037506543605,0.059,0.07,1,"COMTD1","GSE214411","Myeloid",TRUE
0.272217633494476,-0.369054944560576,0.005,0.01,1,"RP11-196G18.24","GSE214411","Myeloid",TRUE
0.27224157070316,-0.0642631811079886,0.162,0.178,1,"CCDC91","GSE214411","Myeloid",TRUE
0.272575057968429,2.179392015771,0.008,0.004,1,"RIPK4","GSE214411","Myeloid",TRUE
0.272659369133062,0.548698384199507,0.005,0.01,1,"CCDC40","GSE214411","Myeloid",TRUE
0.272802363472791,0.556178693228056,0.053,0.042,1,"PPP2R1B","GSE214411","Myeloid",TRUE
0.272880420763537,0.224553057231233,0.005,0.01,1,"AC108488.4","GSE214411","Myeloid",TRUE
0.273158676286868,-0.21647419083157,0.243,0.25,1,"ANP32E","GSE214411","Myeloid",TRUE
0.273178051845289,-0.182670189800224,0.202,0.217,1,"C12orf45","GSE214411","Myeloid",TRUE
0.273203731887427,-0.318500327856146,0.119,0.131,1,"ATAD1","GSE214411","Myeloid",TRUE
0.273237219557413,0.358664480286604,0.164,0.143,1,"ZNF800","GSE214411","Myeloid",TRUE
0.273282999764371,-0.292102493447707,0.109,0.121,1,"GATAD2B","GSE214411","Myeloid",TRUE
0.273437960471833,0.120426480485028,0.618,0.699,1,"TPI1","GSE214411","Myeloid",TRUE
0.273762903378039,0.466347092969919,0.008,0.004,1,"FAM225A","GSE214411","Myeloid",TRUE
0.273765852959912,-0.0613984226351461,0.005,0.01,1,"STK32B","GSE214411","Myeloid",TRUE
0.273841743357716,0.173088912006299,0.311,0.341,1,"FABP5","GSE214411","Myeloid",TRUE
0.274000896379474,0.638147806668981,0.008,0.004,1,"RP11-617F23.1","GSE214411","Myeloid",TRUE
0.274000896379474,0.5447645279452,0.008,0.004,1,"FUT1","GSE214411","Myeloid",TRUE
0.274239030719844,0.641992256333503,0.008,0.004,1,"ZNF827","GSE214411","Myeloid",TRUE
0.274239030719844,1.08175596827551,0.008,0.004,1,"TTLL11","GSE214411","Myeloid",TRUE
0.274265141077821,-0.258343513568982,0.093,0.106,1,"CDK6","GSE214411","Myeloid",TRUE
0.274344040168165,0.527190865888608,0.148,0.131,1,"PXK","GSE214411","Myeloid",TRUE
0.274499766522023,-0.513431646466283,0.031,0.039,1,"TMEM234","GSE214411","Myeloid",TRUE
0.27465197115009,0.488700385008243,0.104,0.089,1,"TAGLN","GSE214411","Myeloid",TRUE
0.274694387843703,0.21776036860214,0.142,0.123,1,"KMO","GSE214411","Myeloid",TRUE
0.274865727695084,0.28275020536496,0.261,0.231,1,"SBDS","GSE214411","Myeloid",TRUE
0.274875401817181,0.261445158939348,0.005,0.01,1,"CHI3L1","GSE214411","Myeloid",TRUE
0.275097679514552,0.79804470598704,0.005,0.01,1,"ZNF530","GSE214411","Myeloid",TRUE
0.275135215912797,-0.351687986860713,0.119,0.13,1,"CDIPT","GSE214411","Myeloid",TRUE
0.275385251385221,0.427169706932894,0.228,0.206,1,"GNL3","GSE214411","Myeloid",TRUE
0.275431822984358,-0.457863837988243,0.008,0.004,1,"ARL6","GSE214411","Myeloid",TRUE
0.275431822984358,0.0790542940045338,0.008,0.004,1,"ANKRD20A3","GSE214411","Myeloid",TRUE
0.275505045115445,0.27752544087767,0.1,0.084,1,"DNAJC17","GSE214411","Myeloid",TRUE
0.275539011071917,0.375938809482773,0.328,0.299,1,"FAM49A","GSE214411","Myeloid",TRUE
0.275546418121312,0.0812600500556417,0.108,0.091,1,"CYP2S1","GSE214411","Myeloid",TRUE
0.275631960331708,-0.470923291086129,0.197,0.211,1,"BCL2","GSE214411","Myeloid",TRUE
0.275802371164087,-0.776355394634736,0.061,0.072,1,"SH3RF1","GSE214411","Myeloid",TRUE
0.275826784242975,-0.193840178767209,0.338,0.345,1,"POLR2E","GSE214411","Myeloid",TRUE
0.275853535446775,0.457219002475864,0.187,0.164,1,"ZNF277","GSE214411","Myeloid",TRUE
0.276176184906464,1.29259335592653,0.184,0.171,1,"CYB5A","GSE214411","Myeloid",TRUE
0.276210908229882,0.397759004936272,0.005,0.01,1,"UGT2B7","GSE214411","Myeloid",TRUE
0.276238585745299,0.0425990892220134,0.048,0.058,1,"DBR1","GSE214411","Myeloid",TRUE
0.276278312019411,0.335617450593558,0.341,0.314,1,"PURB","GSE214411","Myeloid",TRUE
0.276350966629751,1.26489432865322,0.032,0.024,1,"ZNF529","GSE214411","Myeloid",TRUE
0.276574138027941,-0.256255857645765,0.031,0.039,1,"CYB561","GSE214411","Myeloid",TRUE
0.276595051567271,1.49661314731335,0.037,0.029,1,"AC005523.2","GSE214411","Myeloid",TRUE
0.27678890122925,-0.0440280294749336,0.114,0.097,1,"SLC39A8","GSE214411","Myeloid",TRUE
0.276867840712369,-0.107870986096437,0.008,0.004,1,"CLDND2","GSE214411","Myeloid",TRUE
0.276903204454729,0.503308698550429,0.083,0.07,1,"MLLT1","GSE214411","Myeloid",TRUE
0.27699485954302,0.0460230188839215,0.077,0.089,1,"PIK3C3","GSE214411","Myeloid",TRUE
0.277986420201709,-0.846550622771153,0,0.001,1,"RP11-34P13.7","GSE214411","Myeloid",TRUE
0.277986420201709,-1.0839024408434,0,0.001,1,"TMEM240","GSE214411","Myeloid",TRUE
0.277986420201709,-1.22576764056083,0,0.001,1,"RP11-345P4.7","GSE214411","Myeloid",TRUE
0.277986420201709,-1.31492283670065,0,0.001,1,"HES5","GSE214411","Myeloid",TRUE
0.277986420201709,-1.49346877801849,0,0.001,1,"CHD5","GSE214411","Myeloid",TRUE
0.277986420201709,-0.718594553105598,0,0.001,1,"LINC00337","GSE214411","Myeloid",TRUE
0.277986420201709,-1.27733314200936,0,0.001,1,"RP3-467L1.4","GSE214411","Myeloid",TRUE
0.277986420201709,-0.685838617170548,0,0.001,1,"RP4-736L20.3","GSE214411","Myeloid",TRUE
0.277986420201709,-1.0458008291094,0,0.001,1,"RP5-1113E3.3","GSE214411","Myeloid",TRUE
0.277986420201709,-2.36162060347576,0,0.001,1,"RP4-734G22.3","GSE214411","Myeloid",TRUE
0.277986420201709,-1.44106638741934,0,0.001,1,"RP4-635E18.7","GSE214411","Myeloid",TRUE
0.277986420201709,-0.694162452459084,0,0.001,1,"PTCHD2","GSE214411","Myeloid",TRUE
0.277986420201709,-1.68245066418406,0,0.001,1,"C1orf64","GSE214411","Myeloid",TRUE
0.277986420201709,-2.35085524250401,0,0.001,1,"RAP1GAP","GSE214411","Myeloid",TRUE
0.277986420201709,-1.96652310308091,0,0.001,1,"RHD","GSE214411","Myeloid",TRUE
0.277986420201709,-1.60484221411347,0,0.001,1,"CATSPER4","GSE214411","Myeloid",TRUE
0.277986420201709,-0.770607255136746,0,0.001,1,"FCN3","GSE214411","Myeloid",TRUE
0.277986420201709,-3.55731766094503,0,0.001,1,"NKAIN1","GSE214411","Myeloid",TRUE
0.277986420201709,-0.685838617170548,0,0.001,1,"RP11-73M7.6","GSE214411","Myeloid",TRUE
0.277986420201709,-1.06537605982383,0,0.001,1,"SPOCD1","GSE214411","Myeloid",TRUE
0.277986420201709,-4.49926239805001,0,0.001,1,"DCDC2B","GSE214411","Myeloid",TRUE
0.277986420201709,-1.0752084893511,0,0.001,1,"ZBTB8B","GSE214411","Myeloid",TRUE
0.277986420201709,-2.32790303179744,0,0.001,1,"HPCA","GSE214411","Myeloid",TRUE
0.277986420201709,-1.06939874151787,0,0.001,1,"RP11-415J8.3","GSE214411","Myeloid",TRUE
0.277986420201709,-1.15828189787893,0,0.001,1,"CSMD2","GSE214411","Myeloid",TRUE
0.277986420201709,-1.44480084550189,0,0.001,1,"RP11-7O11.3","GSE214411","Myeloid",TRUE
0.277986420201709,-1.22633095614267,0,0.001,1,"CYP4A22-AS1","GSE214411","Myeloid",TRUE
0.277986420201709,-1.60247397699502,0,0.001,1,"AGBL4","GSE214411","Myeloid",TRUE
0.277986420201709,-1.208697280853,0,0.001,1,"TTC39A-AS1","GSE214411","Myeloid",TRUE
0.277986420201709,-1.25268791055744,0,0.001,1,"PCSK9","GSE214411","Myeloid",TRUE
0.277986420201709,-0.802213002335437,0,0.001,1,"RP11-63G10.3","GSE214411","Myeloid",TRUE
0.277986420201709,-0.812469584936109,0,0.001,1,"RP11-430G17.3","GSE214411","Myeloid",TRUE
0.277986420201709,-1.38475277035145,0,0.001,1,"RP4-535B20.1","GSE214411","Myeloid",TRUE
0.277986420201709,-1.57220315487924,0,0.001,1,"DNAJC6","GSE214411","Myeloid",TRUE
0.277986420201709,-1.0839024408434,0,0.001,1,"GNG12-AS1","GSE214411","Myeloid",TRUE
0.277986420201709,-3.9963846120525,0,0.001,1,"LRRC7","GSE214411","Myeloid",TRUE
0.277986420201709,-0.87428138314622,0,0.001,1,"NEXN-AS1","GSE214411","Myeloid",TRUE
0.277986420201709,-1.24568736226985,0,0.001,1,"RP5-887A10.1","GSE214411","Myeloid",TRUE
0.277986420201709,-1.43820216722038,0,0.001,1,"SYDE2","GSE214411","Myeloid",TRUE
0.277986420201709,-2.82255732870127,0,0.001,1,"RP11-131L23.2","GSE214411","Myeloid",TRUE
0.277986420201709,-1.10728205540336,0,0.001,1,"RP4-621B10.8","GSE214411","Myeloid",TRUE
0.277986420201709,-1.50155568502353,0,0.001,1,"RP5-947P14.1","GSE214411","Myeloid",TRUE
0.277986420201709,-1.73252877166601,0,0.001,1,"SCARNA2","GSE214411","Myeloid",TRUE
0.277986420201709,-1.7902119244641,0,0.001,1,"ALX3","GSE214411","Myeloid",TRUE
0.277986420201709,-1.77818042352803,0,0.001,1,"FAM212B-AS1","GSE214411","Myeloid",TRUE
0.277986420201709,-1.46031710242824,0,0.001,1,"FAM19A3","GSE214411","Myeloid",TRUE
0.277986420201709,-1.63119735322144,0,0.001,1,"SRGAP2-AS1","GSE214411","Myeloid",TRUE
0.277986420201709,-1.57525862155096,0,0.001,1,"CH17-353B19.1","GSE214411","Myeloid",TRUE
0.277986420201709,-0.771525055097509,0,0.001,1,"RP11-353N4.5","GSE214411","Myeloid",TRUE
0.277986420201709,-1.71185438897869,0,0.001,1,"TMOD4","GSE214411","Myeloid",TRUE
0.277986420201709,-3.85213906778819,0,0.001,1,"RP11-404E16.1","GSE214411","Myeloid",TRUE
0.277986420201709,-1.03453203279182,0,0.001,1,"RP11-98D18.17","GSE214411","Myeloid",TRUE
0.277986420201709,-0.913391469028999,0,0.001,1,"RP11-422P24.10","GSE214411","Myeloid",TRUE
0.277986420201709,-2.00574093550114,0,0.001,1,"TSACC","GSE214411","Myeloid",TRUE
0.277986420201709,-1.63572103128298,0,0.001,1,"TTC24","GSE214411","Myeloid",TRUE
0.277986420201709,-1.47086091078999,0,0.001,1,"AL365181.2","GSE214411","Myeloid",TRUE
0.277986420201709,-1.04668480140847,0,0.001,1,"RP11-574F21.2","GSE214411","Myeloid",TRUE
0.277986420201709,-1.41824232513022,0,0.001,1,"RP11-359K18.3","GSE214411","Myeloid",TRUE
0.277986420201709,-0.892653156109182,0,0.001,1,"CCDC190","GSE214411","Myeloid",TRUE
0.277986420201709,-0.922609219263107,0,0.001,1,"RP11-104L21.3","GSE214411","Myeloid",TRUE
0.277986420201709,-4.43854672504305,0,0.001,1,"LINC00626","GSE214411","Myeloid",TRUE
0.277986420201709,-1.07361122701135,0,0.001,1,"FMO2","GSE214411","Myeloid",TRUE
0.277986420201709,-1.35940189323338,0,0.001,1,"MYOC","GSE214411","Myeloid",TRUE
0.277986420201709,-1.64694640943073,0,0.001,1,"SLC9C2","GSE214411","Myeloid",TRUE
0.277986420201709,-1.44319736623993,0,0.001,1,"APOBEC4","GSE214411","Myeloid",TRUE
0.277986420201709,-1.16526480922823,0,0.001,1,"RP11-90L20.2","GSE214411","Myeloid",TRUE
0.277986420201709,-4.0914857314832,0,0.001,1,"GPR37L1","GSE214411","Myeloid",TRUE
0.277986420201709,-1.45976745193798,0,0.001,1,"CHIT1","GSE214411","Myeloid",TRUE
0.277986420201709,-1.65458889155851,0,0.001,1,"LRRN2","GSE214411","Myeloid",TRUE
0.277986420201709,-0.660872957812893,0,0.001,1,"C1orf116","GSE214411","Myeloid",TRUE
0.277986420201709,-4.57607409913133,0,0.001,1,"RP11-122M14.1","GSE214411","Myeloid",TRUE
0.277986420201709,-2.38929981314001,0,0.001,1,"VASH2","GSE214411","Myeloid",TRUE
0.277986420201709,-1.44319736623993,0,0.001,1,"SPATA17","GSE214411","Myeloid",TRUE
0.277986420201709,-4.49677843975542,0,0.001,1,"RP11-392O17.1","GSE214411","Myeloid",TRUE
0.277986420201709,-1.64175278457068,0,0.001,1,"HHIPL2","GSE214411","Myeloid",TRUE
0.277986420201709,-1.41559312995811,0,0.001,1,"RP5-881P19.7","GSE214411","Myeloid",TRUE
0.277986420201709,-0.634583315291504,0,0.001,1,"RP4-803J11.2","GSE214411","Myeloid",TRUE
0.277986420201709,-1.06033124634439,0,0.001,1,"ACTA1","GSE214411","Myeloid",TRUE
0.277986420201709,-0.63826710469289,0,0.001,1,"RP11-544D21.2","GSE214411","Myeloid",TRUE
0.277986420201709,-3.11360171245202,0,0.001,1,"CHRM3","GSE214411","Myeloid",TRUE
0.277986420201709,-1.31206601949451,0,0.001,1,"RP11-173A6.3","GSE214411","Myeloid",TRUE
0.277986420201709,-1.26428470606485,0,0.001,1,"RP11-1293J14.1","GSE214411","Myeloid",TRUE
0.277986420201709,-3.97424907951301,0,0.001,1,"SOX11","GSE214411","Myeloid",TRUE
0.277986420201709,-1.35976887449516,0,0.001,1,"CYS1","GSE214411","Myeloid",TRUE
0.277986420201709,-1.31983308888695,0,0.001,1,"RP11-320M2.1","GSE214411","Myeloid",TRUE
0.277986420201709,-0.946388821263842,0,0.001,1,"RP11-791G15.2","GSE214411","Myeloid",TRUE
0.277986420201709,-4.3359665683974,0,0.001,1,"AC062028.1","GSE214411","Myeloid",TRUE
0.277986420201709,-0.997300185944406,0,0.001,1,"LINC01376","GSE214411","Myeloid",TRUE
0.277986420201709,-1.14896002798434,0,0.001,1,"OSR1","GSE214411","Myeloid",TRUE
0.277986420201709,-1.432621501965,0,0.001,1,"RP11-644K8.1","GSE214411","Myeloid",TRUE
0.277986420201709,-0.921022193561758,0,0.001,1,"TDRD15","GSE214411","Myeloid",TRUE
0.277986420201709,-4.10602895900253,0,0.001,1,"AC009228.1","GSE214411","Myeloid",TRUE
0.277986420201709,-1.94763294970324,0,0.001,1,"LINC01381","GSE214411","Myeloid",TRUE
0.277986420201709,-1.61681709470164,0,0.001,1,"C2orf70","GSE214411","Myeloid",TRUE
0.277986420201709,-1.53967740850031,0,0.001,1,"GTF3C2-AS1","GSE214411","Myeloid",TRUE
0.277986420201709,-1.74620547797295,0,0.001,1,"AC020594.5","GSE214411","Myeloid",TRUE
0.277986420201709,-1.15956004633637,0,0.001,1,"RP11-78I14.1","GSE214411","Myeloid",TRUE
0.277986420201709,-0.90483095552468,0,0.001,1,"AC104654.2","GSE214411","Myeloid",TRUE
0.277986420201709,-1.77818042352803,0,0.001,1,"C1GALT1C1L","GSE214411","Myeloid",TRUE
0.277986420201709,-1.21415874352424,0,0.001,1,"LINC01118","GSE214411","Myeloid",TRUE
0.277986420201709,-1.63909780580064,0,0.001,1,"AC079807.2","GSE214411","Myeloid",TRUE
0.277986420201709,-1.11381627823958,0,0.001,1,"EML6","GSE214411","Myeloid",TRUE
0.277986420201709,-1.06537605982383,0,0.001,1,"AC012358.7","GSE214411","Myeloid",TRUE
0.277986420201709,-1.46285225473115,0,0.001,1,"LINC01122","GSE214411","Myeloid",TRUE
0.277986420201709,-1.73779634945686,0,0.001,1,"MIR4432HG","GSE214411","Myeloid",TRUE
0.277986420201709,-1.41905999358463,0,0.001,1,"LRRTM1","GSE214411","Myeloid",TRUE
0.277986420201709,-0.634583315291504,0,0.001,1,"REEP1","GSE214411","Myeloid",TRUE
0.277986420201709,-1.34617730937433,0,0.001,1,"AC104134.2","GSE214411","Myeloid",TRUE
0.277986420201709,-1.49755704339132,0,0.001,1,"RP11-575H3.1","GSE214411","Myeloid",TRUE
0.277986420201709,-1.24875961606778,0,0.001,1,"RP11-353K11.1","GSE214411","Myeloid",TRUE
0.277986420201709,-1.3649332153705,0,0.001,1,"LYG1","GSE214411","Myeloid",TRUE
0.277986420201709,-4.04361082182942,0,0.001,1,"LINC01127","GSE214411","Myeloid",TRUE
0.277986420201709,-4.60541075542764,0,0.001,1,"AC010884.1","GSE214411","Myeloid",TRUE
0.277986420201709,-1.0114851425294,0,0.001,1,"RGPD3","GSE214411","Myeloid",TRUE
0.277986420201709,-0.693231893633873,0,0.001,1,"AC093901.1","GSE214411","Myeloid",TRUE
0.277986420201709,-1.23752269863776,0,0.001,1,"GLI2","GSE214411","Myeloid",TRUE
0.277986420201709,-0.848146202767088,0,0.001,1,"ARHGEF4","GSE214411","Myeloid",TRUE
0.277986420201709,-1.01106020108959,0,0.001,1,"POTEE","GSE214411","Myeloid",TRUE
0.277986420201709,-3.20328476437743,0,0.001,1,"TUBA3D","GSE214411","Myeloid",TRUE
0.277986420201709,-0.913391469028999,0,0.001,1,"AJ239322.1","GSE214411","Myeloid",TRUE
0.277986420201709,-1.73405391776449,0,0.001,1,"RP11-725P16.2","GSE214411","Myeloid",TRUE
0.277986420201709,-1.2957388703341,0,0.001,1,"MAP3K19","GSE214411","Myeloid",TRUE
0.277986420201709,-1.73779634945686,0,0.001,1,"AC011893.3","GSE214411","Myeloid",TRUE
0.277986420201709,-1.02556094913579,0,0.001,1,"AC092620.3","GSE214411","Myeloid",TRUE
0.277986420201709,-1.60247397699502,0,0.001,1,"AC096558.1","GSE214411","Myeloid",TRUE
0.277986420201709,-1.06625565974613,0,0.001,1,"LYPD6","GSE214411","Myeloid",TRUE
0.277986420201709,-4.36701387764791,0,0.001,1,"GALNT13","GSE214411","Myeloid",TRUE
0.277986420201709,-0.811126481156284,0,0.001,1,"AC005042.4","GSE214411","Myeloid",TRUE
0.277986420201709,-0.90483095552468,0,0.001,1,"TBR1","GSE214411","Myeloid",TRUE
0.277986420201709,-0.772025201493998,0,0.001,1,"SLC38A11","GSE214411","Myeloid",TRUE
0.277986420201709,-3.24786677383159,0,0.001,1,"AC013463.2","GSE214411","Myeloid",TRUE
0.277986420201709,-1.41905999358463,0,0.001,1,"SCN3A","GSE214411","Myeloid",TRUE
0.277986420201709,-1.03453203279182,0,0.001,1,"SCN7A","GSE214411","Myeloid",TRUE
0.277986420201709,-0.904893787934668,0,0.001,1,"KLHL41","GSE214411","Myeloid",TRUE
0.277986420201709,-4.19111650892244,0,0.001,1,"ERICH2","GSE214411","Myeloid",TRUE
0.277986420201709,-1.73677366712553,0,0.001,1,"AC078883.4","GSE214411","Myeloid",TRUE
0.277986420201709,-1.14854364016299,0,0.001,1,"RP11-394I13.3","GSE214411","Myeloid",TRUE
0.277986420201709,-3.16869260227877,0,0.001,1,"HOXD3","GSE214411","Myeloid",TRUE
0.277986420201709,-1.36930627401606,0,0.001,1,"AC104076.3","GSE214411","Myeloid",TRUE
0.277986420201709,-4.02119732459946,0,0.001,1,"FSIP2","GSE214411","Myeloid",TRUE
0.277986420201709,-0.569497179917917,0,0.001,1,"AC010746.3","GSE214411","Myeloid",TRUE
0.277986420201709,-1.16538829439561,0,0.001,1,"AC007879.2","GSE214411","Myeloid",TRUE
0.277986420201709,-4.61081607465507,0,0.001,1,"CRYBA2","GSE214411","Myeloid",TRUE
0.277986420201709,-2.19680995994884,0,0.001,1,"AC053503.4","GSE214411","Myeloid",TRUE
0.277986420201709,-1.16898421559816,0,0.001,1,"INHA","GSE214411","Myeloid",TRUE
0.277986420201709,-3.32061098115808,0,0.001,1,"RP11-395N3.2","GSE214411","Myeloid",TRUE
0.277986420201709,-0.634583315291504,0,0.001,1,"NMUR1","GSE214411","Myeloid",TRUE
0.277986420201709,-1.30897507763451,0,0.001,1,"AC073254.1","GSE214411","Myeloid",TRUE
0.277986420201709,-0.904893787934668,0,0.001,1,"ESPNL","GSE214411","Myeloid",TRUE
0.277986420201709,-1.15828189787893,0,0.001,1,"LINC01266","GSE214411","Myeloid",TRUE
0.277986420201709,-1.56071429303764,0,0.001,1,"AC027119.1","GSE214411","Myeloid",TRUE
0.277986420201709,-1.30980863224991,0,0.001,1,"ARPC4-TTLL3","GSE214411","Myeloid",TRUE
0.277986420201709,-1.22894499407882,0,0.001,1,"SLC6A11","GSE214411","Myeloid",TRUE
0.277986420201709,-1.68025336954462,0,0.001,1,"RP11-169K17.4","GSE214411","Myeloid",TRUE
0.277986420201709,-1.29606358108171,0,0.001,1,"TPRXL","GSE214411","Myeloid",TRUE
0.277986420201709,-0.660872957812893,0,0.001,1,"RP11-669C19.1","GSE214411","Myeloid",TRUE
0.277986420201709,-0.63826710469289,0,0.001,1,"LINC00691","GSE214411","Myeloid",TRUE
0.277986420201709,-1.69739377826571,0,0.001,1,"RP11-222K16.1","GSE214411","Myeloid",TRUE
0.277986420201709,-0.884940177491099,0,0.001,1,"ZNF860","GSE214411","Myeloid",TRUE
0.277986420201709,-1.42782213904363,0,0.001,1,"MYRIP","GSE214411","Myeloid",TRUE
0.277986420201709,-1.12747637158939,0,0.001,1,"RP4-613B23.5","GSE214411","Myeloid",TRUE
0.277986420201709,-2.71159174124094,0,0.001,1,"SLC6A20","GSE214411","Myeloid",TRUE
0.277986420201709,-3.6406640039983,0,0.001,1,"TDGF1","GSE214411","Myeloid",TRUE
0.277986420201709,-0.892653156109182,0,0.001,1,"PRSS45","GSE214411","Myeloid",TRUE
0.277986420201709,-1.33695465960981,0,0.001,1,"ATRIP","GSE214411","Myeloid",TRUE
0.277986420201709,-0.82494763608123,0,0.001,1,"RP11-3B7.1","GSE214411","Myeloid",TRUE
0.277986420201709,-1.78307766978745,0,0.001,1,"DOCK3","GSE214411","Myeloid",TRUE
0.277986420201709,-1.03453203279182,0,0.001,1,"RP11-755B10.3","GSE214411","Myeloid",TRUE
0.277986420201709,-2.88512335094171,0,0.001,1,"SUCLG2-AS1","GSE214411","Myeloid",TRUE
0.277986420201709,-2.43771697402827,0,0.001,1,"FAM19A4","GSE214411","Myeloid",TRUE
0.277986420201709,-1.22823708218426,0,0.001,1,"CADM2","GSE214411","Myeloid",TRUE
0.277986420201709,-2.34717265038398,0,0.001,1,"EPHA6","GSE214411","Myeloid",TRUE
0.277986420201709,-0.931065870250842,0,0.001,1,"RP11-49I4.3","GSE214411","Myeloid",TRUE
0.277986420201709,-1.22972491238245,0,0.001,1,"RP11-484K9.4","GSE214411","Myeloid",TRUE
0.277986420201709,-1.55289339321466,0,0.001,1,"ZNF80","GSE214411","Myeloid",TRUE
0.277986420201709,-0.779972685361903,0,0.001,1,"ZBTB20-AS1","GSE214411","Myeloid",TRUE
0.277986420201709,-4.03840266244108,0,0.001,1,"ZBTB20-AS4","GSE214411","Myeloid",TRUE
0.277986420201709,-0.718594553105598,0,0.001,1,"RP11-18H7.1","GSE214411","Myeloid",TRUE
0.277986420201709,-0.833834186776521,0,0.001,1,"STXBP5L","GSE214411","Myeloid",TRUE
0.277986420201709,-1.44480084550189,0,0.001,1,"RP11-797D24.3","GSE214411","Myeloid",TRUE
0.277986420201709,-4.12630444487947,0,0.001,1,"ADCY5","GSE214411","Myeloid",TRUE
0.277986420201709,-1.48560587180851,0,0.001,1,"RP11-666A20.4","GSE214411","Myeloid",TRUE
0.277986420201709,-3.54110008103206,0,0.001,1,"CFAP100","GSE214411","Myeloid",TRUE
0.277986420201709,-1.19262085321713,0,0.001,1,"RP11-77P16.4","GSE214411","Myeloid",TRUE
0.277986420201709,-1.52086314132082,0,0.001,1,"BFSP2","GSE214411","Myeloid",TRUE
0.277986420201709,-1.87747622758951,0,0.001,1,"SPSB4","GSE214411","Myeloid",TRUE
0.277986420201709,-1.06537605982383,0,0.001,1,"PCOLCE2","GSE214411","Myeloid",TRUE
0.277986420201709,-1.28776804179099,0,0.001,1,"RP11-454C18.1","GSE214411","Myeloid",TRUE
0.277986420201709,-0.892653156109182,0,0.001,1,"AADAC","GSE214411","Myeloid",TRUE
0.277986420201709,-1.42213692549461,0,0.001,1,"TMEM14EP","GSE214411","Myeloid",TRUE
0.277986420201709,-1.08395352984861,0,0.001,1,"SPTSSB","GSE214411","Myeloid",TRUE
0.277986420201709,-0.81388905367087,0,0.001,1,"BCHE","GSE214411","Myeloid",TRUE
0.277986420201709,-1.33327554414307,0,0.001,1,"RP11-778D9.13","GSE214411","Myeloid",TRUE
0.277986420201709,-0.562765385845237,0,0.001,1,"TP63","GSE214411","Myeloid",TRUE
0.277986420201709,-1.32866949832978,0,0.001,1,"P3H2-AS1","GSE214411","Myeloid",TRUE
0.277986420201709,-1.06033124634439,0,0.001,1,"HRASLS","GSE214411","Myeloid",TRUE
0.277986420201709,-1.08303489728473,0,0.001,1,"ATP13A4","GSE214411","Myeloid",TRUE
0.277986420201709,-1.32866949832978,0,0.001,1,"LINC00885","GSE214411","Myeloid",TRUE
0.277986420201709,-1.14393033708326,0,0.001,1,"ZNF732","GSE214411","Myeloid",TRUE
0.277986420201709,-1.00332566252677,0,0.001,1,"SLC26A1","GSE214411","Myeloid",TRUE
0.277986420201709,-1.06579118728121,0,0.001,1,"RP11-367J11.3","GSE214411","Myeloid",TRUE
0.277986420201709,-1.35629269602051,0,0.001,1,"LINC00504","GSE214411","Myeloid",TRUE
0.277986420201709,-1.0731133657618,0,0.001,1,"PPARGC1A","GSE214411","Myeloid",TRUE
0.277986420201709,-0.911943869186485,0,0.001,1,"GABRB1","GSE214411","Myeloid",TRUE
0.277986420201709,-1.46695399947068,0,0.001,1,"RP11-177J6.1","GSE214411","Myeloid",TRUE
0.277986420201709,-1.20747717392108,0,0.001,1,"RP11-738E22.3","GSE214411","Myeloid",TRUE
0.277986420201709,-0.569497179917917,0,0.001,1,"RP11-584P21.2","GSE214411","Myeloid",TRUE
0.277986420201709,-1.01106020108959,0,0.001,1,"ADAMTS3","GSE214411","Myeloid",TRUE
0.277986420201709,-1.19637315178831,0,0.001,1,"RASSF6","GSE214411","Myeloid",TRUE
0.277986420201709,-1.46628687570687,0,0.001,1,"CDKL2","GSE214411","Myeloid",TRUE
0.277986420201709,-0.794488312892376,0,0.001,1,"FAM47E","GSE214411","Myeloid",TRUE
0.277986420201709,-1.06939874151787,0,0.001,1,"C4orf22","GSE214411","Myeloid",TRUE
0.277986420201709,-1.09028623994124,0,0.001,1,"UNC5C","GSE214411","Myeloid",TRUE
0.277986420201709,-1.20055615356233,0,0.001,1,"RP11-710C12.1","GSE214411","Myeloid",TRUE
0.277986420201709,-1.01537419491037,0,0.001,1,"STPG2","GSE214411","Myeloid",TRUE
0.277986420201709,-0.892653156109182,0,0.001,1,"ADH6","GSE214411","Myeloid",TRUE
0.277986420201709,-1.84641376752276,0,0.001,1,"RP11-15B17.1","GSE214411","Myeloid",TRUE
0.277986420201709,-1.33695465960981,0,0.001,1,"ARHGEF38","GSE214411","Myeloid",TRUE
0.277986420201709,-1.21415874352424,0,0.001,1,"RP11-710F7.3","GSE214411","Myeloid",TRUE
0.277986420201709,-0.765654937466797,0,0.001,1,"RP11-286E11.1","GSE214411","Myeloid",TRUE
0.277986420201709,-1.7711662032562,0,0.001,1,"RP11-26P13.2","GSE214411","Myeloid",TRUE
0.277986420201709,-3.01182767986301,0,0.001,1,"TRAM1L1","GSE214411","Myeloid",TRUE
0.277986420201709,-2.69026219287619,0,0.001,1,"NDST3","GSE214411","Myeloid",TRUE
0.277986420201709,-3.21968692122548,0,0.001,1,"IL2","GSE214411","Myeloid",TRUE
0.277986420201709,-1.09629592664402,0,0.001,1,"RP11-420A23.1","GSE214411","Myeloid",TRUE
0.277986420201709,-1.14310741100436,0,0.001,1,"RBM46","GSE214411","Myeloid",TRUE
0.277986420201709,-1.55922003111626,0,0.001,1,"TDO2","GSE214411","Myeloid",TRUE
0.277986420201709,-1.83380117926817,0,0.001,1,"RP11-218F10.3","GSE214411","Myeloid",TRUE
0.277986420201709,-0.87428138314622,0,0.001,1,"GPM6A","GSE214411","Myeloid",TRUE
0.277986420201709,-1.74620547797295,0,0.001,1,"RP11-188P17.2","GSE214411","Myeloid",TRUE
0.277986420201709,-1.12883816820512,0,0.001,1,"RP11-242J7.1","GSE214411","Myeloid",TRUE
0.277986420201709,-1.05188898349008,0,0.001,1,"RP11-279O9.4","GSE214411","Myeloid",TRUE
0.277986420201709,-1.0750584795415,0,0.001,1,"NIM1K","GSE214411","Myeloid",TRUE
0.277986420201709,-1.55922003111626,0,0.001,1,"CTD-2636A23.2","GSE214411","Myeloid",TRUE
0.277986420201709,-0.84315248790621,0,0.001,1,"RP11-159F24.5","GSE214411","Myeloid",TRUE
0.277986420201709,-1.208697280853,0,0.001,1,"RP11-53O19.1","GSE214411","Myeloid",TRUE
0.277986420201709,-1.31206601949451,0,0.001,1,"HCN1","GSE214411","Myeloid",TRUE
0.277986420201709,-1.23932918407866,0,0.001,1,"CTD-2081C10.7","GSE214411","Myeloid",TRUE
0.277986420201709,-1.60247397699502,0,0.001,1,"CTD-2031P19.5","GSE214411","Myeloid",TRUE
0.277986420201709,-0.771525055097509,0,0.001,1,"MAST4-AS1","GSE214411","Myeloid",TRUE
0.277986420201709,-2.56507887982742,0,0.001,1,"RASGRF2","GSE214411","Myeloid",TRUE
0.277986420201709,-1.82602812838865,0,0.001,1,"RP11-343L5.2","GSE214411","Myeloid",TRUE
0.277986420201709,-3.89923175900986,0,0.001,1,"VCAN-AS1","GSE214411","Myeloid",TRUE
0.277986420201709,-1.54472679815203,0,0.001,1,"RP11-254I22.1","GSE214411","Myeloid",TRUE
0.277986420201709,-1.208697280853,0,0.001,1,"TMEM232","GSE214411","Myeloid",TRUE
0.277986420201709,-1.26291500906917,0,0.001,1,"EPB41L4A-AS2","GSE214411","Myeloid",TRUE
0.277986420201709,-0.776203114334248,0,0.001,1,"CTC-487M23.8","GSE214411","Myeloid",TRUE
0.277986420201709,-1.59199331564529,0,0.001,1,"ZNF474","GSE214411","Myeloid",TRUE
0.277986420201709,-1.06939874151787,0,0.001,1,"RP11-517I3.1","GSE214411","Myeloid",TRUE
0.277986420201709,-2.24095560697635,0,0.001,1,"MEGF10","GSE214411","Myeloid",TRUE
0.277986420201709,-1.29997641080368,0,0.001,1,"CTD-2410N18.3","GSE214411","Myeloid",TRUE
0.277986420201709,-1.25313462605935,0,0.001,1,"PITX1","GSE214411","Myeloid",TRUE
0.277986420201709,-4.61624379190137,0,0.001,1,"AC009014.3","GSE214411","Myeloid",TRUE
0.277986420201709,-1.44544350113705,0,0.001,1,"CTB-43P18.1","GSE214411","Myeloid",TRUE
0.277986420201709,-3.4054698183622,0,0.001,1,"PCDHA4","GSE214411","Myeloid",TRUE
0.277986420201709,-0.779972685361903,0,0.001,1,"PCDHB7","GSE214411","Myeloid",TRUE
0.277986420201709,-1.10728205540336,0,0.001,1,"PCDHGA1","GSE214411","Myeloid",TRUE
0.277986420201709,-1.67200010861118,0,0.001,1,"PCDHGB2","GSE214411","Myeloid",TRUE
0.277986420201709,-1.13392592797406,0,0.001,1,"PCDHGA9","GSE214411","Myeloid",TRUE
0.277986420201709,-1.73252877166601,0,0.001,1,"PCDHGC3","GSE214411","Myeloid",TRUE
0.277986420201709,-4.00422608092901,0,0.001,1,"AC008781.7","GSE214411","Myeloid",TRUE
0.277986420201709,-1.20747717392108,0,0.001,1,"KCTD16","GSE214411","Myeloid",TRUE
0.277986420201709,-1.208697280853,0,0.001,1,"PLAC8L1","GSE214411","Myeloid",TRUE
0.277986420201709,-3.84470995863724,0,0.001,1,"FNDC9","GSE214411","Myeloid",TRUE
0.277986420201709,-0.663098610785804,0,0.001,1,"C1QTNF2","GSE214411","Myeloid",TRUE
0.277986420201709,-1.47321772137708,0,0.001,1,"ATP10B","GSE214411","Myeloid",TRUE
0.277986420201709,-1.432621501965,0,0.001,1,"RP11-541P9.3","GSE214411","Myeloid",TRUE
0.277986420201709,-0.694162452459084,0,0.001,1,"CTC-209H22.3","GSE214411","Myeloid",TRUE
0.277986420201709,-1.208697280853,0,0.001,1,"RP11-844P9.2","GSE214411","Myeloid",TRUE
0.277986420201709,-2.15513266778814,0,0.001,1,"RP11-1277A3.3","GSE214411","Myeloid",TRUE
0.277986420201709,-1.23932918407866,0,0.001,1,"RP11-428J1.4","GSE214411","Myeloid",TRUE
0.277986420201709,-1.5189163197889,0,0.001,1,"LY86-AS1","GSE214411","Myeloid",TRUE
0.277986420201709,-1.61497105752264,0,0.001,1,"RNF182","GSE214411","Myeloid",TRUE
0.277986420201709,-1.43820216722038,0,0.001,1,"RP11-239H6.2","GSE214411","Myeloid",TRUE
0.277986420201709,-1.31324043475074,0,0.001,1,"GPLD1","GSE214411","Myeloid",TRUE
0.277986420201709,-1.00746739593771,0,0.001,1,"RP1-221C16.8","GSE214411","Myeloid",TRUE
0.277986420201709,-1.39798446727563,0,0.001,1,"HCG15","GSE214411","Myeloid",TRUE
0.277986420201709,-1.06173161261755,0,0.001,1,"ZNF311","GSE214411","Myeloid",TRUE
0.277986420201709,-2.36162060347576,0,0.001,1,"HCG9","GSE214411","Myeloid",TRUE
0.277986420201709,-1.13214699778694,0,0.001,1,"RNF39","GSE214411","Myeloid",TRUE
0.277986420201709,-1.12747637158939,0,0.001,1,"DDR1-AS1","GSE214411","Myeloid",TRUE
0.277986420201709,-0.765654937466797,0,0.001,1,"XXbac-BPG181M17.6","GSE214411","Myeloid",TRUE
0.277986420201709,-1.2957388703341,0,0.001,1,"XXbac-BPG294E21.9","GSE214411","Myeloid",TRUE
0.277986420201709,-1.70710847254697,0,0.001,1,"LHFPL5","GSE214411","Myeloid",TRUE
0.277986420201709,-1.43587899051541,0,0.001,1,"RP3-337H4.8","GSE214411","Myeloid",TRUE
0.277986420201709,-4.11889370968589,0,0.001,1,"PKHD1","GSE214411","Myeloid",TRUE
0.277986420201709,-1.17481067842724,0,0.001,1,"ADGRB3","GSE214411","Myeloid",TRUE
0.277986420201709,-1.44277053226373,0,0.001,1,"SNAP91","GSE214411","Myeloid",TRUE
0.277986420201709,-0.86281521583853,0,0.001,1,"HTR1E","GSE214411","Myeloid",TRUE
0.277986420201709,-1.06173161261755,0,0.001,1,"RP1-122O8.7","GSE214411","Myeloid",TRUE
0.277986420201709,-1.16898421559816,0,0.001,1,"GPR63","GSE214411","Myeloid",TRUE
0.277986420201709,-2.77958701998937,0,0.001,1,"POU3F2","GSE214411","Myeloid",TRUE
0.277986420201709,-1.30980863224991,0,0.001,1,"METTL24","GSE214411","Myeloid",TRUE
0.277986420201709,-2.41744770435204,0,0.001,1,"PLN","GSE214411","Myeloid",TRUE
0.277986420201709,-1.10728205540336,0,0.001,1,"RP11-73O6.3","GSE214411","Myeloid",TRUE
0.277986420201709,-1.00746739593771,0,0.001,1,"CTAGE9","GSE214411","Myeloid",TRUE
0.277986420201709,-1.08029126281334,0,0.001,1,"LINC01013","GSE214411","Myeloid",TRUE
0.277986420201709,-1.63513555431051,0,0.001,1,"LINC01277","GSE214411","Myeloid",TRUE
0.277986420201709,-1.46695399947068,0,0.001,1,"RP1-45I4.3","GSE214411","Myeloid",TRUE
0.277986420201709,-1.77818042352803,0,0.001,1,"AL023806.1","GSE214411","Myeloid",TRUE
0.277986420201709,-0.621736032863232,0,0.001,1,"RP5-933K21.3","GSE214411","Myeloid",TRUE
0.277986420201709,-1.208697280853,0,0.001,1,"PDE10A","GSE214411","Myeloid",TRUE
0.277986420201709,-3.96278397719187,0,0.001,1,"KIF25-AS1","GSE214411","Myeloid",TRUE
0.277986420201709,-1.77818042352803,0,0.001,1,"LINC00574","GSE214411","Myeloid",TRUE
0.277986420201709,-1.79593440324937,0,0.001,1,"AC226118.1","GSE214411","Myeloid",TRUE
0.277986420201709,-0.84315248790621,0,0.001,1,"RP11-449P15.1","GSE214411","Myeloid",TRUE
0.277986420201709,-0.779972685361903,0,0.001,1,"RP11-1246C19.1","GSE214411","Myeloid",TRUE
0.277986420201709,-1.39867421668013,0,0.001,1,"PAPOLB","GSE214411","Myeloid",TRUE
0.277986420201709,-1.43820216722038,0,0.001,1,"RSPH10B","GSE214411","Myeloid",TRUE
0.277986420201709,-1.94649597760695,0,0.001,1,"GRID2IP","GSE214411","Myeloid",TRUE
0.277986420201709,-4.41970378556324,0,0.001,1,"VWDE","GSE214411","Myeloid",TRUE
0.277986420201709,-0.93765327597213,0,0.001,1,"STK31","GSE214411","Myeloid",TRUE
0.277986420201709,-1.03453203279182,0,0.001,1,"HOXA-AS3","GSE214411","Myeloid",TRUE
0.277986420201709,-1.46031710242824,0,0.001,1,"HOXA13","GSE214411","Myeloid",TRUE
0.277986420201709,-1.27733314200936,0,0.001,1,"TRIL","GSE214411","Myeloid",TRUE
0.277986420201709,-1.03453203279182,0,0.001,1,"TRGV9","GSE214411","Myeloid",TRUE
0.277986420201709,-1.58967253354718,0,0.001,1,"CAMK2B","GSE214411","Myeloid",TRUE
0.277986420201709,-0.946388821263842,0,0.001,1,"NPC1L1","GSE214411","Myeloid",TRUE
0.277986420201709,-0.846185617406919,0,0.001,1,"SUN3","GSE214411","Myeloid",TRUE
0.277986420201709,-1.39995747431965,0,0.001,1,"ELDR","GSE214411","Myeloid",TRUE
0.277986420201709,-1.78307766978745,0,0.001,1,"LINC01372","GSE214411","Myeloid",TRUE
0.277986420201709,-1.77818042352803,0,0.001,1,"AC004878.2","GSE214411","Myeloid",TRUE
0.277986420201709,-1.19637315178831,0,0.001,1,"STEAP2","GSE214411","Myeloid",TRUE
0.277986420201709,-1.02498785026952,0,0.001,1,"CFAP69","GSE214411","Myeloid",TRUE
0.277986420201709,-1.75314663087147,0,0.001,1,"RP11-506M12.1","GSE214411","Myeloid",TRUE
0.277986420201709,-0.694162452459084,0,0.001,1,"PCOLCE-AS1","GSE214411","Myeloid",TRUE
0.277986420201709,-1.33853936202136,0,0.001,1,"RP11-514P8.6","GSE214411","Myeloid",TRUE
0.277986420201709,-1.57552502234742,0,0.001,1,"RELN","GSE214411","Myeloid",TRUE
0.277986420201709,-3.70888861409229,0,0.001,1,"LRRN3","GSE214411","Myeloid",TRUE
0.277986420201709,-1.87747622758951,0,0.001,1,"FOXP2","GSE214411","Myeloid",TRUE
0.277986420201709,-1.31324043475074,0,0.001,1,"AC073130.3","GSE214411","Myeloid",TRUE
0.277986420201709,-1.09028623994124,0,0.001,1,"ANKRD7","GSE214411","Myeloid",TRUE
0.277986420201709,-0.657030902291648,0,0.001,1,"KCND2","GSE214411","Myeloid",TRUE
0.277986420201709,-1.47966320925035,0,0.001,1,"RP11-2E11.5","GSE214411","Myeloid",TRUE
0.277986420201709,-1.45735519377987,0,0.001,1,"TMEM178B","GSE214411","Myeloid",TRUE
0.277986420201709,-1.33005572337772,0,0.001,1,"KEL","GSE214411","Myeloid",TRUE
0.277986420201709,-1.45976745193798,0,0.001,1,"CTAGE4","GSE214411","Myeloid",TRUE
0.277986420201709,-1.26957072800645,0,0.001,1,"GHET1","GSE214411","Myeloid",TRUE
0.277986420201709,-1.26375159333119,0,0.001,1,"ATP6V0E2-AS1","GSE214411","Myeloid",TRUE
0.277986420201709,-0.776203114334248,0,0.001,1,"RP13-465B17.5","GSE214411","Myeloid",TRUE
0.277986420201709,-1.43756762978226,0,0.001,1,"GYG2","GSE214411","Myeloid",TRUE
0.277986420201709,-1.06352541138309,0,0.001,1,"LINC01546","GSE214411","Myeloid",TRUE
0.277986420201709,-1.36930627401606,0,0.001,1,"VCX3A","GSE214411","Myeloid",TRUE
0.277986420201709,-1.10896042627536,0,0.001,1,"GS1-519E5.1","GSE214411","Myeloid",TRUE
0.277986420201709,-0.779972685361903,0,0.001,1,"SHROOM2","GSE214411","Myeloid",TRUE
0.277986420201709,-1.16526480922823,0,0.001,1,"MAP3K15","GSE214411","Myeloid",TRUE
0.277986420201709,-0.884940177491099,0,0.001,1,"CNKSR2","GSE214411","Myeloid",TRUE
0.277986420201709,-1.39867421668013,0,0.001,1,"PCYT1B","GSE214411","Myeloid",TRUE
0.277986420201709,-1.10896042627536,0,0.001,1,"IL1RAPL1","GSE214411","Myeloid",TRUE
0.277986420201709,-1.16212738222312,0,0.001,1,"RP5-1172N10.2","GSE214411","Myeloid",TRUE
0.277986420201709,-1.06939874151787,0,0.001,1,"LINC01186","GSE214411","Myeloid",TRUE
0.277986420201709,-0.922609219263107,0,0.001,1,"RP11-1148L6.9","GSE214411","Myeloid",TRUE
0.277986420201709,-1.52086314132082,0,0.001,1,"WNK3","GSE214411","Myeloid",TRUE
0.277986420201709,-0.718594553105598,0,0.001,1,"PFKFB1","GSE214411","Myeloid",TRUE
0.277986420201709,-1.26314302745356,0,0.001,1,"ALAS2","GSE214411","Myeloid",TRUE
0.277986420201709,-1.328150613239,0,0.001,1,"NLGN3","GSE214411","Myeloid",TRUE
0.277986420201709,-1.5413138880799,0,0.001,1,"GPR174","GSE214411","Myeloid",TRUE
0.277986420201709,-1.77188239758526,0,0.001,1,"KLHL4","GSE214411","Myeloid",TRUE
0.277986420201709,-0.82494763608123,0,0.001,1,"RAB40A","GSE214411","Myeloid",TRUE
0.277986420201709,-1.64397356325817,0,0.001,1,"TCEAL3-AS1","GSE214411","Myeloid",TRUE
0.277986420201709,-3.85363031313401,0,0.001,1,"NRK","GSE214411","Myeloid",TRUE
0.277986420201709,-1.03453203279182,0,0.001,1,"NUP62CL","GSE214411","Myeloid",TRUE
0.277986420201709,-1.73779634945686,0,0.001,1,"FRMPD3","GSE214411","Myeloid",TRUE
0.277986420201709,-1.33853936202136,0,0.001,1,"LINC01285","GSE214411","Myeloid",TRUE
0.277986420201709,-0.84315248790621,0,0.001,1,"RHOXF1","GSE214411","Myeloid",TRUE
0.277986420201709,-0.694162452459084,0,0.001,1,"GRIA3","GSE214411","Myeloid",TRUE
0.277986420201709,-1.57819529291792,0,0.001,1,"LINC00629","GSE214411","Myeloid",TRUE
0.277986420201709,-3.09635341377884,0,0.001,1,"AF011889.5","GSE214411","Myeloid",TRUE
0.277986420201709,-1.73252877166601,0,0.001,1,"AF011889.2","GSE214411","Myeloid",TRUE
0.277986420201709,-0.950714602571969,0,0.001,1,"PNMA5","GSE214411","Myeloid",TRUE
0.277986420201709,-0.913391469028999,0,0.001,1,"PNMA3","GSE214411","Myeloid",TRUE
0.277986420201709,-1.61681709470164,0,0.001,1,"TREX2","GSE214411","Myeloid",TRUE
0.277986420201709,-4.09510579144096,0,0.001,1,"SPAG11B","GSE214411","Myeloid",TRUE
0.277986420201709,-0.562765385845237,0,0.001,1,"BLK","GSE214411","Myeloid",TRUE
0.277986420201709,-1.06939874151787,0,0.001,1,"RP11-156K13.1","GSE214411","Myeloid",TRUE
0.277986420201709,-0.922609219263107,0,0.001,1,"RP11-662B19.2","GSE214411","Myeloid",TRUE
0.277986420201709,-3.43660845563147,0,0.001,1,"PURG","GSE214411","Myeloid",TRUE
0.277986420201709,-1.66860412613833,0,0.001,1,"STAR","GSE214411","Myeloid",TRUE
0.277986420201709,-1.25717356225817,0,0.001,1,"RP11-589C21.5","GSE214411","Myeloid",TRUE
0.277986420201709,-1.56051918447585,0,0.001,1,"RP11-21C4.1","GSE214411","Myeloid",TRUE
0.277986420201709,-2.56507887982742,0,0.001,1,"CYP7B1","GSE214411","Myeloid",TRUE
0.277986420201709,-1.64175278457068,0,0.001,1,"RDH10-AS1","GSE214411","Myeloid",TRUE
0.277986420201709,-0.975099430760952,0,0.001,1,"RP1-16A9.1","GSE214411","Myeloid",TRUE
0.277986420201709,-1.67378222609402,0,0.001,1,"RP11-320N21.1","GSE214411","Myeloid",TRUE
0.277986420201709,-1.17481067842724,0,0.001,1,"BAALC-AS1","GSE214411","Myeloid",TRUE
0.277986420201709,-3.07326336103709,0,0.001,1,"ZFPM2","GSE214411","Myeloid",TRUE
0.277986420201709,-0.874681437778072,0,0.001,1,"HAS2","GSE214411","Myeloid",TRUE
0.277986420201709,-1.6638482593008,0,0.001,1,"PCAT1","GSE214411","Myeloid",TRUE
0.277986420201709,-1.0341709745128,0,0.001,1,"CASC11","GSE214411","Myeloid",TRUE
0.277986420201709,-1.35629269602051,0,0.001,1,"ADGRB1","GSE214411","Myeloid",TRUE
0.277986420201709,-1.4787542787121,0,0.001,1,"LY6H","GSE214411","Myeloid",TRUE
0.277986420201709,-1.66860412613833,0,0.001,1,"GS1-393G12.14","GSE214411","Myeloid",TRUE
0.277986420201709,-1.35940189323338,0,0.001,1,"ZNF252P-AS1","GSE214411","Myeloid",TRUE
0.277986420201709,-1.84681144997189,0,0.001,1,"XXyac-YRM2039.3","GSE214411","Myeloid",TRUE
0.277986420201709,-1.66034171463439,0,0.001,1,"PGM5P3-AS1","GSE214411","Myeloid",TRUE
0.277986420201709,-1.76599555207505,0,0.001,1,"LINC01388","GSE214411","Myeloid",TRUE
0.277986420201709,-1.38475277035145,0,0.001,1,"MLANA","GSE214411","Myeloid",TRUE
0.277986420201709,-1.0750584795415,0,0.001,1,"SH3GL2","GSE214411","Myeloid",TRUE
0.277986420201709,-1.59693623397628,0,0.001,1,"RP11-378I6.1","GSE214411","Myeloid",TRUE
0.277986420201709,-1.4235786243181,0,0.001,1,"RP11-70L8.4","GSE214411","Myeloid",TRUE
0.277986420201709,-3.24164166104282,0,0.001,1,"PTENP1-AS","GSE214411","Myeloid",TRUE
0.277986420201709,-2.24095560697635,0,0.001,1,"UBE2R2-AS1","GSE214411","Myeloid",TRUE
0.277986420201709,-1.67200010861118,0,0.001,1,"CCIN","GSE214411","Myeloid",TRUE
0.277986420201709,-3.41369179622986,0,0.001,1,"FAM201A","GSE214411","Myeloid",TRUE
0.277986420201709,-1.38073042567109,0,0.001,1,"RP11-111F5.3","GSE214411","Myeloid",TRUE
0.277986420201709,-0.892653156109182,0,0.001,1,"RP11-395E19.6","GSE214411","Myeloid",TRUE
0.277986420201709,-0.911943869186485,0,0.001,1,"ANKRD20A1","GSE214411","Myeloid",TRUE
0.277986420201709,-1.25943190535857,0,0.001,1,"PGM5-AS1.1","GSE214411","Myeloid",TRUE
0.277986420201709,-1.47852726655422,0,0.001,1,"RP11-276H19.2","GSE214411","Myeloid",TRUE
0.277986420201709,-1.24012618977411,0,0.001,1,"RP11-305L7.6","GSE214411","Myeloid",TRUE
0.277986420201709,-2.13461233136346,0,0.001,1,"MIRLET7DHG","GSE214411","Myeloid",TRUE
0.277986420201709,-1.49346877801849,0,0.001,1,"RP11-435O5.6","GSE214411","Myeloid",TRUE
0.277986420201709,-1.66860412613833,0,0.001,1,"ALDOB","GSE214411","Myeloid",TRUE
0.277986420201709,-1.35720528626965,0,0.001,1,"SMC2-AS1","GSE214411","Myeloid",TRUE
0.277986420201709,-1.097561137105,0,0.001,1,"BRINP1","GSE214411","Myeloid",TRUE
0.277986420201709,-3.09635341377884,0,0.001,1,"RP11-64P14.7","GSE214411","Myeloid",TRUE
0.277986420201709,-1.20182513214087,0,0.001,1,"QRFP","GSE214411","Myeloid",TRUE
0.277986420201709,-1.61115389795551,0,0.001,1,"FIBCD1","GSE214411","Myeloid",TRUE
0.277986420201709,-1.32962213192437,0,0.001,1,"STKLD1","GSE214411","Myeloid",TRUE
0.277986420201709,-1.26268709628594,0,0.001,1,"CR392000.1","GSE214411","Myeloid",TRUE
0.277986420201709,-1.72178000535998,0,0.001,1,"RP11-251M1.1","GSE214411","Myeloid",TRUE
0.277986420201709,-1.35940189323338,0,0.001,1,"C9orf173-AS1","GSE214411","Myeloid",TRUE
0.277986420201709,-3.59644949186584,0,0.001,1,"RP11-326C3.15","GSE214411","Myeloid",TRUE
0.277986420201709,-1.77818042352803,0,0.001,1,"RP13-317D12.3","GSE214411","Myeloid",TRUE
0.277986420201709,-1.68956273850402,0,0.001,1,"RP11-496I9.1","GSE214411","Myeloid",TRUE
0.277986420201709,-3.92426169649948,0,0.001,1,"CDHR5","GSE214411","Myeloid",TRUE
0.277986420201709,-1.38139875485109,0,0.001,1,"CEND1","GSE214411","Myeloid",TRUE
0.277986420201709,-0.964806804064869,0,0.001,1,"HBG2","GSE214411","Myeloid",TRUE
0.277986420201709,-0.794488312892376,0,0.001,1,"RP11-318C2.1","GSE214411","Myeloid",TRUE
0.277986420201709,-1.32085485717548,0,0.001,1,"RP11-685M7.3","GSE214411","Myeloid",TRUE
0.277986420201709,-3.09946931886125,0,0.001,1,"KCNJ11","GSE214411","Myeloid",TRUE
0.277986420201709,-1.00814107595334,0,0.001,1,"KCNC1","GSE214411","Myeloid",TRUE
0.277986420201709,-1.68245066418406,0,0.001,1,"SAA2","GSE214411","Myeloid",TRUE
0.277986420201709,-2.24095560697635,0,0.001,1,"BBOX1","GSE214411","Myeloid",TRUE
0.277986420201709,-1.29997641080368,0,0.001,1,"BDNF-AS","GSE214411","Myeloid",TRUE
0.277986420201709,-1.82602812838865,0,0.001,1,"RP11-22P4.2","GSE214411","Myeloid",TRUE
0.277986420201709,-1.34150145511143,0,0.001,1,"RP4-541C22.5","GSE214411","Myeloid",TRUE
0.277986420201709,-1.43756762978226,0,0.001,1,"CTD-2589M5.4","GSE214411","Myeloid",TRUE
0.277986420201709,-2.05741192117237,0,0.001,1,"AGBL2","GSE214411","Myeloid",TRUE
0.277986420201709,-0.921022193561758,0,0.001,1,"RP11-872D17.4","GSE214411","Myeloid",TRUE
0.277986420201709,-1.00440896823698,0,0.001,1,"GLYATL2","GSE214411","Myeloid",TRUE
0.277986420201709,-2.2099112692944,0,0.001,1,"RP11-881M11.2","GSE214411","Myeloid",TRUE
0.277986420201709,-1.26314302745356,0,0.001,1,"RP11-794G24.1","GSE214411","Myeloid",TRUE
0.277986420201709,-1.39798446727563,0,0.001,1,"RP11-703H8.7","GSE214411","Myeloid",TRUE
0.277986420201709,-3.58087910375264,0,0.001,1,"GNG3","GSE214411","Myeloid",TRUE
0.277986420201709,-1.12201589412619,0,0.001,1,"SNX32","GSE214411","Myeloid",TRUE
0.277986420201709,-1.45823121101271,0,0.001,1,"RP11-1167A19.2","GSE214411","Myeloid",TRUE
0.277986420201709,-1.31324043475074,0,0.001,1,"RP5-903G2.2","GSE214411","Myeloid",TRUE
0.277986420201709,-1.11113595356435,0,0.001,1,"AP000593.7","GSE214411","Myeloid",TRUE
0.277986420201709,-1.33327554414307,0,0.001,1,"RP11-809N8.2","GSE214411","Myeloid",TRUE
0.277986420201709,-1.41164276619071,0,0.001,1,"RP11-167N4.2","GSE214411","Myeloid",TRUE
0.277986420201709,-1.52086314132082,0,0.001,1,"RP11-535A19.2","GSE214411","Myeloid",TRUE
0.277986420201709,-0.954948928876497,0,0.001,1,"RP11-727A23.7","GSE214411","Myeloid",TRUE
0.277986420201709,-1.67200010861118,0,0.001,1,"AP000654.4","GSE214411","Myeloid",TRUE
0.277986420201709,-1.04279164187031,0,0.001,1,"GRM5-AS1","GSE214411","Myeloid",TRUE
0.277986420201709,-1.87169287536531,0,0.001,1,"NOX4","GSE214411","Myeloid",TRUE
0.277986420201709,-4.41736761537878,0,0.001,1,"CARD17","GSE214411","Myeloid",TRUE
0.277986420201709,-1.87747622758951,0,0.001,1,"RP11-89C3.3","GSE214411","Myeloid",TRUE
0.277986420201709,-1.53454478893261,0,0.001,1,"TEX12","GSE214411","Myeloid",TRUE
0.277986420201709,-1.44480084550189,0,0.001,1,"AP000462.3","GSE214411","Myeloid",TRUE
0.277986420201709,-3.93856734828437,0,0.001,1,"SCN2B","GSE214411","Myeloid",TRUE
0.277986420201709,-1.64694640943073,0,0.001,1,"RP11-770J1.4","GSE214411","Myeloid",TRUE
0.277986420201709,-3.74110406153877,0,0.001,1,"RP11-110I1.11","GSE214411","Myeloid",TRUE
0.277986420201709,-1.65458889155851,0,0.001,1,"BLID","GSE214411","Myeloid",TRUE
0.277986420201709,-1.59693623397628,0,0.001,1,"MIR100HG","GSE214411","Myeloid",TRUE
0.277986420201709,-1.17481067842724,0,0.001,1,"PATE2","GSE214411","Myeloid",TRUE
0.277986420201709,-1.42213692549461,0,0.001,1,"BARX2","GSE214411","Myeloid",TRUE
0.277986420201709,-1.78307766978745,0,0.001,1,"PRR26","GSE214411","Myeloid",TRUE
0.277986420201709,-1.43756762978226,0,0.001,1,"RP11-184A2.2","GSE214411","Myeloid",TRUE
0.277986420201709,-1.15956004633637,0,0.001,1,"AKR1C2","GSE214411","Myeloid",TRUE
0.277986420201709,-1.77818042352803,0,0.001,1,"CCDC3","GSE214411","Myeloid",TRUE
0.277986420201709,-1.19617490060014,0,0.001,1,"RP11-295P9.12","GSE214411","Myeloid",TRUE
0.277986420201709,-1.02799508826722,0,0.001,1,"RP11-124N14.3","GSE214411","Myeloid",TRUE
0.277986420201709,-0.964806804064869,0,0.001,1,"SPAG6","GSE214411","Myeloid",TRUE
0.277986420201709,-1.06625565974613,0,0.001,1,"PTF1A","GSE214411","Myeloid",TRUE
0.277986420201709,-1.96850793289734,0,0.001,1,"RP11-371A19.2","GSE214411","Myeloid",TRUE
0.277986420201709,-0.848146202767088,0,0.001,1,"CCDC7.1","GSE214411","Myeloid",TRUE
0.277986420201709,-1.36123932406574,0,0.001,1,"RET","GSE214411","Myeloid",TRUE
0.277986420201709,-1.50285514707542,0,0.001,1,"CH17-360D5.2","GSE214411","Myeloid",TRUE
0.277986420201709,-0.812585668214426,0,0.001,1,"FRMPD2","GSE214411","Myeloid",TRUE
0.277986420201709,-3.5093205848082,0,0.001,1,"LINC01553","GSE214411","Myeloid",TRUE
0.277986420201709,-0.837177322388976,0,0.001,1,"RP11-131N11.4","GSE214411","Myeloid",TRUE
0.277986420201709,-1.5639097998196,0,0.001,1,"TMEM26-AS1","GSE214411","Myeloid",TRUE
0.277986420201709,-0.779972685361903,0,0.001,1,"ZNF365","GSE214411","Myeloid",TRUE
0.277986420201709,-0.703349386220383,0,0.001,1,"CTNNA3","GSE214411","Myeloid",TRUE
0.277986420201709,-1.84681144997189,0,0.001,1,"ATOH7","GSE214411","Myeloid",TRUE
0.277986420201709,-1.46318374808851,0,0.001,1,"COL13A1","GSE214411","Myeloid",TRUE
0.277986420201709,-3.21361596504568,0,0.001,1,"LINC00856","GSE214411","Myeloid",TRUE
0.277986420201709,-0.84315248790621,0,0.001,1,"DYDC2","GSE214411","Myeloid",TRUE
0.277986420201709,-1.26375159333119,0,0.001,1,"RP11-96C23.15","GSE214411","Myeloid",TRUE
0.277986420201709,-2.61657266388644,0,0.001,1,"NUTM2A","GSE214411","Myeloid",TRUE
0.277986420201709,-1.15956004633637,0,0.001,1,"NUTM2D","GSE214411","Myeloid",TRUE
0.277986420201709,-1.3955281067123,0,0.001,1,"RP11-149I23.3","GSE214411","Myeloid",TRUE
0.277986420201709,-1.16526480922823,0,0.001,1,"RP11-80H5.7","GSE214411","Myeloid",TRUE
0.277986420201709,-0.980338655801736,0,0.001,1,"CYP26C1","GSE214411","Myeloid",TRUE
0.277986420201709,-1.32866949832978,0,0.001,1,"CYP2C8","GSE214411","Myeloid",TRUE
0.277986420201709,-1.2692627433462,0,0.001,1,"RP11-248J23.7","GSE214411","Myeloid",TRUE
0.277986420201709,-0.663098610785804,0,0.001,1,"ANKRD2","GSE214411","Myeloid",TRUE
0.277986420201709,-1.44106638741934,0,0.001,1,"PLEKHS1","GSE214411","Myeloid",TRUE
0.277986420201709,-1.78225909844155,0,0.001,1,"TDRD1","GSE214411","Myeloid",TRUE
0.277986420201709,-0.892653156109182,0,0.001,1,"ENO4","GSE214411","Myeloid",TRUE
0.277986420201709,-1.19262085321713,0,0.001,1,"LINC00867","GSE214411","Myeloid",TRUE
0.277986420201709,-1.31983308888695,0,0.001,1,"MMP21","GSE214411","Myeloid",TRUE
0.277986420201709,-0.846550622771153,0,0.001,1,"RP11-500G10.5","GSE214411","Myeloid",TRUE
0.277986420201709,-0.710323969037946,0,0.001,1,"RP11-45A17.4","GSE214411","Myeloid",TRUE
0.277986420201709,-1.26428470606485,0,0.001,1,"CFAP46","GSE214411","Myeloid",TRUE
0.277986420201709,-1.16526480922823,0,0.001,1,"RP11-122K13.12","GSE214411","Myeloid",TRUE
0.277986420201709,-0.803154574255586,0,0.001,1,"PRAP1","GSE214411","Myeloid",TRUE
0.277986420201709,-1.60247397699502,0,0.001,1,"RP11-253E3.3","GSE214411","Myeloid",TRUE
0.277986420201709,-1.44480084550189,0,0.001,1,"RP4-761J14.10","GSE214411","Myeloid",TRUE
0.277986420201709,-1.36345260202844,0,0.001,1,"U47924.31","GSE214411","Myeloid",TRUE
0.277986420201709,-3.16869260227877,0,0.001,1,"RP11-273B20.1","GSE214411","Myeloid",TRUE
0.277986420201709,-0.974406567497475,0,0.001,1,"MFAP5","GSE214411","Myeloid",TRUE
0.277986420201709,-1.73779634945686,0,0.001,1,"KLRC4","GSE214411","Myeloid",TRUE
0.277986420201709,-1.32866949832978,0,0.001,1,"TAS2R43","GSE214411","Myeloid",TRUE
0.277986420201709,-3.24164166104282,0,0.001,1,"PRB3","GSE214411","Myeloid",TRUE
0.277986420201709,-1.56824013996859,0,0.001,1,"RP11-359J14.2","GSE214411","Myeloid",TRUE
0.277986420201709,-1.94422707924277,0,0.001,1,"RP11-421F16.3","GSE214411","Myeloid",TRUE
0.277986420201709,-3.9069991655981,0,0.001,1,"RP11-1060J15.9","GSE214411","Myeloid",TRUE
0.277986420201709,-1.15828189787893,0,0.001,1,"RP11-996F15.2","GSE214411","Myeloid",TRUE
0.277986420201709,-1.22972491238245,0,0.001,1,"OVCH1","GSE214411","Myeloid",TRUE
0.277986420201709,-1.31467012554316,0,0.001,1,"RAPGEF3","GSE214411","Myeloid",TRUE
0.277986420201709,-1.61752852630305,0,0.001,1,"RP5-1057I20.5","GSE214411","Myeloid",TRUE
0.277986420201709,-1.2957388703341,0,0.001,1,"FAIM2","GSE214411","Myeloid",TRUE
0.277986420201709,-1.24875961606778,0,0.001,1,"PPP1R1A","GSE214411","Myeloid",TRUE
0.277986420201709,-1.93008579300572,0,0.001,1,"HSD17B6","GSE214411","Myeloid",TRUE
0.277986420201709,-1.4235786243181,0,0.001,1,"RP11-620J15.2","GSE214411","Myeloid",TRUE
0.277986420201709,-2.27180181956487,0,0.001,1,"RP11-620J15.4","GSE214411","Myeloid",TRUE
0.277986420201709,-1.51035261622631,0,0.001,1,"IL26","GSE214411","Myeloid",TRUE
0.277986420201709,-0.647327444584411,0,0.001,1,"LINC01481.1","GSE214411","Myeloid",TRUE
0.277986420201709,-1.46318374808851,0,0.001,1,"TSPAN8","GSE214411","Myeloid",TRUE
0.277986420201709,-0.837177322388976,0,0.001,1,"RP11-530C5.2","GSE214411","Myeloid",TRUE
0.277986420201709,-1.74620547797295,0,0.001,1,"RP11-1109F11.3","GSE214411","Myeloid",TRUE
0.277986420201709,-0.562765385845237,0,0.001,1,"PLEKHG7","GSE214411","Myeloid",TRUE
0.277986420201709,-3.96278397719187,0,0.001,1,"RFX4","GSE214411","Myeloid",TRUE
0.277986420201709,-1.22972491238245,0,0.001,1,"RP11-689B22.2","GSE214411","Myeloid",TRUE
0.277986420201709,-1.50700876988072,0,0.001,1,"RP11-686G8.2","GSE214411","Myeloid",TRUE
0.277986420201709,-0.846185617406919,0,0.001,1,"RP11-493P1.2","GSE214411","Myeloid",TRUE
0.277986420201709,-1.4460868809448,0,0.001,1,"RP11-231I16.1","GSE214411","Myeloid",TRUE
0.277986420201709,-1.57846294794287,0,0.001,1,"KSR2","GSE214411","Myeloid",TRUE
0.277986420201709,-0.562765385845237,0,0.001,1,"SIRT4","GSE214411","Myeloid",TRUE
0.277986420201709,-0.812585668214426,0,0.001,1,"RP13-941N14.1","GSE214411","Myeloid",TRUE
0.277986420201709,-1.54472679815203,0,0.001,1,"RP11-347I19.8","GSE214411","Myeloid",TRUE
0.277986420201709,-1.31593492306064,0,0.001,1,"LINC00944","GSE214411","Myeloid",TRUE
0.277986420201709,-1.63953955078192,0,0.001,1,"RP11-21K12.3","GSE214411","Myeloid",TRUE
0.277986420201709,-0.569497179917917,0,0.001,1,"PIWIL1","GSE214411","Myeloid",TRUE
0.277986420201709,-1.16898421559816,0,0.001,1,"RP11-417L19.4","GSE214411","Myeloid",TRUE
0.277986420201709,-2.71159174124094,0,0.001,1,"GALNT9","GSE214411","Myeloid",TRUE
0.277986420201709,-1.08303489728473,0,0.001,1,"GJA3","GSE214411","Myeloid",TRUE
0.277986420201709,-0.87428138314622,0,0.001,1,"SGCG","GSE214411","Myeloid",TRUE
0.277986420201709,-1.68245066418406,0,0.001,1,"AMER2","GSE214411","Myeloid",TRUE
0.277986420201709,-3.77840299909504,0,0.001,1,"TRPC4","GSE214411","Myeloid",TRUE
0.277986420201709,-0.562765385845237,0,0.001,1,"LINC00571","GSE214411","Myeloid",TRUE
0.277986420201709,-1.06939874151787,0,0.001,1,"STOML3","GSE214411","Myeloid",TRUE
0.277986420201709,-2.15013821898339,0,0.001,1,"LINC00330","GSE214411","Myeloid",TRUE
0.277986420201709,-1.14504963918107,0,0.001,1,"RP11-90M2.5","GSE214411","Myeloid",TRUE
0.277986420201709,-0.718594553105598,0,0.001,1,"RP11-195L15.2","GSE214411","Myeloid",TRUE
0.277986420201709,-1.95242670699356,0,0.001,1,"SERPINE3","GSE214411","Myeloid",TRUE
0.277986420201709,-4.45046447519806,0,0.001,1,"LINC00282","GSE214411","Myeloid",TRUE
0.277986420201709,-3.94819723742723,0,0.001,1,"SLITRK5","GSE214411","Myeloid",TRUE
0.277986420201709,-4.03840266244108,0,0.001,1,"FGF14","GSE214411","Myeloid",TRUE
0.277986420201709,-2.25342778014829,0,0.001,1,"CCDC168","GSE214411","Myeloid",TRUE
0.277986420201709,-3.43660845563147,0,0.001,1,"MYO16","GSE214411","Myeloid",TRUE
0.277986420201709,-1.13959799111269,0,0.001,1,"ATP11A-AS1","GSE214411","Myeloid",TRUE
0.277986420201709,-4.49677843975542,0,0.001,1,"F7","GSE214411","Myeloid",TRUE
0.277986420201709,-1.15828189787893,0,0.001,1,"AL589743.1","GSE214411","Myeloid",TRUE
0.277986420201709,-1.22823708218426,0,0.001,1,"RP11-84C10.4","GSE214411","Myeloid",TRUE
0.277986420201709,-0.904893787934668,0,0.001,1,"RP11-524O1.4","GSE214411","Myeloid",TRUE
0.277986420201709,-0.975099430760952,0,0.001,1,"RP11-298I3.1","GSE214411","Myeloid",TRUE
0.277986420201709,-2.72188463023332,0,0.001,1,"RP11-829H16.3","GSE214411","Myeloid",TRUE
0.277986420201709,-1.29436116773634,0,0.001,1,"RP11-187E13.1","GSE214411","Myeloid",TRUE
0.277986420201709,-2.78189542146689,0,0.001,1,"CTD-2298J14.2","GSE214411","Myeloid",TRUE
0.277986420201709,-1.46130779406862,0,0.001,1,"RP11-406H23.2","GSE214411","Myeloid",TRUE
0.277986420201709,-3.55731766094503,0,0.001,1,"RP11-463J10.3","GSE214411","Myeloid",TRUE
0.277986420201709,-1.37428056869902,0,0.001,1,"RP11-665C16.6","GSE214411","Myeloid",TRUE
0.277986420201709,-1.26375159333119,0,0.001,1,"C14orf105","GSE214411","Myeloid",TRUE
0.277986420201709,-0.812585668214426,0,0.001,1,"CTD-2184C24.2","GSE214411","Myeloid",TRUE
0.277986420201709,-1.64694640943073,0,0.001,1,"HIF1A-AS1","GSE214411","Myeloid",TRUE
0.277986420201709,-0.892653156109182,0,0.001,1,"LINC00643","GSE214411","Myeloid",TRUE
0.277986420201709,-3.78967842784904,0,0.001,1,"ESR2","GSE214411","Myeloid",TRUE
0.277986420201709,-1.66860412613833,0,0.001,1,"GALNT16","GSE214411","Myeloid",TRUE
0.277986420201709,-1.49346877801849,0,0.001,1,"RP6-91H8.5","GSE214411","Myeloid",TRUE
0.277986420201709,-0.569497179917917,0,0.001,1,"ACOT1","GSE214411","Myeloid",TRUE
0.277986420201709,-1.40591914686514,0,0.001,1,"RP11-950C14.7","GSE214411","Myeloid",TRUE
0.277986420201709,-1.44373135855865,0,0.001,1,"C14orf178","GSE214411","Myeloid",TRUE
0.277986420201709,-0.706187847541825,0,0.001,1,"RP11-404P21.6","GSE214411","Myeloid",TRUE
0.277986420201709,-0.621736032863232,0,0.001,1,"LINC00618","GSE214411","Myeloid",TRUE
0.277986420201709,-1.59021783242433,0,0.001,1,"RP11-543C4.1","GSE214411","Myeloid",TRUE
0.277986420201709,-0.779972685361903,0,0.001,1,"CTD-2376I20.1","GSE214411","Myeloid",TRUE
0.277986420201709,-1.36790674907488,0,0.001,1,"RP11-638I2.9","GSE214411","Myeloid",TRUE
0.277986420201709,-1.49346877801849,0,0.001,1,"MEG8","GSE214411","Myeloid",TRUE
0.277986420201709,-3.11360171245202,0,0.001,1,"DIO3","GSE214411","Myeloid",TRUE
0.277986420201709,-0.694162452459084,0,0.001,1,"CTD-2555C10.3","GSE214411","Myeloid",TRUE
0.277986420201709,-4.25324464702444,0,0.001,1,"RP11-736N17.11","GSE214411","Myeloid",TRUE
0.277986420201709,-1.20035610503166,0,0.001,1,"RP11-45P15.4","GSE214411","Myeloid",TRUE
0.277986420201709,-1.06537605982383,0,0.001,1,"RP11-894P9.2","GSE214411","Myeloid",TRUE
0.277986420201709,-1.44683840771379,0,0.001,1,"AHNAK2","GSE214411","Myeloid",TRUE
0.277986420201709,-0.562765385845237,0,0.001,1,"AL928768.3","GSE214411","Myeloid",TRUE
0.277986420201709,-1.57525862155096,0,0.001,1,"RP11-107D24.2","GSE214411","Myeloid",TRUE
0.277986420201709,-1.36930627401606,0,0.001,1,"RP11-680F8.1","GSE214411","Myeloid",TRUE
0.277986420201709,-1.26375159333119,0,0.001,1,"RP11-932O9.8","GSE214411","Myeloid",TRUE
0.277986420201709,-1.56922853100838,0,0.001,1,"RP11-16E12.2","GSE214411","Myeloid",TRUE
0.277986420201709,-1.26375159333119,0,0.001,1,"RP11-3D4.4","GSE214411","Myeloid",TRUE
0.277986420201709,-0.923704662236936,0,0.001,1,"RP11-23P13.4","GSE214411","Myeloid",TRUE
0.277986420201709,-1.26428470606485,0,0.001,1,"CKMT1B","GSE214411","Myeloid",TRUE
0.277986420201709,-1.69354676155674,0,0.001,1,"CTXN2","GSE214411","Myeloid",TRUE
0.277986420201709,-1.21815834851571,0,0.001,1,"CTD-2378E12.1","GSE214411","Myeloid",TRUE
0.277986420201709,-4.46976393383063,0,0.001,1,"GCOM1","GSE214411","Myeloid",TRUE
0.277986420201709,-1.43777906347373,0,0.001,1,"RP11-361D15.2","GSE214411","Myeloid",TRUE
0.277986420201709,-1.27733314200936,0,0.001,1,"CTD-2501E16.2","GSE214411","Myeloid",TRUE
0.277986420201709,-4.52183416227239,0,0.001,1,"RP11-435J9.2","GSE214411","Myeloid",TRUE
0.277986420201709,-1.30449719148092,0,0.001,1,"IGDCC3","GSE214411","Myeloid",TRUE
0.277986420201709,-1.89488902983233,0,0.001,1,"RP11-253M7.4","GSE214411","Myeloid",TRUE
0.277986420201709,-1.33327554414307,0,0.001,1,"GOLGA6A","GSE214411","Myeloid",TRUE
0.277986420201709,-0.621736032863232,0,0.001,1,"ISLR2","GSE214411","Myeloid",TRUE
0.277986420201709,-1.03453203279182,0,0.001,1,"ACSBG1","GSE214411","Myeloid",TRUE
0.277986420201709,-1.24179692568153,0,0.001,1,"RP11-182J1.5","GSE214411","Myeloid",TRUE
0.277986420201709,-1.13959799111269,0,0.001,1,"KIF7","GSE214411","Myeloid",TRUE
0.277986420201709,-0.846185617406919,0,0.001,1,"RP11-697E2.6","GSE214411","Myeloid",TRUE
0.277986420201709,-0.931065870250842,0,0.001,1,"RP11-152L20.3","GSE214411","Myeloid",TRUE
0.277986420201709,-0.90483095552468,0,0.001,1,"RP11-327J17.9","GSE214411","Myeloid",TRUE
0.277986420201709,-1.47773341729582,0,0.001,1,"RP11-327J17.2","GSE214411","Myeloid",TRUE
0.277986420201709,-1.64175278457068,0,0.001,1,"CTD-2147F2.1","GSE214411","Myeloid",TRUE
0.277986420201709,-1.34083684921085,0,0.001,1,"RP11-505E24.2","GSE214411","Myeloid",TRUE
0.277986420201709,-0.770607255136746,0,0.001,1,"RP11-299G20.2","GSE214411","Myeloid",TRUE
0.277986420201709,-0.884585926150153,0,0.001,1,"Z69720.2","GSE214411","Myeloid",TRUE
0.277986420201709,-1.45823121101271,0,0.001,1,"AC004754.3","GSE214411","Myeloid",TRUE
0.277986420201709,-0.703349386220383,0,0.001,1,"LA16c-359F1.1","GSE214411","Myeloid",TRUE
0.277986420201709,-1.00440896823698,0,0.001,1,"LA16c-312E8.2","GSE214411","Myeloid",TRUE
0.277986420201709,-1.43820216722038,0,0.001,1,"AC005363.11","GSE214411","Myeloid",TRUE
0.277986420201709,-1.30598546677563,0,0.001,1,"RP11-304L19.11","GSE214411","Myeloid",TRUE
0.277986420201709,-1.12883816820512,0,0.001,1,"CTD-3126B10.4","GSE214411","Myeloid",TRUE
0.277986420201709,-0.921022193561758,0,0.001,1,"LA16c-325D7.2","GSE214411","Myeloid",TRUE
0.277986420201709,-1.21251362218522,0,0.001,1,"LA16c-306E5.2","GSE214411","Myeloid",TRUE
0.277986420201709,-1.35629269602051,0,0.001,1,"NLRC3","GSE214411","Myeloid",TRUE
0.277986420201709,-0.918066619265662,0,0.001,1,"RP11-165E7.1","GSE214411","Myeloid",TRUE
0.277986420201709,-1.22633095614267,0,0.001,1,"C16orf89","GSE214411","Myeloid",TRUE
0.277986420201709,-0.827957392145688,0,0.001,1,"RP11-77H9.8","GSE214411","Myeloid",TRUE
0.277986420201709,-1.27733314200936,0,0.001,1,"RP11-65J21.1","GSE214411","Myeloid",TRUE
0.277986420201709,-0.621736032863232,0,0.001,1,"NPIPA3","GSE214411","Myeloid",TRUE
0.277986420201709,-0.634583315291504,0,0.001,1,"RP11-626G11.5","GSE214411","Myeloid",TRUE
0.277986420201709,-0.86281521583853,0,0.001,1,"RP11-626G11.1","GSE214411","Myeloid",TRUE
0.277986420201709,-1.23752269863776,0,0.001,1,"RP11-101E7.2","GSE214411","Myeloid",TRUE
0.277986420201709,-0.923704662236936,0,0.001,1,"VWA3A","GSE214411","Myeloid",TRUE
0.277986420201709,-2.88512335094171,0,0.001,1,"RP11-141O15.1","GSE214411","Myeloid",TRUE
0.277986420201709,-1.06939874151787,0,0.001,1,"RP11-21M24.2","GSE214411","Myeloid",TRUE
0.277986420201709,-0.634583315291504,0,0.001,1,"AC002310.7","GSE214411","Myeloid",TRUE
0.277986420201709,-1.1732370239438,0,0.001,1,"RP11-329J18.3","GSE214411","Myeloid",TRUE
0.277986420201709,-1.32479041510369,0,0.001,1,"RP11-327F22.4","GSE214411","Myeloid",TRUE
0.277986420201709,-3.24786677383159,0,0.001,1,"RP11-883G14.1","GSE214411","Myeloid",TRUE
0.277986420201709,-0.913391469028999,0,0.001,1,"RP11-407G23.1","GSE214411","Myeloid",TRUE
0.277986420201709,-3.24164166104282,0,0.001,1,"DRC7","GSE214411","Myeloid",TRUE
0.277986420201709,-1.25001618386838,0,0.001,1,"CES3","GSE214411","Myeloid",TRUE
0.277986420201709,-1.24875961606778,0,0.001,1,"RP11-615I2.6","GSE214411","Myeloid",TRUE
0.277986420201709,-2.1736034968241,0,0.001,1,"CLEC18C","GSE214411","Myeloid",TRUE
0.277986420201709,-1.47852726655422,0,0.001,1,"IL34","GSE214411","Myeloid",TRUE
0.277986420201709,-0.946388821263842,0,0.001,1,"RP11-394B2.6","GSE214411","Myeloid",TRUE
0.277986420201709,-1.09835384456555,0,0.001,1,"TAT","GSE214411","Myeloid",TRUE
0.277986420201709,-1.00746739593771,0,0.001,1,"TAT-AS1","GSE214411","Myeloid",TRUE
0.277986420201709,-2.34717265038398,0,0.001,1,"RP11-77K12.9","GSE214411","Myeloid",TRUE
0.277986420201709,-1.86310180415591,0,0.001,1,"RP11-77K12.10","GSE214411","Myeloid",TRUE
0.277986420201709,-1.9916452131242,0,0.001,1,"RP11-490B18.6","GSE214411","Myeloid",TRUE
0.277986420201709,-1.66860412613833,0,0.001,1,"RP11-70D24.2","GSE214411","Myeloid",TRUE
0.277986420201709,-3.22754116331619,0,0.001,1,"CTD-2542L18.1","GSE214411","Myeloid",TRUE
0.277986420201709,-1.06939874151787,0,0.001,1,"RP11-368I7.4","GSE214411","Myeloid",TRUE
0.277986420201709,-1.66860412613833,0,0.001,1,"RP11-368I7.6","GSE214411","Myeloid",TRUE
0.277986420201709,-1.21815834851571,0,0.001,1,"AC144836.1","GSE214411","Myeloid",TRUE
0.277986420201709,-1.27733314200936,0,0.001,1,"RP11-74E22.8","GSE214411","Myeloid",TRUE
0.277986420201709,-1.42316633247177,0,0.001,1,"TRPV3","GSE214411","Myeloid",TRUE
0.277986420201709,-1.41123917989714,0,0.001,1,"RP11-314A20.2","GSE214411","Myeloid",TRUE
0.277986420201709,-1.45321222512279,0,0.001,1,"RP5-1050D4.5","GSE214411","Myeloid",TRUE
0.277986420201709,-2.09544524474485,0,0.001,1,"WSCD1","GSE214411","Myeloid",TRUE
0.277986420201709,-3.4054698183622,0,0.001,1,"AIPL1","GSE214411","Myeloid",TRUE
0.277986420201709,-1.00746739593771,0,0.001,1,"SOX15","GSE214411","Myeloid",TRUE
0.277986420201709,-1.82390510209253,0,0.001,1,"DNAH2","GSE214411","Myeloid",TRUE
0.277986420201709,-4.38737598334539,0,0.001,1,"ARHGEF15","GSE214411","Myeloid",TRUE
0.277986420201709,-1.68025336954462,0,0.001,1,"RP11-963H4.3","GSE214411","Myeloid",TRUE
0.277986420201709,-1.30897507763451,0,0.001,1,"RP11-680C21.1","GSE214411","Myeloid",TRUE
0.277986420201709,-0.999517447703882,0,0.001,1,"RP11-131K5.2","GSE214411","Myeloid",TRUE
0.277986420201709,-1.42616232355603,0,0.001,1,"TVP23C-CDRT4","GSE214411","Myeloid",TRUE
0.277986420201709,-1.83333731829462,0,0.001,1,"TNFRSF13B","GSE214411","Myeloid",TRUE
0.277986420201709,-1.25268791055744,0,0.001,1,"GRAPL","GSE214411","Myeloid",TRUE
0.277986420201709,-1.16347808669004,0,0.001,1,"EPN2-AS1","GSE214411","Myeloid",TRUE
0.277986420201709,-1.93768504999428,0,0.001,1,"LGALS9B","GSE214411","Myeloid",TRUE
0.277986420201709,-1.86310180415591,0,0.001,1,"RP11-663N22.1","GSE214411","Myeloid",TRUE
0.277986420201709,-1.42740672636527,0,0.001,1,"RP11-218F4.1","GSE214411","Myeloid",TRUE
0.277986420201709,-4.47219669399742,0,0.001,1,"RP11-192H23.7","GSE214411","Myeloid",TRUE
0.277986420201709,-0.84315248790621,0,0.001,1,"AC010761.6","GSE214411","Myeloid",TRUE
0.277986420201709,-1.64694640943073,0,0.001,1,"RP11-20B24.4","GSE214411","Myeloid",TRUE
0.277986420201709,-0.779993318021411,0,0.001,1,"CTD-2349P21.5","GSE214411","Myeloid",TRUE
0.277986420201709,-1.65458889155851,0,0.001,1,"RP5-837J1.4","GSE214411","Myeloid",TRUE
0.277986420201709,-1.47773341729582,0,0.001,1,"MMP28","GSE214411","Myeloid",TRUE
0.277986420201709,-3.11360171245202,0,0.001,1,"CCL15","GSE214411","Myeloid",TRUE
0.277986420201709,-1.64739350566674,0,0.001,1,"TBC1D3B","GSE214411","Myeloid",TRUE
0.277986420201709,-1.3610552966161,0,0.001,1,"C17orf78","GSE214411","Myeloid",TRUE
0.277986420201709,-1.58087700448486,0,0.001,1,"CTB-58E17.5","GSE214411","Myeloid",TRUE
0.277986420201709,-1.25268791055744,0,0.001,1,"NEUROD2","GSE214411","Myeloid",TRUE
0.277986420201709,-0.562765385845237,0,0.001,1,"GJD3","GSE214411","Myeloid",TRUE
0.277986420201709,-1.43178389490458,0,0.001,1,"TNS4","GSE214411","Myeloid",TRUE
0.277986420201709,-3.98914723447719,0,0.001,1,"KRT16","GSE214411","Myeloid",TRUE
0.277986420201709,-0.63826710469289,0,0.001,1,"GAST","GSE214411","Myeloid",TRUE
0.277986420201709,-1.16347808669004,0,0.001,1,"KLHL10","GSE214411","Myeloid",TRUE
0.277986420201709,-1.16212738222312,0,0.001,1,"SP6","GSE214411","Myeloid",TRUE
0.277986420201709,-1.65988571127028,0,0.001,1,"RP11-6N17.6","GSE214411","Myeloid",TRUE
0.277986420201709,-0.846185617406919,0,0.001,1,"IGF2BP1","GSE214411","Myeloid",TRUE
0.277986420201709,-1.13959799111269,0,0.001,1,"RP11-1079K10.4","GSE214411","Myeloid",TRUE
0.277986420201709,-1.43777906347373,0,0.001,1,"DLX4","GSE214411","Myeloid",TRUE
0.277986420201709,-2.47942022174951,0,0.001,1,"C17orf82","GSE214411","Myeloid",TRUE
0.277986420201709,-1.77188239758526,0,0.001,1,"RP11-269G24.3","GSE214411","Myeloid",TRUE
0.277986420201709,-0.874681437778072,0,0.001,1,"RP11-147L13.8","GSE214411","Myeloid",TRUE
0.277986420201709,-1.69659050043658,0,0.001,1,"ABCA10","GSE214411","Myeloid",TRUE
0.277986420201709,-0.714821002964594,0,0.001,1,"LINC01483","GSE214411","Myeloid",TRUE
0.277986420201709,-1.08029126281334,0,0.001,1,"CTD-2246P4.1","GSE214411","Myeloid",TRUE
0.277986420201709,-1.17930988269552,0,0.001,1,"RP11-13K12.1","GSE214411","Myeloid",TRUE
0.277986420201709,-1.03453203279182,0,0.001,1,"RP11-219G17.4","GSE214411","Myeloid",TRUE
0.277986420201709,-0.977534972499813,0,0.001,1,"CTD-2373H9.5","GSE214411","Myeloid",TRUE
0.277986420201709,-4.60002765815758,0,0.001,1,"RP11-353N14.2","GSE214411","Myeloid",TRUE
0.277986420201709,-4.00422608092901,0,0.001,1,"RP13-1032I1.11","GSE214411","Myeloid",TRUE
0.277986420201709,-3.01182767986301,0,0.001,1,"RP13-650J16.1","GSE214411","Myeloid",TRUE
0.277986420201709,-1.432621501965,0,0.001,1,"RP13-991F5.2","GSE214411","Myeloid",TRUE
0.277986420201709,-1.31240129294791,0,0.001,1,"CLUL1","GSE214411","Myeloid",TRUE
0.277986420201709,-2.41744770435204,0,0.001,1,"LINC00470","GSE214411","Myeloid",TRUE
0.277986420201709,-1.61681709470164,0,0.001,1,"RP13-270P17.2","GSE214411","Myeloid",TRUE
0.277986420201709,-1.00814107595334,0,0.001,1,"RP11-143J12.3","GSE214411","Myeloid",TRUE
0.277986420201709,-0.874681437778072,0,0.001,1,"RP11-820I16.1","GSE214411","Myeloid",TRUE
0.277986420201709,-1.25313462605935,0,0.001,1,"RP11-973H7.1","GSE214411","Myeloid",TRUE
0.277986420201709,-0.657030902291648,0,0.001,1,"RP11-739L10.1","GSE214411","Myeloid",TRUE
0.277986420201709,-0.685838617170548,0,0.001,1,"PSMA8","GSE214411","Myeloid",TRUE
0.277986420201709,-1.12201589412619,0,0.001,1,"RP11-549B18.1","GSE214411","Myeloid",TRUE
0.277986420201709,-2.0375132933767,0,0.001,1,"RP11-905K4.1","GSE214411","Myeloid",TRUE
0.277986420201709,-1.58478596854581,0,0.001,1,"KC6","GSE214411","Myeloid",TRUE
0.277986420201709,-1.65776186138828,0,0.001,1,"SLC14A1","GSE214411","Myeloid",TRUE
0.277986420201709,-1.64836326438952,0,0.001,1,"ONECUT2","GSE214411","Myeloid",TRUE
0.277986420201709,-0.779993318021411,0,0.001,1,"RP11-299P2.2","GSE214411","Myeloid",TRUE
0.277986420201709,-3.6406640039983,0,0.001,1,"RP4-545L17.11","GSE214411","Myeloid",TRUE
0.277986420201709,-1.19617490060014,0,0.001,1,"RP11-314N13.3","GSE214411","Myeloid",TRUE
0.277986420201709,-1.69354676155674,0,0.001,1,"ADRA1D","GSE214411","Myeloid",TRUE
0.277986420201709,-4.02119732459946,0,0.001,1,"RP4-742J24.2","GSE214411","Myeloid",TRUE
0.277986420201709,-1.06939874151787,0,0.001,1,"RP4-568C11.4","GSE214411","Myeloid",TRUE
0.277986420201709,-1.67292931207125,0,0.001,1,"RP4-738P15.1","GSE214411","Myeloid",TRUE
0.277986420201709,-1.50700876988072,0,0.001,1,"MYLK2","GSE214411","Myeloid",TRUE
0.277986420201709,-1.50987377674504,0,0.001,1,"BPIFA2","GSE214411","Myeloid",TRUE
0.277986420201709,-1.62829553570336,0,0.001,1,"RP1-63M2.7","GSE214411","Myeloid",TRUE
0.277986420201709,-2.3908410882758,0,0.001,1,"RP5-1125A11.6","GSE214411","Myeloid",TRUE
0.277986420201709,-0.812585668214426,0,0.001,1,"MMP24","GSE214411","Myeloid",TRUE
0.277986420201709,-1.28880755974419,0,0.001,1,"RP4-614O4.11","GSE214411","Myeloid",TRUE
0.277986420201709,-1.50987377674504,0,0.001,1,"GDF5","GSE214411","Myeloid",TRUE
0.277986420201709,-0.811126481156284,0,0.001,1,"RP4-616B8.5","GSE214411","Myeloid",TRUE
0.277986420201709,-3.97424907951301,0,0.001,1,"PLCG1-AS1","GSE214411","Myeloid",TRUE
0.277986420201709,-0.562765385845237,0,0.001,1,"RP1-148H17.1","GSE214411","Myeloid",TRUE
0.277986420201709,-3.70624245284882,0,0.001,1,"KCNB1","GSE214411","Myeloid",TRUE
0.277986420201709,-3.65261053675122,0,0.001,1,"PTGIS","GSE214411","Myeloid",TRUE
0.277986420201709,-1.24875961606778,0,0.001,1,"RP4-800J21.3","GSE214411","Myeloid",TRUE
0.277986420201709,-1.44319736623993,0,0.001,1,"STX16-NPEPL1","GSE214411","Myeloid",TRUE
0.277986420201709,-1.20182513214087,0,0.001,1,"RP1-309F20.3","GSE214411","Myeloid",TRUE
0.277986420201709,-1.30449719148092,0,0.001,1,"RP1-309F20.4","GSE214411","Myeloid",TRUE
0.277986420201709,-1.2987504087863,0,0.001,1,"RP11-93B14.10","GSE214411","Myeloid",TRUE
0.277986420201709,-0.938728850500022,0,0.001,1,"RP5-963E22.6","GSE214411","Myeloid",TRUE
0.277986420201709,-1.59693623397628,0,0.001,1,"NKAIN4","GSE214411","Myeloid",TRUE
0.277986420201709,-0.765654937466797,0,0.001,1,"RTEL1","GSE214411","Myeloid",TRUE
0.277986420201709,-0.812469584936109,0,0.001,1,"LINC00266-1","GSE214411","Myeloid",TRUE
0.277986420201709,-1.53454478893261,0,0.001,1,"AC005775.2","GSE214411","Myeloid",TRUE
0.277986420201709,-1.59021783242433,0,0.001,1,"HCN2","GSE214411","Myeloid",TRUE
0.277986420201709,-1.1231361033952,0,0.001,1,"PRSS57","GSE214411","Myeloid",TRUE
0.277986420201709,-1.66247391211606,0,0.001,1,"AC006273.5","GSE214411","Myeloid",TRUE
0.277986420201709,-4.12259362800797,0,0.001,1,"ONECUT3","GSE214411","Myeloid",TRUE
0.277986420201709,-1.60946466884,0,0.001,1,"AC005944.2","GSE214411","Myeloid",TRUE
0.277986420201709,-0.562765385845237,0,0.001,1,"C19orf71","GSE214411","Myeloid",TRUE
0.277986420201709,-1.27561498018374,0,0.001,1,"AC005954.4","GSE214411","Myeloid",TRUE
0.277986420201709,-1.38139875485109,0,0.001,1,"AC007292.4","GSE214411","Myeloid",TRUE
0.277986420201709,-1.06033124634439,0,0.001,1,"CTC-482H14.5","GSE214411","Myeloid",TRUE
0.277986420201709,-1.59363666592435,0,0.001,1,"CATSPERD","GSE214411","Myeloid",TRUE
0.277986420201709,-1.94899954395561,0,0.001,1,"AC024592.12","GSE214411","Myeloid",TRUE
0.277986420201709,-1.64679744529496,0,0.001,1,"LRRC8E","GSE214411","Myeloid",TRUE
0.277986420201709,-0.874681437778072,0,0.001,1,"CTD-3193O13.14","GSE214411","Myeloid",TRUE
0.277986420201709,-1.13214699778694,0,0.001,1,"ZNF559-ZNF177","GSE214411","Myeloid",TRUE
0.277986420201709,-0.710323969037946,0,0.001,1,"CTD-2342J14.6","GSE214411","Myeloid",TRUE
0.277986420201709,-1.58967253354718,0,0.001,1,"CTC-499B15.5","GSE214411","Myeloid",TRUE
0.277986420201709,-1.91184785259415,0,0.001,1,"ZNF878","GSE214411","Myeloid",TRUE
0.277986420201709,-1.80226405742133,0,0.001,1,"BEST2","GSE214411","Myeloid",TRUE
0.277986420201709,-1.94083628518631,0,0.001,1,"MAST1","GSE214411","Myeloid",TRUE
0.277986420201709,-1.77818042352803,0,0.001,1,"OR7C1","GSE214411","Myeloid",TRUE
0.277986420201709,-3.24164166104282,0,0.001,1,"AC004791.2","GSE214411","Myeloid",TRUE
0.277986420201709,-0.893319511205489,0,0.001,1,"CTD-2521M24.6","GSE214411","Myeloid",TRUE
0.277986420201709,-3.86111388357684,0,0.001,1,"B3GNT3","GSE214411","Myeloid",TRUE
0.277986420201709,-0.91790318389636,0,0.001,1,"HAPLN4","GSE214411","Myeloid",TRUE
0.277986420201709,-0.803154574255586,0,0.001,1,"TM6SF2","GSE214411","Myeloid",TRUE
0.277986420201709,-1.77818042352803,0,0.001,1,"RP11-420K14.8","GSE214411","Myeloid",TRUE
0.277986420201709,-1.04021748235357,0,0.001,1,"ZNF98","GSE214411","Myeloid",TRUE
0.277986420201709,-1.71185438897869,0,0.001,1,"CTB-32O4.2","GSE214411","Myeloid",TRUE
0.277986420201709,-1.28880755974419,0,0.001,1,"TDRD12","GSE214411","Myeloid",TRUE
0.277986420201709,-0.647327444584411,0,0.001,1,"CTC-523E23.1","GSE214411","Myeloid",TRUE
0.277986420201709,-3.98914723447719,0,0.001,1,"CTC-523E23.11","GSE214411","Myeloid",TRUE
0.277986420201709,-1.13652127807843,0,0.001,1,"MAG","GSE214411","Myeloid",TRUE
0.277986420201709,-0.765654937466797,0,0.001,1,"FFAR1","GSE214411","Myeloid",TRUE
0.277986420201709,-1.30598546677563,0,0.001,1,"SBSN","GSE214411","Myeloid",TRUE
0.277986420201709,-0.918066619265662,0,0.001,1,"UPK1A","GSE214411","Myeloid",TRUE
0.277986420201709,-0.562765385845237,0,0.001,1,"ZBTB32","GSE214411","Myeloid",TRUE
0.277986420201709,-0.693231893633873,0,0.001,1,"CTD-3162L10.1","GSE214411","Myeloid",TRUE
0.277986420201709,-0.81388905367087,0,0.001,1,"ZNF540","GSE214411","Myeloid",TRUE
0.277986420201709,-2.27518441137319,0,0.001,1,"SELV","GSE214411","Myeloid",TRUE
0.277986420201709,-3.97424907951301,0,0.001,1,"CXCL17","GSE214411","Myeloid",TRUE
0.277986420201709,-3.7939338220614,0,0.001,1,"LLNLF-187D8.1","GSE214411","Myeloid",TRUE
0.277986420201709,-0.86281521583853,0,0.001,1,"DACT3-AS1","GSE214411","Myeloid",TRUE
0.277986420201709,-1.61752852630305,0,0.001,1,"NPAS1","GSE214411","Myeloid",TRUE
0.277986420201709,-0.87428138314622,0,0.001,1,"CTC-241F20.4","GSE214411","Myeloid",TRUE
0.277986420201709,-4.41736761537878,0,0.001,1,"HRC","GSE214411","Myeloid",TRUE
0.277986420201709,-1.3955281067123,0,0.001,1,"AC018766.4","GSE214411","Myeloid",TRUE
0.277986420201709,-2.74892558756042,0,0.001,1,"CTD-2126E3.4","GSE214411","Myeloid",TRUE
0.277986420201709,-1.20585530327858,0,0.001,1,"CTD-2616J11.2","GSE214411","Myeloid",TRUE
0.277986420201709,-2.11038688085313,0,0.001,1,"CACNG7","GSE214411","Myeloid",TRUE
0.277986420201709,-1.35629269602051,0,0.001,1,"KIR3DX1","GSE214411","Myeloid",TRUE
0.277986420201709,-4.13562956684725,0,0.001,1,"ZIM2-AS1","GSE214411","Myeloid",TRUE
0.277986420201709,-1.21968435258869,0,0.001,1,"CTD-2619J13.17","GSE214411","Myeloid",TRUE
0.277986420201709,-1.61497105752264,0,0.001,1,"PCDH11Y","GSE214411","Myeloid",TRUE
0.277986420201709,-1.63572103128298,0,0.001,1,"AC006946.16","GSE214411","Myeloid",TRUE
0.277986420201709,-1.27561498018374,0,0.001,1,"PRODH","GSE214411","Myeloid",TRUE
0.277986420201709,-2.93502766056503,0,0.001,1,"CCDC188","GSE214411","Myeloid",TRUE
0.277986420201709,-1.5639097998196,0,0.001,1,"LRRC74B","GSE214411","Myeloid",TRUE
0.277986420201709,-1.09555965528721,0,0.001,1,"PCAT14","GSE214411","Myeloid",TRUE
0.277986420201709,-0.706187847541825,0,0.001,1,"KB-208E9.1","GSE214411","Myeloid",TRUE
0.277986420201709,-2.2099112692944,0,0.001,1,"VPREB3","GSE214411","Myeloid",TRUE
0.277986420201709,-1.30673123323328,0,0.001,1,"KB-1125A3.12","GSE214411","Myeloid",TRUE
0.277986420201709,-1.722613700354,0,0.001,1,"AP000350.5","GSE214411","Myeloid",TRUE
0.277986420201709,-1.18721107446325,0,0.001,1,"SUSD2","GSE214411","Myeloid",TRUE
0.277986420201709,-4.39194493704434,0,0.001,1,"RP4-539M6.14","GSE214411","Myeloid",TRUE
0.277986420201709,-0.569497179917917,0,0.001,1,"RP11-247I13.11","GSE214411","Myeloid",TRUE
0.277986420201709,-3.24164166104282,0,0.001,1,"RP1-151B14.6","GSE214411","Myeloid",TRUE
0.277986420201709,-1.25313462605935,0,0.001,1,"ELFN2","GSE214411","Myeloid",TRUE
0.277986420201709,-0.771525055097509,0,0.001,1,"PDXP","GSE214411","Myeloid",TRUE
0.277986420201709,-1.48687071814087,0,0.001,1,"GALR3","GSE214411","Myeloid",TRUE
0.277986420201709,-1.74551517043639,0,0.001,1,"RP5-1039K5.17","GSE214411","Myeloid",TRUE
0.277986420201709,-1.13652127807843,0,0.001,1,"CTA-223H9.9","GSE214411","Myeloid",TRUE
0.277986420201709,-1.38139875485109,0,0.001,1,"SCUBE1","GSE214411","Myeloid",TRUE
0.277986420201709,-1.32962213192437,0,0.001,1,"PRR5-ARHGAP8","GSE214411","Myeloid",TRUE
0.277986420201709,-1.82198048141614,0,0.001,1,"CTA-217C2.2","GSE214411","Myeloid",TRUE
0.277986420201709,-0.980338655801736,0,0.001,1,"GTSE1-AS1","GSE214411","Myeloid",TRUE
0.277986420201709,-1.63909780580064,0,0.001,1,"AF127936.3","GSE214411","Myeloid",TRUE
0.277986420201709,-1.31240129294791,0,0.001,1,"AP000473.5","GSE214411","Myeloid",TRUE
0.277986420201709,-1.49451735176661,0,0.001,1,"AF131217.1","GSE214411","Myeloid",TRUE
0.277986420201709,-1.44319736623993,0,0.001,1,"HUNK","GSE214411","Myeloid",TRUE
0.277986420201709,-1.97945692824355,0,0.001,1,"LINC00310","GSE214411","Myeloid",TRUE
0.277986420201709,-1.21415874352424,0,0.001,1,"LINC01426","GSE214411","Myeloid",TRUE
0.277986420201709,-1.31983308888695,0,0.001,1,"RIPPLY3","GSE214411","Myeloid",TRUE
0.277986420201709,-1.7902119244641,0,0.001,1,"B3GALT5-AS1","GSE214411","Myeloid",TRUE
0.277986420201709,-1.07361122701135,0,0.001,1,"UMODL1","GSE214411","Myeloid",TRUE
0.277986420201709,-1.82390510209253,0,0.001,1,"TSPEAR-AS2","GSE214411","Myeloid",TRUE
0.277986420201709,-1.40591914686514,0,0.001,1,"FTCD","GSE214411","Myeloid",TRUE
0.277986420201709,-1.06939874151787,0,0.001,1,"RP11-413P11.1","GSE214411","Myeloid",TRUE
0.277986420201709,-0.647327444584411,0,0.001,1,"RP11-195M16.3","GSE214411","Myeloid",TRUE
0.277986420201709,-0.709746407078152,0,0.001,1,"VHLL","GSE214411","Myeloid",TRUE
0.277986420201709,-1.64286222822882,0,0.001,1,"FCRLA","GSE214411","Myeloid",TRUE
0.277986420201709,-1.4899869138664,0,0.001,1,"AC159540.2","GSE214411","Myeloid",TRUE
0.277986420201709,-1.25634810518258,0,0.001,1,"RP11-521O16.1","GSE214411","Myeloid",TRUE
0.277986420201709,-1.14896002798434,0,0.001,1,"AC018890.6","GSE214411","Myeloid",TRUE
0.277986420201709,-1.79593440324937,0,0.001,1,"CASR","GSE214411","Myeloid",TRUE
0.277986420201709,-0.87428138314622,0,0.001,1,"RP11-742B18.1","GSE214411","Myeloid",TRUE
0.277986420201709,-0.909067528420925,0,0.001,1,"RP11-145G20.1","GSE214411","Myeloid",TRUE
0.277986420201709,-0.938972188712798,0,0.001,1,"RP11-260E18.1","GSE214411","Myeloid",TRUE
0.277986420201709,-1.04223861138221,0,0.001,1,"GLRA1","GSE214411","Myeloid",TRUE
0.277986420201709,-0.848146202767088,0,0.001,1,"CBY3","GSE214411","Myeloid",TRUE
0.277986420201709,-1.36068743153298,0,0.001,1,"RP11-274H24.1","GSE214411","Myeloid",TRUE
0.277986420201709,-1.72178000535998,0,0.001,1,"HCRTR2","GSE214411","Myeloid",TRUE
0.277986420201709,-0.776203114334248,0,0.001,1,"TBX18","GSE214411","Myeloid",TRUE
0.277986420201709,-1.26957072800645,0,0.001,1,"LINC00326","GSE214411","Myeloid",TRUE
0.277986420201709,-1.30169779484617,0,0.001,1,"GS1-114I9.3","GSE214411","Myeloid",TRUE
0.277986420201709,-1.03453203279182,0,0.001,1,"RP13-580B18.4","GSE214411","Myeloid",TRUE
0.277986420201709,-1.68025336954462,0,0.001,1,"GS1-590J6.3","GSE214411","Myeloid",TRUE
0.277986420201709,-0.938972188712798,0,0.001,1,"RNF128","GSE214411","Myeloid",TRUE
0.277986420201709,-3.97424907951301,0,0.001,1,"GPR50-AS1","GSE214411","Myeloid",TRUE
0.277986420201709,-3.93856734828437,0,0.001,1,"RP11-333A23.4","GSE214411","Myeloid",TRUE
0.277986420201709,-3.51718518840824,0,0.001,1,"CTC-343N3.1","GSE214411","Myeloid",TRUE
0.277986420201709,-1.29436116773634,0,0.001,1,"CTD-2589M5.5","GSE214411","Myeloid",TRUE
0.277986420201709,-1.08395352984861,0,0.001,1,"RP11-881M11.1","GSE214411","Myeloid",TRUE
0.277986420201709,-1.43136555636685,0,0.001,1,"RP11-158I9.5","GSE214411","Myeloid",TRUE
0.277986420201709,-1.43777906347373,0,0.001,1,"RP11-227H15.4","GSE214411","Myeloid",TRUE
0.277986420201709,-1.208697280853,0,0.001,1,"PRLHR","GSE214411","Myeloid",TRUE
0.277986420201709,-4.43381018655707,0,0.001,1,"FAM186A","GSE214411","Myeloid",TRUE
0.277986420201709,-1.06033124634439,0,0.001,1,"RP11-114H23.1","GSE214411","Myeloid",TRUE
0.277986420201709,-0.845197123116346,0,0.001,1,"RP11-114F10.3","GSE214411","Myeloid",TRUE
0.277986420201709,-3.47947113743185,0,0.001,1,"ACSM2A","GSE214411","Myeloid",TRUE
0.277986420201709,-1.52908438799655,0,0.001,1,"CHST5","GSE214411","Myeloid",TRUE
0.277986420201709,-1.09090928997723,0,0.001,1,"C17orf74","GSE214411","Myeloid",TRUE
0.277986420201709,-3.25682001219411,0,0.001,1,"RP11-893F2.6","GSE214411","Myeloid",TRUE
0.277986420201709,-4.6027164399708,0,0.001,1,"FADS6","GSE214411","Myeloid",TRUE
0.277986420201709,-0.874681437778072,0,0.001,1,"CTD-3096M3.2","GSE214411","Myeloid",TRUE
0.277986420201709,-3.66467766891955,0,0.001,1,"RP11-267C16.1","GSE214411","Myeloid",TRUE
0.277986420201709,-1.64679744529496,0,0.001,1,"LINC00237","GSE214411","Myeloid",TRUE
0.277986420201709,-3.41369179622986,0,0.001,1,"GTSF1L","GSE214411","Myeloid",TRUE
0.277986420201709,-1.24875961606778,0,0.001,1,"LL22NC03-N95F10.1","GSE214411","Myeloid",TRUE
0.277986420201709,-1.80226405742133,0,0.001,1,"CTA-407F11.7","GSE214411","Myeloid",TRUE
0.277986420201709,-1.08395352984861,0,0.001,1,"SSTR3","GSE214411","Myeloid",TRUE
0.277986420201709,-3.47620112014098,0,0.001,1,"MPPED1","GSE214411","Myeloid",TRUE
0.277986420201709,-1.82602812838865,0,0.001,1,"LL22NC03-75H12.2","GSE214411","Myeloid",TRUE
0.277986420201709,-1.6638482593008,0,0.001,1,"MYBPH","GSE214411","Myeloid",TRUE
0.277986420201709,-0.562765385845237,0,0.001,1,"RGPD1","GSE214411","Myeloid",TRUE
0.277986420201709,-2.33621451467613,0,0.001,1,"RP11-660M5.1","GSE214411","Myeloid",TRUE
0.277986420201709,-1.48560587180851,0,0.001,1,"PPBP","GSE214411","Myeloid",TRUE
0.277986420201709,-1.64739350566674,0,0.001,1,"RP11-13P5.1","GSE214411","Myeloid",TRUE
0.277986420201709,-0.874681437778072,0,0.001,1,"AC002480.2","GSE214411","Myeloid",TRUE
0.277986420201709,-1.21422741531056,0,0.001,1,"FLJ42969","GSE214411","Myeloid",TRUE
0.277986420201709,-1.0750584795415,0,0.001,1,"RP11-661A12.12","GSE214411","Myeloid",TRUE
0.277986420201709,-1.30532347562409,0,0.001,1,"AP000462.2","GSE214411","Myeloid",TRUE
0.277986420201709,-1.2957388703341,0,0.001,1,"RP11-433J20.1","GSE214411","Myeloid",TRUE
0.277986420201709,-3.71953178066524,0,0.001,1,"RP11-834C11.11","GSE214411","Myeloid",TRUE
0.277986420201709,-1.13959799111269,0,0.001,1,"RP11-968A15.2","GSE214411","Myeloid",TRUE
0.277986420201709,-2.0375132933767,0,0.001,1,"RP3-449M8.6","GSE214411","Myeloid",TRUE
0.277986420201709,-1.30169779484617,0,0.001,1,"GLP2R","GSE214411","Myeloid",TRUE
0.277986420201709,-2.83601977670772,0,0.001,1,"IGLV3-1","GSE214411","Myeloid",TRUE
0.277986420201709,-1.68245066418406,0,0.001,1,"AP001065.15","GSE214411","Myeloid",TRUE
0.277986420201709,-2.19125611331325,0,0.001,1,"LYPD2","GSE214411","Myeloid",TRUE
0.277986420201709,-1.25694829949618,0,0.001,1,"FAM166A","GSE214411","Myeloid",TRUE
0.277986420201709,-1.62930969115813,0,0.001,1,"ESRRB","GSE214411","Myeloid",TRUE
0.277986420201709,-2.71159174124094,0,0.001,1,"AC005304.1","GSE214411","Myeloid",TRUE
0.277986420201709,-1.48023200848774,0,0.001,1,"C1orf147","GSE214411","Myeloid",TRUE
0.277986420201709,-2.53536157542631,0,0.001,1,"HCP5B","GSE214411","Myeloid",TRUE
0.277986420201709,-0.706187847541825,0,0.001,1,"SIM1","GSE214411","Myeloid",TRUE
0.277986420201709,-1.66247391211606,0,0.001,1,"RP11-409I10.2","GSE214411","Myeloid",TRUE
0.277986420201709,-0.569497179917917,0,0.001,1,"RP11-815J21.3","GSE214411","Myeloid",TRUE
0.277986420201709,-1.34841853984631,0,0.001,1,"RP11-165M1.3","GSE214411","Myeloid",TRUE
0.277986420201709,-0.621736032863232,0,0.001,1,"AC005324.6","GSE214411","Myeloid",TRUE
0.277986420201709,-4.57081016614502,0,0.001,1,"SERPINB4","GSE214411","Myeloid",TRUE
0.277986420201709,-1.06537605982383,0,0.001,1,"RP4-791M13.4","GSE214411","Myeloid",TRUE
0.277986420201709,-1.0731133657618,0,0.001,1,"FCAMR","GSE214411","Myeloid",TRUE
0.277986420201709,-1.08395352984861,0,0.001,1,"RP1-67K17.3","GSE214411","Myeloid",TRUE
0.277986420201709,-1.41123917989714,0,0.001,1,"RP13-631K18.2","GSE214411","Myeloid",TRUE
0.277986420201709,-1.48687071814087,0,0.001,1,"RP5-1085F17.4","GSE214411","Myeloid",TRUE
0.277986420201709,-1.09090928997723,0,0.001,1,"RP4-644L1.2","GSE214411","Myeloid",TRUE
0.277986420201709,-0.660872957812893,0,0.001,1,"TEX101","GSE214411","Myeloid",TRUE
0.277986420201709,-0.663098610785804,0,0.001,1,"RP11-552D4.1","GSE214411","Myeloid",TRUE
0.277986420201709,-1.328150613239,0,0.001,1,"RP11-779O18.1","GSE214411","Myeloid",TRUE
0.277986420201709,-1.11464017793717,0,0.001,1,"CTD-2527I21.14","GSE214411","Myeloid",TRUE
0.277986420201709,-1.84681144997189,0,0.001,1,"HTR2C","GSE214411","Myeloid",TRUE
0.277986420201709,-1.44138552631726,0,0.001,1,"OR2AT4","GSE214411","Myeloid",TRUE
0.277986420201709,-1.6193819469775,0,0.001,1,"RP11-298E9.5","GSE214411","Myeloid",TRUE
0.277986420201709,-1.43756762978226,0,0.001,1,"NGB","GSE214411","Myeloid",TRUE
0.277986420201709,-1.29606358108171,0,0.001,1,"RP4-614C15.2","GSE214411","Myeloid",TRUE
0.277986420201709,-1.24875961606778,0,0.001,1,"RP11-472G21.2","GSE214411","Myeloid",TRUE
0.277986420201709,-1.0341709745128,0,0.001,1,"RP11-923I11.4","GSE214411","Myeloid",TRUE
0.277986420201709,-0.845197123116346,0,0.001,1,"TBC1D26.1","GSE214411","Myeloid",TRUE
0.277986420201709,-3.63816410380424,0,0.001,1,"ST8SIA3","GSE214411","Myeloid",TRUE
0.277986420201709,-0.998078826652497,0,0.001,1,"VSX1","GSE214411","Myeloid",TRUE
0.277986420201709,-0.569497179917917,0,0.001,1,"RP4-640H8.2","GSE214411","Myeloid",TRUE
0.277986420201709,-1.34403463233359,0,0.001,1,"IGLV8-61","GSE214411","Myeloid",TRUE
0.277986420201709,-1.92664643610114,0,0.001,1,"RP11-1080G15.1","GSE214411","Myeloid",TRUE
0.277986420201709,-1.02498785026952,0,0.001,1,"MCM8-AS1","GSE214411","Myeloid",TRUE
0.277986420201709,-1.50155568502353,0,0.001,1,"CTC-338M12.9","GSE214411","Myeloid",TRUE
0.278010209283894,-0.568724879607071,0.069,0.081,1,"PRPF3","GSE214411","Myeloid",TRUE
0.278204374400767,-2.36937839582438,0.006,0.011,1,"THSD4","GSE214411","Myeloid",TRUE
0.278393995491501,-0.316340747316431,0.071,0.083,1,"ATE1","GSE214411","Myeloid",TRUE
0.278414987223325,-1.28732673691748,0.006,0.011,1,"RP11-573D15.2","GSE214411","Myeloid",TRUE
0.278680359358947,-0.718203187217437,0.056,0.066,1,"ZNF121","GSE214411","Myeloid",TRUE
0.278823904216481,-0.321724649865807,0.123,0.136,1,"OPA1","GSE214411","Myeloid",TRUE
0.278973865691067,-0.42298171947267,0.025,0.033,1,"CTD-3138B18.5","GSE214411","Myeloid",TRUE
0.278977243274038,-0.555730685396733,0.026,0.034,1,"CEP162","GSE214411","Myeloid",TRUE
0.279049740013096,0.174474751426751,0.196,0.211,1,"TROVE2","GSE214411","Myeloid",TRUE
0.279233132378609,0.164489727706057,0.145,0.125,1,"PLGRKT","GSE214411","Myeloid",TRUE
0.279246083700917,0.314315098272351,0.126,0.108,1,"ANTXR2","GSE214411","Myeloid",TRUE
0.279557237178518,-0.176159287084387,0.076,0.088,1,"TFCP2","GSE214411","Myeloid",TRUE
0.279836383199221,0.549886838139282,0.046,0.056,1,"PEX3","GSE214411","Myeloid",TRUE
0.279892314842689,-1.16489531256331,0.006,0.011,1,"GOLGA8R","GSE214411","Myeloid",TRUE
0.280014749549227,0.687821413251754,0.022,0.016,1,"SIGLEC5","GSE214411","Myeloid",TRUE
0.280023735392548,0.90453675984837,0.093,0.078,1,"TGIF2","GSE214411","Myeloid",TRUE
0.280103795723525,-2.24888837872219,0.006,0.011,1,"ZDHHC19","GSE214411","Myeloid",TRUE
0.280103795723525,-1.91453992055274,0.006,0.011,1,"NMT2","GSE214411","Myeloid",TRUE
0.280120001854419,0.0526504944353703,0.075,0.061,1,"TCEA2","GSE214411","Myeloid",TRUE
0.280217810581373,-0.0865959691907279,0.166,0.181,1,"LARP4B","GSE214411","Myeloid",TRUE
0.280224262089693,0.0920038549992466,0.066,0.078,1,"CHUK","GSE214411","Myeloid",TRUE
0.280314223585185,0.277249148222902,0.215,0.228,1,"CALCOCO2","GSE214411","Myeloid",TRUE
0.280315385148007,-1.96251555381881,0.006,0.011,1,"CELSR2","GSE214411","Myeloid",TRUE
0.280510921967694,-0.567377532985094,0.027,0.035,1,"MTERF2","GSE214411","Myeloid",TRUE
0.280733457647018,-0.779158298855358,0.027,0.035,1,"GFM2","GSE214411","Myeloid",TRUE
0.280791570496529,1.36474003751023,0.011,0.006,1,"MANSC1","GSE214411","Myeloid",TRUE
0.28095401464624,-0.0519968897446748,0.057,0.068,1,"NCAPH2","GSE214411","Myeloid",TRUE
0.281162828440346,-0.645427578952475,0.006,0.011,1,"VWA1","GSE214411","Myeloid",TRUE
0.281162828440346,-0.925982956672122,0.006,0.011,1,"KCTD1","GSE214411","Myeloid",TRUE
0.28116544035364,-0.489879602545663,0.154,0.164,1,"RARS","GSE214411","Myeloid",TRUE
0.281374960701125,-0.736438668385389,0.006,0.011,1,"IFT140","GSE214411","Myeloid",TRUE
0.281409936596986,1.66253101256993,0.011,0.006,1,"ME3","GSE214411","Myeloid",TRUE
0.281466628164169,-0.267171244402453,0.209,0.219,1,"QARS","GSE214411","Myeloid",TRUE
0.281587201552461,0.306451784659633,0.006,0.011,1,"TXNRD3","GSE214411","Myeloid",TRUE
0.2816083445081,0.706286518820788,0.066,0.055,1,"UCK2","GSE214411","Myeloid",TRUE
0.281799551002015,-0.362172091398687,0.006,0.011,1,"EPHB4","GSE214411","Myeloid",TRUE
0.281866160122756,-0.0581148201295087,0.157,0.172,1,"CARS2","GSE214411","Myeloid",TRUE
0.281914506554577,0.327669951187307,0.047,0.057,1,"POLR1E","GSE214411","Myeloid",TRUE
0.281914698070968,-0.266154526963553,0.109,0.091,1,"RUBCN","GSE214411","Myeloid",TRUE
0.281972508005425,0.405837012520295,0.713,0.742,1,"PLEK","GSE214411","Myeloid",TRUE
0.282164913196047,-0.347666898289709,0.016,0.011,1,"ERBB2","GSE214411","Myeloid",TRUE
0.282220150960365,0.101305819351241,0.093,0.105,1,"UBR3","GSE214411","Myeloid",TRUE
0.282423118397843,-0.57305902550212,0.037,0.046,1,"MRI1","GSE214411","Myeloid",TRUE
0.282454639489812,-0.138405540812884,0.199,0.211,1,"MARCH2","GSE214411","Myeloid",TRUE
0.282541536436176,1.09364915004556,0.13,0.114,1,"CHTF8","GSE214411","Myeloid",TRUE
0.282649439427716,-1.03192864552854,0.011,0.006,1,"BCKDHA","GSE214411","Myeloid",TRUE
0.282650034934044,-0.910170863815344,0.006,0.011,1,"IL19","GSE214411","Myeloid",TRUE
0.282846269234314,-0.0286211537072687,0.21,0.185,1,"FUBP1","GSE214411","Myeloid",TRUE
0.282856382469634,0.570802796982528,0.011,0.006,1,"POPDC2","GSE214411","Myeloid",TRUE
0.282948697467419,-0.722890979056238,0.04,0.049,1,"S100Z","GSE214411","Myeloid",TRUE
0.282979489856328,-0.356664119820425,0.141,0.15,1,"POM121C","GSE214411","Myeloid",TRUE
0.283115833238816,-0.159549611460901,0.226,0.237,1,"CDC5L","GSE214411","Myeloid",TRUE
0.283117216004725,0.337667972532534,0.219,0.197,1,"PAFAH1B2","GSE214411","Myeloid",TRUE
0.283289038533013,0.677477846707932,0.006,0.011,1,"NBEA","GSE214411","Myeloid",TRUE
0.28347782756626,1.75444793848002,0.011,0.006,1,"RP4-549L20.3","GSE214411","Myeloid",TRUE
0.28349506278986,1.0397027586427,0.069,0.057,1,"DHX34","GSE214411","Myeloid",TRUE
0.283502257038677,-0.37929986440265,0.006,0.011,1,"MORN1","GSE214411","Myeloid",TRUE
0.283518678476837,0.34008963376898,0.179,0.156,1,"SNX1","GSE214411","Myeloid",TRUE
0.283601204787923,0.060670135040934,0.666,0.756,1,"ATP5L","GSE214411","Myeloid",TRUE
0.283712921182008,-0.332634524300656,0.097,0.109,1,"DRG2","GSE214411","Myeloid",TRUE
0.283929020052608,-0.527997274391025,0.006,0.011,1,"ZSCAN12","GSE214411","Myeloid",TRUE
0.283930002782833,0.0204279114678259,0.111,0.124,1,"FOXJ3","GSE214411","Myeloid",TRUE
0.28406649111891,0.0157045139253382,0.042,0.052,1,"FBXO4","GSE214411","Myeloid",TRUE
0.284135504823787,1.21420420328054,0.19,0.175,1,"NSMAF","GSE214411","Myeloid",TRUE
0.284153039728319,-0.333272924151833,0.074,0.086,1,"CPNE2","GSE214411","Myeloid",TRUE
0.284456314513091,-0.255815327321748,0.059,0.07,1,"LEMD2","GSE214411","Myeloid",TRUE
0.284522969019218,0.419506011483268,0.044,0.054,1,"GNPNAT1","GSE214411","Myeloid",TRUE
0.284904305005587,-0.296648939302795,0.066,0.077,1,"PARN","GSE214411","Myeloid",TRUE
0.285213590090413,0.255894052084862,0.036,0.028,1,"MTFP1","GSE214411","Myeloid",TRUE
0.285298158163286,-0.386926784764769,0.028,0.036,1,"C5orf28","GSE214411","Myeloid",TRUE
0.285323299430262,0.420686316248261,0.143,0.123,1,"RFWD2","GSE214411","Myeloid",TRUE
0.285347708144555,1.42926505208565,0.011,0.006,1,"UBXN10-AS1","GSE214411","Myeloid",TRUE
0.285369737666918,0.0710410602944527,0.067,0.079,1,"C6orf120","GSE214411","Myeloid",TRUE
0.285546978207031,-0.611287219715267,0.027,0.035,1,"TBCE","GSE214411","Myeloid",TRUE
0.285563405958304,-0.772475763253946,0.024,0.032,1,"PITPNA-AS1","GSE214411","Myeloid",TRUE
0.285618252607032,0.356447201321558,0.013,0.008,1,"RP5-1112D6.8","GSE214411","Myeloid",TRUE
0.285640419851925,-0.138452158416007,0.006,0.011,1,"APOD","GSE214411","Myeloid",TRUE
0.285640419851925,0.705689458335867,0.006,0.011,1,"MRPL38","GSE214411","Myeloid",TRUE
0.285802844007435,-0.824930060571283,0.013,0.008,1,"MYLPF","GSE214411","Myeloid",TRUE
0.28597285068188,-0.121066752126409,0.011,0.006,1,"CD200","GSE214411","Myeloid",TRUE
0.286144052740813,-0.542313486121932,0.043,0.053,1,"CCDC86","GSE214411","Myeloid",TRUE
0.286152821519109,0.193701168699383,0.221,0.197,1,"PDCL3","GSE214411","Myeloid",TRUE
0.28615729692518,0.507860886326658,0.041,0.051,1,"SUPV3L1","GSE214411","Myeloid",TRUE
0.286283988717604,0.825637929149661,0.006,0.011,1,"PTPN14","GSE214411","Myeloid",TRUE
0.28639567044502,0.98667209434951,0.219,0.2,1,"KATNBL1","GSE214411","Myeloid",TRUE
0.286430709644951,0.258497092305418,0.279,0.284,1,"TAOK1","GSE214411","Myeloid",TRUE
0.286498729174515,-0.113388574559997,0.006,0.011,1,"RP13-1039J1.2","GSE214411","Myeloid",TRUE
0.286569260532729,-0.414889721200395,0.024,0.032,1,"RAI14","GSE214411","Myeloid",TRUE
0.286693414643326,0.386943455650152,0.237,0.25,1,"GLRX5","GSE214411","Myeloid",TRUE
0.286710090104681,0.52403876268651,0.215,0.2,1,"CKB","GSE214411","Myeloid",TRUE
0.286727010226884,0.550985117352544,0.013,0.008,1,"TOX","GSE214411","Myeloid",TRUE
0.286864584024627,-0.0766175012614152,0.039,0.048,1,"COG7","GSE214411","Myeloid",TRUE
0.286972828917702,0.290868524409248,0.092,0.077,1,"UBE2O","GSE214411","Myeloid",TRUE
0.28700954210436,-0.0118674713186557,0.016,0.011,1,"GJC2","GSE214411","Myeloid",TRUE
0.287043429834165,-0.34534444031877,0.024,0.032,1,"PPOX","GSE214411","Myeloid",TRUE
0.287146657127856,0.522999918402997,0.022,0.016,1,"SH2D3A","GSE214411","Myeloid",TRUE
0.287249114862638,-0.80244173289067,0.022,0.03,1,"RP11-834C11.4","GSE214411","Myeloid",TRUE
0.287444150802679,-1.0658525017852,0.007,0.012,1,"SIAE","GSE214411","Myeloid",TRUE
0.287490807000758,1.17289167203125,0.026,0.019,1,"ITPKC","GSE214411","Myeloid",TRUE
0.28759079714687,-0.397505301524844,0.023,0.031,1,"LY9","GSE214411","Myeloid",TRUE
0.287747594253857,-0.0502095355970678,0.042,0.052,1,"SPRYD7","GSE214411","Myeloid",TRUE
0.287851800192516,-0.38487179570425,0.007,0.012,1,"ATP8B1","GSE214411","Myeloid",TRUE
0.288228736694462,-0.17364749619985,0.084,0.07,1,"TMEM88","GSE214411","Myeloid",TRUE
0.288229651291906,-0.0819521757640767,0.161,0.174,1,"MAN2A1","GSE214411","Myeloid",TRUE
0.288269132673228,-0.267128610582305,0.075,0.086,1,"ZDHHC17","GSE214411","Myeloid",TRUE
0.288369204118918,0.0964813481263807,0.471,0.484,1,"ROCK1","GSE214411","Myeloid",TRUE
0.288725029744231,-0.301411921287631,0.076,0.088,1,"GPN1","GSE214411","Myeloid",TRUE
0.288863351304738,0.570731711197536,0.044,0.054,1,"ZNF92","GSE214411","Myeloid",TRUE
0.289058909870688,1.51251906022862,0.026,0.019,1,"SNX21","GSE214411","Myeloid",TRUE
0.289075797851239,0.33147647781453,0.075,0.061,1,"HBS1L","GSE214411","Myeloid",TRUE
0.289139277379223,-0.184770950710871,0.013,0.008,1,"RUSC2","GSE214411","Myeloid",TRUE
0.289255327154059,-1.0754011461225,0.02,0.026,1,"ZNF783","GSE214411","Myeloid",TRUE
0.289486295955163,-1.18201722049337,0.007,0.012,1,"ZNF232","GSE214411","Myeloid",TRUE
0.289644163819969,0.71457484828269,0.223,0.203,1,"RBM23","GSE214411","Myeloid",TRUE
0.289869178038592,-0.548995914424033,0.025,0.033,1,"BBS2","GSE214411","Myeloid",TRUE
0.290305883338377,-0.107619616812844,0.007,0.012,1,"CLDN12","GSE214411","Myeloid",TRUE
0.290305883338377,-0.722341864159706,0.007,0.012,1,"ADGRD1","GSE214411","Myeloid",TRUE
0.290315271497373,0.355111853053396,0.094,0.081,1,"SQLE","GSE214411","Myeloid",TRUE
0.290511023936885,-1.24971893405716,0.007,0.012,1,"RP5-864K19.4","GSE214411","Myeloid",TRUE
0.29064373797588,-0.413677873886988,0.258,0.265,1,"ZFAND2A","GSE214411","Myeloid",TRUE
0.290762742071176,0.374640455857528,0.236,0.219,1,"AGFG1","GSE214411","Myeloid",TRUE
0.29085194683998,0.0905064056573461,0.176,0.189,1,"WDR61","GSE214411","Myeloid",TRUE
0.290921597671448,-1.56042948719049,0.007,0.012,1,"RP11-44N11.2","GSE214411","Myeloid",TRUE
0.29092717489634,0.987214490412033,0.032,0.024,1,"SETBP1","GSE214411","Myeloid",TRUE
0.291127030817155,-0.28471203104291,0.007,0.012,1,"FAM229A","GSE214411","Myeloid",TRUE
0.29116269455463,0.157833976258619,0.059,0.048,1,"HEATR1","GSE214411","Myeloid",TRUE
0.291340777293254,0.976530396231709,0.059,0.049,1,"UBTD2","GSE214411","Myeloid",TRUE
0.291373248609835,-0.256645852937806,0.043,0.053,1,"METTL6","GSE214411","Myeloid",TRUE
0.291448965999506,0.244627120171502,0.047,0.037,1,"RP3-477O4.14","GSE214411","Myeloid",TRUE
0.291514448790926,0.894573839615932,0.064,0.052,1,"ZNF780A","GSE214411","Myeloid",TRUE
0.29160571935263,-0.123366815876718,0.314,0.324,1,"PKN1","GSE214411","Myeloid",TRUE
0.291677009300725,0.314114453280273,0.349,0.336,1,"STXBP2","GSE214411","Myeloid",TRUE
0.291699191772955,-0.377660219132189,0.039,0.048,1,"TAOK2","GSE214411","Myeloid",TRUE
0.291751058664766,0.888103095799246,0.026,0.019,1,"TNC","GSE214411","Myeloid",TRUE
0.29183223846208,0.0544306672420947,0.173,0.186,1,"CAMK1D","GSE214411","Myeloid",TRUE
0.291902890582452,-0.232975311249916,0.252,0.268,1,"KPNA2","GSE214411","Myeloid",TRUE
0.292144496630548,0.109752840360644,0.056,0.046,1,"NUP205","GSE214411","Myeloid",TRUE
0.292296443244857,-0.203306539899242,0.185,0.197,1,"RECQL","GSE214411","Myeloid",TRUE
0.29253967337102,-0.310156657418382,0.022,0.016,1,"RP11-473M20.16","GSE214411","Myeloid",TRUE
0.292552415346534,-0.311177129148703,0.089,0.102,1,"LRRC8D","GSE214411","Myeloid",TRUE
0.292758891536674,-1.17751650302342,0.022,0.029,1,"FKBP7","GSE214411","Myeloid",TRUE
0.292848109878723,-3.02095975197517,0.008,0.013,1,"CCDC74B","GSE214411","Myeloid",TRUE
0.292916679516765,-0.529708849714097,0.083,0.094,1,"SOGA1","GSE214411","Myeloid",TRUE
0.293044477666041,-1.53474977314602,0.008,0.013,1,"CTD-2012K14.8","GSE214411","Myeloid",TRUE
0.293053708010197,-0.243376115073226,0.049,0.058,1,"ZNF100","GSE214411","Myeloid",TRUE
0.293102251110957,-0.128326446722909,0.328,0.329,1,"G3BP1","GSE214411","Myeloid",TRUE
0.293219681092243,-0.129880883945342,0.103,0.115,1,"NUP54","GSE214411","Myeloid",TRUE
0.29323349943804,-0.315870422052986,0.165,0.142,1,"ATAD2B","GSE214411","Myeloid",TRUE
0.293245731329347,-0.587594720361745,0.038,0.047,1,"HSDL1","GSE214411","Myeloid",TRUE
0.293319014494855,0.793409194554066,0.127,0.111,1,"NCLN","GSE214411","Myeloid",TRUE
0.293376171270692,-0.37364905644261,0.024,0.032,1,"GSTCD","GSE214411","Myeloid",TRUE
0.293393233114139,0.486122238846388,0.007,0.012,1,"HIST1H2BE","GSE214411","Myeloid",TRUE
0.293393233114139,-0.279373335379739,0.007,0.012,1,"HEY2","GSE214411","Myeloid",TRUE
0.293412007117581,0.824264945090676,0.113,0.097,1,"HSPA13","GSE214411","Myeloid",TRUE
0.29352430658649,-0.200626182529676,0.025,0.033,1,"TULP3","GSE214411","Myeloid",TRUE
0.293806538201366,0.82394828744726,0.007,0.012,1,"PAGE4","GSE214411","Myeloid",TRUE
0.293994873106557,0.273731253108687,0.15,0.13,1,"PAN3","GSE214411","Myeloid",TRUE
0.294187422689952,0.103478100231063,0.061,0.072,1,"LEMD3","GSE214411","Myeloid",TRUE
0.294618601307307,0.881352966795578,0.008,0.013,1,"ZNF329","GSE214411","Myeloid",TRUE
0.294709947559281,-0.495958106630159,0.025,0.033,1,"CYP2U1","GSE214411","Myeloid",TRUE
0.295013016058351,-1.06735220948603,0.008,0.013,1,"ABCA6","GSE214411","Myeloid",TRUE
0.295149243150755,-0.32067826758235,0.107,0.12,1,"TYW3","GSE214411","Myeloid",TRUE
0.295407784402742,-0.724887977889789,0.008,0.013,1,"XCR1","GSE214411","Myeloid",TRUE
0.295656929450991,0.189454604742158,0.114,0.125,1,"ZBED1","GSE214411","Myeloid",TRUE
0.295841480438276,-0.460479940516011,0.133,0.144,1,"FASTK","GSE214411","Myeloid",TRUE
0.295942435169168,-0.720213063689796,0.022,0.029,1,"SPATA2","GSE214411","Myeloid",TRUE
0.296000599967238,-0.685707122430642,0.008,0.013,1,"ZNF461","GSE214411","Myeloid",TRUE
0.296112193308866,-0.321198322581027,0.084,0.096,1,"CCNYL1","GSE214411","Myeloid",TRUE
0.296116707925731,-0.415951789821655,0.075,0.086,1,"NAA25","GSE214411","Myeloid",TRUE
0.296396252414954,-0.661481311277857,0.008,0.013,1,"IPP","GSE214411","Myeloid",TRUE
0.296728596976994,0.0412902543098248,0.082,0.069,1,"HIST2H2AC","GSE214411","Myeloid",TRUE
0.296785476473868,0.430356875852435,0.059,0.071,1,"FARSB","GSE214411","Myeloid",TRUE
0.296797567164914,0.66332575566775,0.026,0.034,1,"ATG16L1","GSE214411","Myeloid",TRUE
0.297405271263126,-0.464504352601278,0.071,0.082,1,"RYK","GSE214411","Myeloid",TRUE
0.297444165237412,-0.173789367332609,0.074,0.085,1,"C3orf17","GSE214411","Myeloid",TRUE
0.297453372614964,0.423192174055004,0.063,0.074,1,"GPX3","GSE214411","Myeloid",TRUE
0.297568013911308,0.103675708611355,0.04,0.049,1,"CEP44","GSE214411","Myeloid",TRUE
0.29757046278187,-0.326740016474697,0.108,0.12,1,"SLC39A6","GSE214411","Myeloid",TRUE
0.297868342285649,-0.279983814307971,0.039,0.048,1,"RFX3","GSE214411","Myeloid",TRUE
0.297919933114976,0.579287808406373,0.026,0.019,1,"RP1-257A7.4","GSE214411","Myeloid",TRUE
0.29803314365895,-0.0107054488848641,0.162,0.141,1,"MED15","GSE214411","Myeloid",TRUE
0.298282509562968,0.113935318306273,0.311,0.327,1,"PRKDC","GSE214411","Myeloid",TRUE
0.298316043393719,0.214815950181103,0.153,0.133,1,"PRPF4","GSE214411","Myeloid",TRUE
0.298326033331187,0.423944023486777,0.026,0.034,1,"DHRS12","GSE214411","Myeloid",TRUE
0.298663508538045,-0.195918009907227,0.042,0.033,1,"LINC00685","GSE214411","Myeloid",TRUE
0.29868534845601,-0.021187784981106,0.163,0.176,1,"NAA15","GSE214411","Myeloid",TRUE
0.298851743840168,-1.05989797142559,0.04,0.05,1,"ULK1","GSE214411","Myeloid",TRUE
0.299210291618773,-1.42080414205594,0.009,0.014,1,"PPFIA3","GSE214411","Myeloid",TRUE
0.299343584294994,-0.407209029006152,0.05,0.06,1,"ITGA6","GSE214411","Myeloid",TRUE
0.299374921322624,0.983109945627438,0.008,0.013,1,"DCLK2","GSE214411","Myeloid",TRUE
0.299395270394888,0.828761865921737,0.037,0.029,1,"RP5-1085F17.3","GSE214411","Myeloid",TRUE
0.299647749470508,-0.470031017861101,0.111,0.123,1,"PIGS","GSE214411","Myeloid",TRUE
0.29978186952786,-0.866057108152101,0.009,0.014,1,"PSD","GSE214411","Myeloid",TRUE
0.299815799775205,-1.17702831474684,0.017,0.023,1,"ZNF366","GSE214411","Myeloid",TRUE
0.300163325757288,-0.789694631630423,0.009,0.014,1,"ZBTB39","GSE214411","Myeloid",TRUE
0.30028274666884,0.215703215907149,0.254,0.229,1,"CTNNBL1","GSE214411","Myeloid",TRUE
0.300323676119366,0.0554385824527424,0.157,0.171,1,"SASH3","GSE214411","Myeloid",TRUE
0.300497074451809,-0.221324101223641,0.165,0.144,1,"LYAR","GSE214411","Myeloid",TRUE
0.300556675250824,0.597381883298408,0.02,0.014,1,"RP11-126O1.5","GSE214411","Myeloid",TRUE
0.300606609475717,-0.355690262190112,0.037,0.046,1,"NDN","GSE214411","Myeloid",TRUE
0.300988344003086,0.640549055653072,0.214,0.189,1,"LRCH4","GSE214411","Myeloid",TRUE
0.301003185835095,0.443921900076434,0.026,0.019,1,"TUBE1","GSE214411","Myeloid",TRUE
0.301088331569652,-0.278065552022138,0.01,0.015,1,"ZNF595","GSE214411","Myeloid",TRUE
0.301290591642875,-0.690265670511729,0.067,0.077,1,"C6orf226","GSE214411","Myeloid",TRUE
0.301406910720657,0.0650909849614614,0.026,0.019,1,"GTF2H2","GSE214411","Myeloid",TRUE
0.301671754395751,-0.499052995264779,0.104,0.115,1,"NAV1","GSE214411","Myeloid",TRUE
0.30205405479151,-0.0596839464692835,0.136,0.147,1,"RAP1GDS1","GSE214411","Myeloid",TRUE
0.302075459082616,-0.819304221061851,0.009,0.014,1,"TUNAR","GSE214411","Myeloid",TRUE
0.302557567826742,0.22707521379416,0.199,0.212,1,"EMC6","GSE214411","Myeloid",TRUE
0.302719802903369,-0.0143348153651127,0.385,0.401,1,"HNRNPAB","GSE214411","Myeloid",TRUE
0.302842577091373,-0.591289059496845,0.009,0.014,1,"THNSL2","GSE214411","Myeloid",TRUE
0.302926882850061,-0.660958968469595,0.01,0.015,1,"PIPOX","GSE214411","Myeloid",TRUE
0.303034558823144,0.485182324742062,0.009,0.014,1,"AGFG2","GSE214411","Myeloid",TRUE
0.303047798053206,-1.59128387625459,0.014,0.02,1,"DYNC2H1","GSE214411","Myeloid",TRUE
0.303172015619862,-0.040132793919005,0.058,0.068,1,"PLA2G4A","GSE214411","Myeloid",TRUE
0.30326334311331,-0.426883226378673,0.07,0.081,1,"TSFM","GSE214411","Myeloid",TRUE
0.303363328843929,0.473093557862787,0.02,0.026,1,"RP11-538P18.2","GSE214411","Myeloid",TRUE
0.303399654058113,-0.478789167633308,0.129,0.14,1,"TIAM1","GSE214411","Myeloid",TRUE
0.303456248876669,-0.324669914770548,0.048,0.057,1,"ACSS1","GSE214411","Myeloid",TRUE
0.30351640741476,-0.743218069113186,0.014,0.02,1,"TRIM73","GSE214411","Myeloid",TRUE
0.303571007640352,-1.62382512617467,0.011,0.016,1,"ZNF790","GSE214411","Myeloid",TRUE
0.303602437069545,-0.000540470982669961,0.332,0.341,1,"RBBP6","GSE214411","Myeloid",TRUE
0.303628926655119,0.144263322699434,0.021,0.028,1,"LPCAT4","GSE214411","Myeloid",TRUE
0.303631786695841,0.111630601835909,0.067,0.056,1,"CYR61","GSE214411","Myeloid",TRUE
0.303672717485471,0.225347793051103,0.02,0.014,1,"SHPK","GSE214411","Myeloid",TRUE
0.303673584816679,-0.374193066480405,0.07,0.082,1,"NF2","GSE214411","Myeloid",TRUE
0.303683263988159,-1.6356077761019,0.012,0.017,1,"NDOR1","GSE214411","Myeloid",TRUE
0.303802614448189,-0.372630782690045,0.065,0.075,1,"ABCB8","GSE214411","Myeloid",TRUE
0.303956075920657,0.396485051313433,0.393,0.367,1,"NDUFB3","GSE214411","Myeloid",TRUE
0.304041452802266,-1.12180438542579,0.018,0.024,1,"LRRC37A2","GSE214411","Myeloid",TRUE
0.304070157031711,-0.0288099295741804,0.349,0.373,1,"LIPA","GSE214411","Myeloid",TRUE
0.304203624945291,-1.69350074387839,0.013,0.019,1,"FGD5","GSE214411","Myeloid",TRUE
0.304218301134766,-1.14697444510939,0.01,0.015,1,"ZNF599","GSE214411","Myeloid",TRUE
0.304294330342397,-1.68540260387143,0.013,0.018,1,"GALR2","GSE214411","Myeloid",TRUE
0.30434837299842,0.259485002994261,0.102,0.088,1,"HAUS8","GSE214411","Myeloid",TRUE
0.304362294750034,-0.480332874997045,0.091,0.103,1,"POGLUT1","GSE214411","Myeloid",TRUE
0.304611800220962,1.16563578065323,0.017,0.012,1,"ADGRA3","GSE214411","Myeloid",TRUE
0.304648168938189,-0.0851057164166202,0.13,0.113,1,"CPSF7","GSE214411","Myeloid",TRUE
0.304731787438273,-0.0994982583328738,0.128,0.111,1,"GLRX2","GSE214411","Myeloid",TRUE
0.304925123297774,-1.12445733549584,0.014,0.02,1,"MS4A4E","GSE214411","Myeloid",TRUE
0.305049638631652,-0.0331214914617515,0.247,0.218,1,"LTA4H","GSE214411","Myeloid",TRUE
0.305083193410819,-1.84027880676366,0.011,0.016,1,"FBXL22","GSE214411","Myeloid",TRUE
0.305141593658424,-0.702679566553473,0.053,0.062,1,"CCDC9","GSE214411","Myeloid",TRUE
0.305142977955929,0.228353967433605,0.01,0.015,1,"RP11-734K2.4","GSE214411","Myeloid",TRUE
0.30515410636139,-0.63523218582785,0.017,0.023,1,"RP13-270P17.3","GSE214411","Myeloid",TRUE
0.305222776707296,0.360897577511505,0.368,0.349,1,"FOXO3","GSE214411","Myeloid",TRUE
0.30525502042547,-2.15830253475701,0.002,0.004,1,"LINC01473","GSE214411","Myeloid",TRUE
0.30525502042547,-1.61316095912595,0.002,0.004,1,"FAM184B","GSE214411","Myeloid",TRUE
0.30525502042547,-2.86615508122292,0.002,0.004,1,"SH2D1A","GSE214411","Myeloid",TRUE
0.30525502042547,-1.90677815946138,0.002,0.004,1,"RP11-46H11.12","GSE214411","Myeloid",TRUE
0.30525502042547,-2.59403237247853,0.002,0.004,1,"HYDIN","GSE214411","Myeloid",TRUE
0.30525502042547,-1.97775203289899,0.002,0.004,1,"GPR31","GSE214411","Myeloid",TRUE
0.30525502042547,-2.05199090404685,0.002,0.004,1,"TRBVB","GSE214411","Myeloid",TRUE
0.305316149783676,-0.947785199399912,0.018,0.024,1,"NAT14","GSE214411","Myeloid",TRUE
0.305618095805099,-0.422805922919562,0.011,0.016,1,"JRK","GSE214411","Myeloid",TRUE
0.3056313983155,-2.15971731714978,0.002,0.004,1,"KDM4A-AS1","GSE214411","Myeloid",TRUE
0.3056313983155,-2.19301896308223,0.002,0.004,1,"RP13-580F15.2","GSE214411","Myeloid",TRUE
0.3056313983155,-1.64562215558196,0.002,0.004,1,"TOX2","GSE214411","Myeloid",TRUE
0.3056313983155,-1.974294670256,0.002,0.004,1,"AC145212.4","GSE214411","Myeloid",TRUE
0.305716952925633,-0.983005004839006,0.031,0.038,1,"IL21R","GSE214411","Myeloid",TRUE
0.305730797974209,1.25834797398218,0.009,0.014,1,"ZNF253","GSE214411","Myeloid",TRUE
0.30578309886596,-0.196994930089079,0.203,0.21,1,"RBM42","GSE214411","Myeloid",TRUE
0.305872669815775,-0.189889151728706,0.091,0.103,1,"MAPK9","GSE214411","Myeloid",TRUE
0.306008083838902,-1.27960126929077,0.002,0.004,1,"RP4-758J18.13","GSE214411","Myeloid",TRUE
0.306008083838902,-1.09171988707986,0.002,0.004,1,"RP4-612B15.3","GSE214411","Myeloid",TRUE
0.306008083838902,-1.29879319158194,0.002,0.004,1,"RUSC1-AS1","GSE214411","Myeloid",TRUE
0.306008083838902,-2.58342597614273,0.002,0.004,1,"RNF212","GSE214411","Myeloid",TRUE
0.306008083838902,-1.32330424373934,0.002,0.004,1,"RP11-572O17.1","GSE214411","Myeloid",TRUE
0.306008083838902,-2.7660097691313,0.002,0.004,1,"FGF10","GSE214411","Myeloid",TRUE
0.306008083838902,-1.69233019044302,0.002,0.004,1,"C7orf25","GSE214411","Myeloid",TRUE
0.306008083838902,-2.47796523666974,0.002,0.004,1,"FBXO43","GSE214411","Myeloid",TRUE
0.306008083838902,-3.23498346587366,0.002,0.004,1,"MIR181A2HG","GSE214411","Myeloid",TRUE
0.306008083838902,-2.05140925678617,0.002,0.004,1,"TMEM254-AS1","GSE214411","Myeloid",TRUE
0.306008083838902,-1.4363565908271,0.002,0.004,1,"RP11-407N8.6","GSE214411","Myeloid",TRUE
0.306008083838902,-1.35312660027512,0.002,0.004,1,"RP11-123K3.9","GSE214411","Myeloid",TRUE
0.306008083838902,-1.33811506348467,0.002,0.004,1,"RP11-596C23.6","GSE214411","Myeloid",TRUE
0.306008083838902,-1.26418944317904,0.002,0.004,1,"CTD-2302E22.4","GSE214411","Myeloid",TRUE
0.306008083838902,-2.72148588368461,0.002,0.004,1,"BPIFB1","GSE214411","Myeloid",TRUE
0.306008083838902,-1.33122508865337,0.002,0.004,1,"ZNF154","GSE214411","Myeloid",TRUE
0.306008083838902,-1.5318641746296,0.002,0.004,1,"DNAJC28","GSE214411","Myeloid",TRUE
0.30608768252088,-1.02443531975192,0.068,0.078,1,"RANBP3","GSE214411","Myeloid",TRUE
0.306117269617488,0.954168920390701,0.009,0.014,1,"CDR2L","GSE214411","Myeloid",TRUE
0.306284946301529,0.934422936492191,0.057,0.047,1,"SLC9A1","GSE214411","Myeloid",TRUE
0.306302879357085,-0.45806677646793,0.013,0.019,1,"ARHGAP33","GSE214411","Myeloid",TRUE
0.30633226593078,-0.650230013119486,0.011,0.016,1,"PRRT3","GSE214411","Myeloid",TRUE
0.30638507700733,-2.57905776607453,0.002,0.004,1,"RP11-533E19.5","GSE214411","Myeloid",TRUE
0.30638507700733,-2.76126132724752,0.002,0.004,1,"RSPH9","GSE214411","Myeloid",TRUE
0.30638507700733,-2.03778018300324,0.002,0.004,1,"FGL1","GSE214411","Myeloid",TRUE
0.30638507700733,-2.42406206926582,0.002,0.004,1,"RP11-295M3.4","GSE214411","Myeloid",TRUE
0.30638507700733,-1.61532460892433,0.002,0.004,1,"RP11-162A12.4","GSE214411","Myeloid",TRUE
0.30638507700733,-1.60208313539985,0.002,0.004,1,"MUC5AC","GSE214411","Myeloid",TRUE
0.306762377832058,-2.31382807000118,0.002,0.004,1,"RP5-892K4.1","GSE214411","Myeloid",TRUE
0.306762377832058,0.366091994336051,0.002,0.004,1,"KCNN3","GSE214411","Myeloid",TRUE
0.306762377832058,0.997403360313509,0.002,0.004,1,"PCAT6","GSE214411","Myeloid",TRUE
0.306762377832058,0.541584941541797,0.002,0.004,1,"STMND1","GSE214411","Myeloid",TRUE
0.306762377832058,1.75385794486456,0.002,0.004,1,"PNMA6A","GSE214411","Myeloid",TRUE
0.306762377832058,-2.77752586855711,0.002,0.004,1,"PHYHIP","GSE214411","Myeloid",TRUE
0.306762377832058,-1.00189124072289,0.002,0.004,1,"RP11-429J17.2","GSE214411","Myeloid",TRUE
0.306762377832058,1.00151485170919,0.002,0.004,1,"ENKUR","GSE214411","Myeloid",TRUE
0.306762377832058,-3.34061684447203,0.002,0.004,1,"RP11-756H6.1","GSE214411","Myeloid",TRUE
0.306762377832058,-1.06039859259804,0.002,0.004,1,"CLLU1","GSE214411","Myeloid",TRUE
0.306762377832058,-0.705763289598566,0.002,0.004,1,"MORN3","GSE214411","Myeloid",TRUE
0.306762377832058,-0.882649981726975,0.002,0.004,1,"RP11-172H24.4","GSE214411","Myeloid",TRUE
0.306762377832058,-1.75915594535284,0.002,0.004,1,"KTN1-AS1","GSE214411","Myeloid",TRUE
0.306762377832058,-3.48646715779651,0.002,0.004,1,"CAMSAP3","GSE214411","Myeloid",TRUE
0.306762377832058,-0.027332822860048,0.002,0.004,1,"PRR19","GSE214411","Myeloid",TRUE
0.306762377832058,-0.0784460118635941,0.002,0.004,1,"RP3-508I15.9","GSE214411","Myeloid",TRUE
0.306780729253311,-1.11020506895748,0.012,0.017,1,"FDXACB1","GSE214411","Myeloid",TRUE
0.306958067056654,-2.01937200123129,0.011,0.016,1,"CTSV","GSE214411","Myeloid",TRUE
0.306967583559303,-1.94929568939626,0.014,0.02,1,"TMEM161B-AS1","GSE214411","Myeloid",TRUE
0.307128106057798,-0.79207321058723,0.013,0.018,1,"WNT5B","GSE214411","Myeloid",TRUE
0.307139986323975,-0.956080266368264,0.002,0.004,1,"AC012368.1","GSE214411","Myeloid",TRUE
0.307139986323975,-1.01511145782178,0.002,0.004,1,"BEX5","GSE214411","Myeloid",TRUE
0.307139986323975,-0.864730942375643,0.002,0.004,1,"MPDZ","GSE214411","Myeloid",TRUE
0.307139986323975,-1.75669019747015,0.002,0.004,1,"RIC3","GSE214411","Myeloid",TRUE
0.307139986323975,-0.637438745112773,0.002,0.004,1,"MYEOV","GSE214411","Myeloid",TRUE
0.307139986323975,-1.31359166818245,0.002,0.004,1,"GLDN","GSE214411","Myeloid",TRUE
0.307139986323975,-0.632925106462892,0.002,0.004,1,"NWD1","GSE214411","Myeloid",TRUE
0.307139986323975,-1.07751376840674,0.002,0.004,1,"CTD-3001H11.2","GSE214411","Myeloid",TRUE
0.307140704206514,0.0296434856546552,0.071,0.082,1,"TRIM4","GSE214411","Myeloid",TRUE
0.307195406110719,-0.684977034610898,0.076,0.087,1,"LYRM7","GSE214411","Myeloid",TRUE
0.307278626763371,2.16960942676521,0.009,0.014,1,"HIST1H3B","GSE214411","Myeloid",TRUE
0.307336141578245,0.473555221016027,0.017,0.023,1,"HIST1H4E","GSE214411","Myeloid",TRUE
0.307385432008407,-0.760174508070766,0.012,0.017,1,"RP11-488C13.5","GSE214411","Myeloid",TRUE
0.307401547126148,0.0420022650107241,0.075,0.086,1,"TANGO2","GSE214411","Myeloid",TRUE
0.307444956069806,0.165496325899604,0.418,0.422,1,"BOD1L1","GSE214411","Myeloid",TRUE
0.307471887061471,-0.83421415723108,0.012,0.017,1,"EHD2","GSE214411","Myeloid",TRUE
0.30749384759389,0.511036253608872,0.017,0.012,1,"SERPINB9P1","GSE214411","Myeloid",TRUE
0.307517902493589,-0.769230813654934,0.002,0.004,1,"ILDR2","GSE214411","Myeloid",TRUE
0.307517902493589,-1.0269826711258,0.002,0.004,1,"MMP16","GSE214411","Myeloid",TRUE
0.307517902493589,-0.400716052759182,0.002,0.004,1,"CFAP157","GSE214411","Myeloid",TRUE
0.307517902493589,2.2936593713358,0.002,0.004,1,"AKR1E2","GSE214411","Myeloid",TRUE
0.307517902493589,-0.402869418253161,0.002,0.004,1,"RFPL3S","GSE214411","Myeloid",TRUE
0.307604065905499,-0.326147829496037,0.121,0.132,1,"ICE2","GSE214411","Myeloid",TRUE
0.307680965166724,1.01927028060967,0.023,0.017,1,"STXBP6","GSE214411","Myeloid",TRUE
0.307755637305946,0.487317971415449,0.06,0.071,1,"C7orf43","GSE214411","Myeloid",TRUE
0.307896126351025,-0.537602843903618,0.002,0.004,1,"RP11-421L21.2","GSE214411","Myeloid",TRUE
0.307896126351025,-0.605625070639157,0.002,0.004,1,"CTD-2013N24.2","GSE214411","Myeloid",TRUE
0.307896126351025,0.140582062556295,0.002,0.004,1,"AFAP1L2","GSE214411","Myeloid",TRUE
0.307896126351025,-0.417620431417013,0.002,0.004,1,"MYO5B","GSE214411","Myeloid",TRUE
0.307969238874854,-0.696748900313036,0.034,0.042,1,"WDYHV1","GSE214411","Myeloid",TRUE
0.308086653013643,-0.100643324236051,0.013,0.019,1,"INPP5E","GSE214411","Myeloid",TRUE
0.308125714823757,-0.768501946980537,0.019,0.025,1,"ZNF569","GSE214411","Myeloid",TRUE
0.308257149692038,0.0891594176083101,0.016,0.022,1,"EARS2","GSE214411","Myeloid",TRUE
0.308265171384242,-0.955514580389897,0.032,0.04,1,"CLEC4F","GSE214411","Myeloid",TRUE
0.308274657906024,1.28083357600437,0.002,0.004,1,"LEFTY1","GSE214411","Myeloid",TRUE
0.308274657906024,-0.802303566429154,0.002,0.004,1,"GS1-114I9.1","GSE214411","Myeloid",TRUE
0.308274657906024,1.45037542643439,0.002,0.004,1,"RGS22","GSE214411","Myeloid",TRUE
0.308274657906024,0.255199385067793,0.002,0.004,1,"RP11-408A13.4","GSE214411","Myeloid",TRUE
0.308274657906024,0.944889591903596,0.002,0.004,1,"LINC01252","GSE214411","Myeloid",TRUE
0.308300814486762,0.317321545738102,0.01,0.015,1,"ZBED3-AS1","GSE214411","Myeloid",TRUE
0.308301932362564,-0.597023843101754,0.011,0.016,1,"FAHD2B","GSE214411","Myeloid",TRUE
0.308341916464,-0.0177547476669551,0.159,0.138,1,"DDX49","GSE214411","Myeloid",TRUE
0.308393735939425,-0.00313666459380713,0.02,0.026,1,"AGER","GSE214411","Myeloid",TRUE
0.308695853143028,0.326043839866457,0.232,0.262,1,"FCGR2B","GSE214411","Myeloid",TRUE
0.308803170543134,0.246143100157597,0.013,0.018,1,"TRIM35","GSE214411","Myeloid",TRUE
0.308846746431687,2.18990122100054,0.024,0.018,1,"HGD","GSE214411","Myeloid",TRUE
0.308860955728153,-0.0651036800768141,0.014,0.02,1,"NAPA-AS1","GSE214411","Myeloid",TRUE
0.308888031611539,-1.24248461370999,0.015,0.021,1,"TGFB2","GSE214411","Myeloid",TRUE
0.309006389152244,0.109921205392407,0.016,0.022,1,"ASB13","GSE214411","Myeloid",TRUE
0.309197684927969,1.79906579930203,0.006,0.003,1,"SDCBP2","GSE214411","Myeloid",TRUE
0.309335502556838,-0.910004583085089,0.014,0.02,1,"MOCS3","GSE214411","Myeloid",TRUE
0.309466713418831,0.305131937367968,0.063,0.052,1,"HELZ2","GSE214411","Myeloid",TRUE
0.309551540920525,-0.436275079540716,0.012,0.017,1,"DMWD","GSE214411","Myeloid",TRUE
0.309559708594647,-0.471003815387045,0.011,0.016,1,"UNC13B","GSE214411","Myeloid",TRUE
0.309683788552406,0.338247380367865,0.153,0.165,1,"TSSC4","GSE214411","Myeloid",TRUE
0.309696252097046,0.808725718651555,0.022,0.03,1,"ZNF765","GSE214411","Myeloid",TRUE
0.309700769939397,0.622534133281586,0.258,0.234,1,"TSEN34","GSE214411","Myeloid",TRUE
0.309877080039924,-0.0266438585819007,0.018,0.024,1,"MLLT3","GSE214411","Myeloid",TRUE
0.309877080039924,-0.796800544719686,0.018,0.024,1,"UNKL","GSE214411","Myeloid",TRUE
0.310037000559055,0.158094051267673,0.02,0.026,1,"PTPRS","GSE214411","Myeloid",TRUE
0.310037364703105,-0.259627759629777,0.047,0.056,1,"NUP155","GSE214411","Myeloid",TRUE
0.310375945496594,3.96586444965861,0.006,0.003,1,"CTNNA2","GSE214411","Myeloid",TRUE
0.310375945496594,2.39903928502265,0.006,0.003,1,"KCNG1","GSE214411","Myeloid",TRUE
0.310390455026979,0.229661709320386,0.132,0.114,1,"FHOD1","GSE214411","Myeloid",TRUE
0.310431396078703,0.234624092712455,0.073,0.061,1,"SEC24C","GSE214411","Myeloid",TRUE
0.310668343159357,0.150796968606622,0.058,0.069,1,"PGM3","GSE214411","Myeloid",TRUE
0.310670973157593,2.31168368646321,0.006,0.003,1,"RP5-1180E21.5","GSE214411","Myeloid",TRUE
0.310670973157593,1.15710110554655,0.006,0.003,1,"AF064858.8","GSE214411","Myeloid",TRUE
0.310752274570968,0.905119661294252,0.022,0.029,1,"MELK","GSE214411","Myeloid",TRUE
0.310892411526252,0.161232852539897,0.015,0.021,1,"LYNX1","GSE214411","Myeloid",TRUE
0.310911078431103,-0.620434443391967,0.011,0.016,1,"HDAC11","GSE214411","Myeloid",TRUE
0.310966185832756,3.04307682386461,0.006,0.003,1,"DTX4","GSE214411","Myeloid",TRUE
0.310966185832756,2.59219371874243,0.006,0.003,1,"ZSCAN22","GSE214411","Myeloid",TRUE
0.3110197428378,-0.164878315767114,0.053,0.062,1,"ZMYM6","GSE214411","Myeloid",TRUE
0.311078866487982,0.436819548267523,0.017,0.012,1,"EGOT","GSE214411","Myeloid",TRUE
0.31111065854028,-0.653595045958753,0.016,0.022,1,"LSM11","GSE214411","Myeloid",TRUE
0.311261583525154,3.63813427548103,0.006,0.003,1,"POU5F1","GSE214411","Myeloid",TRUE
0.311261583525154,1.47525853871612,0.006,0.003,1,"EPHX2","GSE214411","Myeloid",TRUE
0.311261583525154,3.15102432864166,0.006,0.003,1,"APBA2","GSE214411","Myeloid",TRUE
0.311289529184565,-0.0365092519820946,0.228,0.202,1,"PRKACA","GSE214411","Myeloid",TRUE
0.311410796618078,-0.377208217849429,0.02,0.026,1,"ZNF275","GSE214411","Myeloid",TRUE
0.311466035240498,-1.08651174233022,0.012,0.017,1,"POMT2","GSE214411","Myeloid",TRUE
0.311477272941312,0.267466628632382,0.133,0.115,1,"PRKRA","GSE214411","Myeloid",TRUE
0.311531531895169,0.0980997494827216,0.199,0.176,1,"SIAH2","GSE214411","Myeloid",TRUE
0.311543054043307,-0.0410472193480578,0.011,0.016,1,"TTC23","GSE214411","Myeloid",TRUE
0.311557166237716,3.54983300453597,0.006,0.003,1,"RP3-508I15.18","GSE214411","Myeloid",TRUE
0.311566377520424,0.751187333288972,0.169,0.184,1,"NSUN6","GSE214411","Myeloid",TRUE
0.311674778699902,0.100290038424889,0.013,0.019,1,"SDK1","GSE214411","Myeloid",TRUE
0.311852933973233,2.16413745958346,0.006,0.003,1,"PABPC4L","GSE214411","Myeloid",TRUE
0.311886564982042,-0.0159213568946051,0.018,0.024,1,"CNNM2","GSE214411","Myeloid",TRUE
0.311989522308093,-0.00603099077803471,0.012,0.017,1,"CTC-250I14.6","GSE214411","Myeloid",TRUE
0.312148886734356,0.689929687808777,0.006,0.003,1,"IQCA1","GSE214411","Myeloid",TRUE
0.312148886734356,1.69770009304662,0.006,0.003,1,"CD27","GSE214411","Myeloid",TRUE
0.312322039702176,-0.161733837552587,0.331,0.337,1,"HDGF","GSE214411","Myeloid",TRUE
0.312445024523596,2.494198471311,0.006,0.003,1,"RBM44","GSE214411","Myeloid",TRUE
0.312462277712033,0.197541928614164,0.018,0.024,1,"EMX2","GSE214411","Myeloid",TRUE
0.312586164600634,-0.251363005236562,0.062,0.072,1,"PSMD5","GSE214411","Myeloid",TRUE
0.312600899425156,-0.246822766035845,0.075,0.086,1,"GPALPP1","GSE214411","Myeloid",TRUE
0.312678699598981,-0.138964249347082,0.013,0.018,1,"RECQL4","GSE214411","Myeloid",TRUE
0.31267894767224,-0.0674576725480578,0.133,0.144,1,"VPS53","GSE214411","Myeloid",TRUE
0.312741347343323,1.99805290179267,0.006,0.003,1,"BAIAP2L1","GSE214411","Myeloid",TRUE
0.312741347343323,1.73259934528256,0.006,0.003,1,"APBB1","GSE214411","Myeloid",TRUE
0.312741347343323,1.97731668533427,0.006,0.003,1,"RP11-96D1.11","GSE214411","Myeloid",TRUE
0.312741347343323,1.82709061360652,0.006,0.003,1,"GSDMB","GSE214411","Myeloid",TRUE
0.312825411506729,0.416745787339114,0.102,0.088,1,"MFSD14A","GSE214411","Myeloid",TRUE
0.312863288686012,0.417258395983001,0.012,0.017,1,"TSEN2","GSE214411","Myeloid",TRUE
0.312875457904789,0.260738275302803,0.3,0.271,1,"UBE2E1","GSE214411","Myeloid",TRUE
0.31289473226739,0.310751564481096,0.019,0.025,1,"ZNF839","GSE214411","Myeloid",TRUE
0.313023461281377,-0.201683889693403,0.159,0.171,1,"NFKBIB","GSE214411","Myeloid",TRUE
0.313037855195767,0.928614886802131,0.006,0.003,1,"CYP2E1","GSE214411","Myeloid",TRUE
0.313037855195767,1.08540874893238,0.006,0.003,1,"KLK11","GSE214411","Myeloid",TRUE
0.313057667141343,0.0200179916457577,0.017,0.023,1,"ERMP1","GSE214411","Myeloid",TRUE
0.313172009939818,0.39679782097172,0.011,0.016,1,"MIEF2","GSE214411","Myeloid",TRUE
0.313220205794882,0.0310174882811003,0.108,0.12,1,"ISY1","GSE214411","Myeloid",TRUE
0.3132764778108,0.192714225881666,0.155,0.137,1,"SIRT1","GSE214411","Myeloid",TRUE
0.31331481665284,-0.703335449740807,0.013,0.019,1,"WDR90","GSE214411","Myeloid",TRUE
0.313340842793547,0.886920641175563,0.02,0.026,1,"PGBD2","GSE214411","Myeloid",TRUE
0.313527085927974,-0.14710153806196,0.016,0.022,1,"ADCK1","GSE214411","Myeloid",TRUE
0.313631426007033,-0.162386615479844,0.006,0.003,1,"U91328.19","GSE214411","Myeloid",TRUE
0.313631426007033,0.00842179066125937,0.006,0.003,1,"RP4-737E23.2","GSE214411","Myeloid",TRUE
0.313643504684795,-0.537826096354253,0.013,0.019,1,"PSTK","GSE214411","Myeloid",TRUE
0.313705897095713,-0.124932959110075,0.186,0.199,1,"LRRC8C","GSE214411","Myeloid",TRUE
0.313728856855098,-0.923865033876909,0.057,0.066,1,"CRELD1","GSE214411","Myeloid",TRUE
0.31382320856,0.454016914653562,0.039,0.048,1,"EEF2KMT","GSE214411","Myeloid",TRUE
0.313913933498263,-0.731515019807722,0.012,0.017,1,"FBN2","GSE214411","Myeloid",TRUE
0.313917490469442,1.23423163233084,0.035,0.028,1,"ARHGAP19","GSE214411","Myeloid",TRUE
0.313919053962091,-0.0999629833963467,0.095,0.107,1,"GALNT11","GSE214411","Myeloid",TRUE
0.313977337732178,0.198694254102123,0.04,0.032,1,"SMAGP","GSE214411","Myeloid",TRUE
0.314148344671206,-1.1490854615475,0.015,0.021,1,"CAMKMT","GSE214411","Myeloid",TRUE
0.314148344671206,0.478911238812553,0.015,0.021,1,"MICALL2","GSE214411","Myeloid",TRUE
0.314301561211006,0.0459145517121327,0.013,0.019,1,"GDPD5","GSE214411","Myeloid",TRUE
0.314429872426417,0.218608014331297,0.144,0.157,1,"USP4","GSE214411","Myeloid",TRUE
0.314615302200759,-0.254087731947923,0.015,0.021,1,"ARHGEF35","GSE214411","Myeloid",TRUE
0.314821428337413,0.158034281258523,0.189,0.203,1,"ARPC1A","GSE214411","Myeloid",TRUE
0.314966896742329,0.371054846458697,0.012,0.017,1,"ZNF670","GSE214411","Myeloid",TRUE
0.315010624965178,0.399570311057378,0.146,0.127,1,"EPM2AIP1","GSE214411","Myeloid",TRUE
0.315024534878925,-0.00200168762568254,0.247,0.253,1,"MTMR14","GSE214411","Myeloid",TRUE
0.315118591236911,-2.00184796170546,0.006,0.003,1,"MOGAT1","GSE214411","Myeloid",TRUE
0.315144650039529,-0.735831385836867,0.067,0.077,1,"IQCB1","GSE214411","Myeloid",TRUE
0.315148382711267,-0.121131625240462,0.193,0.204,1,"TOR3A","GSE214411","Myeloid",TRUE
0.315238619818685,-0.557054226265534,0.072,0.083,1,"PMM2","GSE214411","Myeloid",TRUE
0.315243396515475,0.0979710705244234,0.164,0.143,1,"LUC7L2","GSE214411","Myeloid",TRUE
0.315422358236728,0.490319491463873,0.315,0.34,1,"GBP2","GSE214411","Myeloid",TRUE
0.315493704347004,-0.0353534706301859,0.205,0.217,1,"HDAC2","GSE214411","Myeloid",TRUE
0.315562889633451,0.144749906330101,0.249,0.224,1,"LDLRAD4","GSE214411","Myeloid",TRUE
0.315626009349245,-0.434619120082283,0.087,0.099,1,"USP11","GSE214411","Myeloid",TRUE
0.315695038856049,0.344978910699187,0.02,0.026,1,"NPW","GSE214411","Myeloid",TRUE
0.315991682903369,-0.197731891716157,0.116,0.101,1,"CASP7","GSE214411","Myeloid",TRUE
0.316198284179691,0.728533864136439,0.012,0.017,1,"RASGRP1","GSE214411","Myeloid",TRUE
0.316315292679869,0.141958173236356,0.066,0.055,1,"INPP5K","GSE214411","Myeloid",TRUE
0.316396646782761,-0.990237286793321,0.021,0.028,1,"RP11-644F5.11","GSE214411","Myeloid",TRUE
0.316539715598286,0.463334354335223,0.21,0.222,1,"TMEM33","GSE214411","Myeloid",TRUE
0.316677408108639,0.159643935964819,0.033,0.041,1,"NMB","GSE214411","Myeloid",TRUE
0.31695913073885,0.196767809624449,0.255,0.269,1,"PGD","GSE214411","Myeloid",TRUE
0.316967414912328,0.0327993326840335,0.069,0.079,1,"PCMTD2","GSE214411","Myeloid",TRUE
0.317238605630036,1.03870524950745,0.018,0.024,1,"MACROD1","GSE214411","Myeloid",TRUE
0.317426625095434,0.405673678613524,0.015,0.021,1,"SEZ6L2","GSE214411","Myeloid",TRUE
0.317499551226125,-0.0714615540410177,0.145,0.156,1,"TM2D3","GSE214411","Myeloid",TRUE
0.317596843722794,-0.726576122639663,0.041,0.05,1,"DFNA5","GSE214411","Myeloid",TRUE
0.31760207432913,0.0781605895925757,0.102,0.114,1,"MBTPS1","GSE214411","Myeloid",TRUE
0.317618383308967,1.35797963318717,0.014,0.01,1,"NCALD","GSE214411","Myeloid",TRUE
0.317645788402559,0.0648265034065636,0.075,0.064,1,"WDR54","GSE214411","Myeloid",TRUE
0.317656692984305,-0.116540047109478,0.148,0.128,1,"CYTH2","GSE214411","Myeloid",TRUE
0.318289637483314,0.280910709706258,0.297,0.266,1,"LILRB3","GSE214411","Myeloid",TRUE
0.318330431945347,-0.157930074611339,0.267,0.274,1,"USP8","GSE214411","Myeloid",TRUE
0.31855270279837,0.0813255202106751,0.214,0.185,1,"RNF187","GSE214411","Myeloid",TRUE
0.318658903080333,1.15428673492176,0.031,0.024,1,"LAMB1","GSE214411","Myeloid",TRUE
0.318777402386064,0.178866007828885,0.261,0.267,1,"LARP1","GSE214411","Myeloid",TRUE
0.319220190619889,0.786610659374563,0.077,0.089,1,"BRCC3","GSE214411","Myeloid",TRUE
0.319537432364143,-0.0711499918002101,0.145,0.156,1,"JPX","GSE214411","Myeloid",TRUE
0.319639354684538,0.0678931208372318,0.548,0.559,1,"ATP5J","GSE214411","Myeloid",TRUE
0.319879779429696,0.25572982310135,0.2,0.178,1,"SPOPL","GSE214411","Myeloid",TRUE
0.319968799374924,-0.056658593810476,0.081,0.068,1,"SCAF4","GSE214411","Myeloid",TRUE
0.320006540969041,0.51382057801663,0.19,0.173,1,"C1orf56","GSE214411","Myeloid",TRUE
0.320310997667037,-0.0208997282696064,0.659,0.734,1,"COX7C","GSE214411","Myeloid",TRUE
0.320445875756367,0.0948387969493935,0.308,0.311,1,"CCDC47","GSE214411","Myeloid",TRUE
0.320574865554345,0.156352191870941,0.178,0.191,1,"RUFY1","GSE214411","Myeloid",TRUE
0.320605123497006,0.0494523916961758,0.124,0.137,1,"ZNF467","GSE214411","Myeloid",TRUE
0.320606289838054,-0.823068528292795,0.042,0.051,1,"ZNF621","GSE214411","Myeloid",TRUE
0.320781458158192,-0.396693168211245,0.059,0.049,1,"TBC1D10A","GSE214411","Myeloid",TRUE
0.320897595966926,1.05920453331364,0.089,0.076,1,"KMT2D","GSE214411","Myeloid",TRUE
0.321025605531389,-0.394168041041139,0.154,0.165,1,"RNF138","GSE214411","Myeloid",TRUE
0.321026034978833,-0.278371255909021,0.082,0.069,1,"PPRC1","GSE214411","Myeloid",TRUE
0.32114164988444,-0.14334186299144,0.299,0.305,1,"CAMTA1","GSE214411","Myeloid",TRUE
0.321434876638873,0.118455313139668,0.014,0.01,1,"RP3-340N1.2","GSE214411","Myeloid",TRUE
0.321528836879394,-0.844412186936168,0.055,0.065,1,"TAB3","GSE214411","Myeloid",TRUE
0.321733835073601,-0.160785797982202,0.034,0.042,1,"TECPR2","GSE214411","Myeloid",TRUE
0.321962019558758,-0.203608861591163,0.16,0.172,1,"CNOT4","GSE214411","Myeloid",TRUE
0.322060385926007,0.409144422670612,0.038,0.047,1,"TMEM209","GSE214411","Myeloid",TRUE
0.322567440584329,-0.999757932775769,0.109,0.119,1,"DBF4","GSE214411","Myeloid",TRUE
0.32285966132604,0.160935991315448,0.15,0.162,1,"DGAT1","GSE214411","Myeloid",TRUE
0.322889557858812,-0.143370856236565,0.034,0.042,1,"MACC1","GSE214411","Myeloid",TRUE
0.322969824582826,-0.53872718897202,0.014,0.01,1,"TIPARP-AS1","GSE214411","Myeloid",TRUE
0.322971765088435,0.111882664469665,0.171,0.182,1,"PRKCD","GSE214411","Myeloid",TRUE
0.323057764921691,-0.868219719113842,0.031,0.039,1,"ZCCHC14","GSE214411","Myeloid",TRUE
0.323100910234849,-0.00771414369900292,0.09,0.102,1,"SDHAF3","GSE214411","Myeloid",TRUE
0.323125744991333,-0.0728818732206487,0.217,0.226,1,"PSMD3","GSE214411","Myeloid",TRUE
0.323143978937614,0.627230354224171,0.014,0.02,1,"BCAM","GSE214411","Myeloid",TRUE
0.323199830963742,-0.0989052842083091,0.092,0.103,1,"DDI2","GSE214411","Myeloid",TRUE
0.323525604472209,-0.108651204971472,0.113,0.125,1,"HDDC2","GSE214411","Myeloid",TRUE
0.323692176048712,-0.211128132567022,0.102,0.112,1,"CLASRP","GSE214411","Myeloid",TRUE
0.32380386289296,-0.138953629593943,0.056,0.066,1,"AAAS","GSE214411","Myeloid",TRUE
0.323821700112023,0.220995754397961,0.211,0.221,1,"BCL6","GSE214411","Myeloid",TRUE
0.323890761429171,0.0449351983560244,0.18,0.189,1,"CNOT7","GSE214411","Myeloid",TRUE
0.32394594615764,0.163506867240441,0.171,0.184,1,"UBE2Z","GSE214411","Myeloid",TRUE
0.324071456693211,1.54738365582418,0.028,0.021,1,"SPSB1","GSE214411","Myeloid",TRUE
0.324077127120648,-0.194732584465979,0.075,0.086,1,"STRN","GSE214411","Myeloid",TRUE
0.324133503587705,1.50300124647746,0.012,0.007,1,"RP11-126K1.2","GSE214411","Myeloid",TRUE
0.324215455559995,0.784628108738129,0.191,0.175,1,"SEMA4D","GSE214411","Myeloid",TRUE
0.324377188094325,0.173011432614997,0.198,0.207,1,"JOSD2","GSE214411","Myeloid",TRUE
0.324386564038277,-0.658232544844794,0.095,0.105,1,"CXorf40B","GSE214411","Myeloid",TRUE
0.324601554402565,-0.46090637115976,0.056,0.066,1,"PPIL1","GSE214411","Myeloid",TRUE
0.324624706793907,0.872969388476641,0.103,0.089,1,"PHF21A","GSE214411","Myeloid",TRUE
0.324653110316566,-0.345507977721423,0.066,0.055,1,"KDM4C","GSE214411","Myeloid",TRUE
0.324779193485605,2.21850497333809,0.012,0.007,1,"PTH1R","GSE214411","Myeloid",TRUE
0.32504540162581,0.233118617865589,0.164,0.148,1,"FCER1A","GSE214411","Myeloid",TRUE
0.325207474280593,-0.740909266069937,0.066,0.075,1,"ZNF226","GSE214411","Myeloid",TRUE
0.325368238018384,0.288448099544389,0.118,0.13,1,"GAB2","GSE214411","Myeloid",TRUE
0.325379884122603,-0.0478520820747645,0.18,0.19,1,"KAT6A","GSE214411","Myeloid",TRUE
0.325997446654866,1.83424956845891,0.009,0.005,1,"RP11-47I22.2","GSE214411","Myeloid",TRUE
0.32626176279761,-0.557130024626928,0.08,0.09,1,"TPK1","GSE214411","Myeloid",TRUE
0.326608547303123,-0.716115651294687,0.03,0.037,1,"NHSL1","GSE214411","Myeloid",TRUE
0.326749481646053,-1.26884219941151,0.026,0.033,1,"TBC1D25","GSE214411","Myeloid",TRUE
0.326888688173463,-0.0308372724850849,0.184,0.166,1,"RAF1","GSE214411","Myeloid",TRUE
0.326945397986763,-0.0615603511061443,0.26,0.271,1,"CAMK1","GSE214411","Myeloid",TRUE
0.326994395212045,1.77760440933121,0.009,0.005,1,"HOXA11-AS","GSE214411","Myeloid",TRUE
0.326997721920397,-0.223633621193797,0.056,0.046,1,"IGF2BP2","GSE214411","Myeloid",TRUE
0.327174003880081,0.017403674326455,0.237,0.247,1,"BDP1","GSE214411","Myeloid",TRUE
0.327243941402907,0.82325829654021,0.009,0.005,1,"CRISPLD1","GSE214411","Myeloid",TRUE
0.327370318632629,0.317303821952697,0.012,0.007,1,"AP001505.10","GSE214411","Myeloid",TRUE
0.327386665318499,0.495338476618395,0.115,0.101,1,"MASTL","GSE214411","Myeloid",TRUE
0.327493611209425,2.31322624908804,0.009,0.005,1,"DMTN","GSE214411","Myeloid",TRUE
0.327533330795268,-0.786844138365811,0.1,0.109,1,"PHYH","GSE214411","Myeloid",TRUE
0.327593131354595,0.311827701189894,0.354,0.363,1,"SERINC1","GSE214411","Myeloid",TRUE
0.327651135993115,0.182597309094589,0.479,0.496,1,"PRR13","GSE214411","Myeloid",TRUE
0.327680812043143,0.218884548463078,0.23,0.204,1,"HUWE1","GSE214411","Myeloid",TRUE
0.327706355422384,-0.799385164612722,0.034,0.042,1,"DPH2","GSE214411","Myeloid",TRUE
0.327743404629002,0.571614466306761,0.009,0.005,1,"ANKRD55","GSE214411","Myeloid",TRUE
0.32774427226207,-0.151238411806096,0.158,0.173,1,"CAND1","GSE214411","Myeloid",TRUE
0.327814496049698,-0.250607789162123,0.202,0.213,1,"MAP7D1","GSE214411","Myeloid",TRUE
0.327872809253334,1.67735291046388,0.024,0.018,1,"NCKAP1","GSE214411","Myeloid",TRUE
0.32792609080243,-0.067058706644723,0.065,0.075,1,"RBBP5","GSE214411","Myeloid",TRUE
0.328453904088468,0.653458417630085,0.012,0.007,1,"RP1-244F24.1","GSE214411","Myeloid",TRUE
0.328493526539132,-0.105379012225606,0.009,0.005,1,"RP11-129M16.4","GSE214411","Myeloid",TRUE
0.328739271498503,-0.533039432045104,0.04,0.048,1,"ZNF444","GSE214411","Myeloid",TRUE
0.32899422582731,0.133070091873392,0.009,0.005,1,"CRB3","GSE214411","Myeloid",TRUE
0.329167015666991,0.567268464714305,0.039,0.031,1,"ACCS","GSE214411","Myeloid",TRUE
0.329244760867063,0.444129977962952,0.009,0.005,1,"FNDC4","GSE214411","Myeloid",TRUE
0.329495419499881,0.397346246976981,0.009,0.005,1,"YPEL4","GSE214411","Myeloid",TRUE
0.329907759754515,-0.0676282757231736,0.148,0.129,1,"TOMM5","GSE214411","Myeloid",TRUE
0.329925335288373,-0.0598715026683787,0.064,0.074,1,"SNIP1","GSE214411","Myeloid",TRUE
0.330081314984552,0.218833928242189,0.091,0.102,1,"CDK19","GSE214411","Myeloid",TRUE
0.330130684517817,0.515880671739899,0.034,0.026,1,"ACOX3","GSE214411","Myeloid",TRUE
0.33023699411446,-0.314744270981422,0.049,0.058,1,"PCED1A","GSE214411","Myeloid",TRUE
0.330386889136034,0.374083870561158,0.066,0.055,1,"ERVK3-1","GSE214411","Myeloid",TRUE
0.330495176888785,0.114085185629082,0.464,0.484,1,"DDT","GSE214411","Myeloid",TRUE
0.330499289898533,-0.821180858813981,0.009,0.005,1,"UPB1","GSE214411","Myeloid",TRUE
0.330559706621669,-0.253642237594379,0.104,0.117,1,"ARHGEF40","GSE214411","Myeloid",TRUE
0.330676871435102,0.180397315204566,0.039,0.031,1,"CRIP2","GSE214411","Myeloid",TRUE
0.331001966572187,-1.40135380690692,0.009,0.005,1,"RP11-305L7.3","GSE214411","Myeloid",TRUE
0.331094734193051,0.41419464049135,0.482,0.477,1,"PPP1R15B","GSE214411","Myeloid",TRUE
0.331564510209604,0.148494716559816,0.353,0.369,1,"KLF10","GSE214411","Myeloid",TRUE
0.331704520950864,0.55298868554678,0.202,0.183,1,"NADK","GSE214411","Myeloid",TRUE
0.332036918191231,-0.248161964206691,0.19,0.201,1,"CTDSP1","GSE214411","Myeloid",TRUE
0.332222653066406,-0.54704420728751,0.057,0.066,1,"BCL7A","GSE214411","Myeloid",TRUE
0.332394629244818,-0.151167686405445,0.055,0.065,1,"CSPP1","GSE214411","Myeloid",TRUE
0.332449882158122,0.0189260386641164,0.083,0.094,1,"SLC30A5","GSE214411","Myeloid",TRUE
0.332743658480324,0.281419116526565,0.05,0.06,1,"KCNE1","GSE214411","Myeloid",TRUE
0.332773673927832,-0.24399065895316,0.227,0.236,1,"FRG1","GSE214411","Myeloid",TRUE
0.332840094901775,-0.11480574725967,0.248,0.265,1,"TLE4","GSE214411","Myeloid",TRUE
0.333036376422615,-0.126726416052723,0.314,0.314,1,"ADRM1","GSE214411","Myeloid",TRUE
0.333311156155926,-0.163522499471263,0.05,0.059,1,"DHX32","GSE214411","Myeloid",TRUE
0.333488088904436,0.233014449811987,0.024,0.018,1,"NAP1L5","GSE214411","Myeloid",TRUE
0.333987962028844,0.18598661775395,0.12,0.105,1,"NPIPB5","GSE214411","Myeloid",TRUE
0.334037396585903,0.088643218917611,0.146,0.127,1,"GSAP","GSE214411","Myeloid",TRUE
0.334059100525139,0.210751447289375,0.092,0.078,1,"THADA","GSE214411","Myeloid",TRUE
0.334226749324697,1.47452959695922,0.018,0.013,1,"FERMT2","GSE214411","Myeloid",TRUE
0.334226749324697,1.18619402018788,0.018,0.013,1,"CA12","GSE214411","Myeloid",TRUE
0.334313027687682,0.328537574135316,0.103,0.089,1,"FAM214B","GSE214411","Myeloid",TRUE
0.334318187520971,0.0754686013871395,0.119,0.131,1,"TTC39C","GSE214411","Myeloid",TRUE
0.334558205463307,0.478357518441077,0.03,0.037,1,"FADD","GSE214411","Myeloid",TRUE
0.334583585453716,0.112815450420791,0.556,0.615,1,"CORO1A","GSE214411","Myeloid",TRUE
0.334708584546293,-0.4489235810521,0.119,0.13,1,"LCMT1","GSE214411","Myeloid",TRUE
0.334803524594265,1.09742113626141,0.031,0.024,1,"AHDC1","GSE214411","Myeloid",TRUE
0.334831112411427,-0.0660001005884006,0.166,0.177,1,"TOR1AIP2","GSE214411","Myeloid",TRUE
0.334857768138472,0.14185208363953,0.032,0.04,1,"GNAI1","GSE214411","Myeloid",TRUE
0.335035295215562,-0.557726310092113,0.048,0.056,1,"BMF","GSE214411","Myeloid",TRUE
0.335093262464215,0.15490624732957,0.18,0.19,1,"SPPL3","GSE214411","Myeloid",TRUE
0.335107874858723,0.035690713701811,0.146,0.158,1,"IPO5","GSE214411","Myeloid",TRUE
0.335339818949414,-0.256439576740817,0.049,0.058,1,"ZNF664","GSE214411","Myeloid",TRUE
0.335439288560443,-0.139850719748525,0.123,0.135,1,"CLECL1","GSE214411","Myeloid",TRUE
0.335825255332719,0.0255027900740075,0.125,0.137,1,"UPF3B","GSE214411","Myeloid",TRUE
0.336149428647558,-0.184929184113693,0.154,0.164,1,"YIPF6","GSE214411","Myeloid",TRUE
0.336253606171795,0.349808922846552,0.118,0.104,1,"CERK","GSE214411","Myeloid",TRUE
0.336269603436519,-0.478301302367165,0.134,0.146,1,"NSMCE3","GSE214411","Myeloid",TRUE
0.33632630582548,0.00435929625596576,0.273,0.274,1,"PQLC1","GSE214411","Myeloid",TRUE
0.336335151480462,-0.34500757856669,0.245,0.248,1,"TPRKB","GSE214411","Myeloid",TRUE
0.336761025787776,0.190030038096185,0.031,0.039,1,"DVL1","GSE214411","Myeloid",TRUE
0.336776992681721,0.0559185458613942,0.173,0.185,1,"GRAMD1A","GSE214411","Myeloid",TRUE
0.337295376362145,0.160741271354559,0.19,0.171,1,"PACSIN2","GSE214411","Myeloid",TRUE
0.337357732433417,-0.272492989077748,0.235,0.244,1,"BIRC6","GSE214411","Myeloid",TRUE
0.337367587541038,1.21663842895988,0.018,0.013,1,"RP11-127B20.3","GSE214411","Myeloid",TRUE
0.337486587420794,-0.813793754718629,0.028,0.035,1,"OPRL1","GSE214411","Myeloid",TRUE
0.337789783267286,-0.697802810765091,0.049,0.058,1,"LDB1","GSE214411","Myeloid",TRUE
0.338221798166937,0.0352383560730998,0.189,0.2,1,"SPG20","GSE214411","Myeloid",TRUE
0.338237321549346,-0.0476311235022258,0.099,0.11,1,"RPE","GSE214411","Myeloid",TRUE
0.338972605348738,-0.0611397476249753,0.167,0.176,1,"AP2B1","GSE214411","Myeloid",TRUE
0.338985809722281,-0.78517870881244,0.028,0.035,1,"ERI2","GSE214411","Myeloid",TRUE
0.339239681133534,0.000146555938471682,0.242,0.254,1,"SATB1","GSE214411","Myeloid",TRUE
0.339313401231949,-0.321614711520797,0.128,0.14,1,"WDFY4","GSE214411","Myeloid",TRUE
0.339412774725906,0.236373109676413,0.346,0.354,1,"ZFAND6","GSE214411","Myeloid",TRUE
0.339450905061606,0.230461696123691,0.073,0.061,1,"EIF1AD","GSE214411","Myeloid",TRUE
0.339479092517662,0.159491856024252,0.172,0.182,1,"GABPB1","GSE214411","Myeloid",TRUE
0.339574444837389,-0.224017153860461,0.191,0.2,1,"AKAP17A","GSE214411","Myeloid",TRUE
0.339598025446748,0.364196463801133,0.046,0.055,1,"SLC35B3","GSE214411","Myeloid",TRUE
0.339676028882214,0.434547160785734,0.078,0.089,1,"PKNOX1","GSE214411","Myeloid",TRUE
0.339693538439815,0.0609860006582026,0.185,0.196,1,"PPIL4","GSE214411","Myeloid",TRUE
0.3397632074745,0.304512694229295,0.034,0.026,1,"IMMP2L","GSE214411","Myeloid",TRUE
0.34005946638498,-0.303833905795371,0.184,0.16,1,"SLCO3A1","GSE214411","Myeloid",TRUE
0.340141074362566,0.117205526077922,0.113,0.126,1,"RHOU","GSE214411","Myeloid",TRUE
0.340418790131344,0.000676921000657416,0.026,0.033,1,"RAB33B","GSE214411","Myeloid",TRUE
0.340660934916258,0.428617796423016,0.038,0.03,1,"LRRC37B","GSE214411","Myeloid",TRUE
0.340740481538412,-0.146771572348331,0.141,0.154,1,"TMEM51","GSE214411","Myeloid",TRUE
0.340847869170183,0.157275539864444,0.13,0.142,1,"CRLF3","GSE214411","Myeloid",TRUE
0.341296963578462,-1.02090607324996,0.049,0.04,1,"MED26","GSE214411","Myeloid",TRUE
0.341344135858557,-0.321770001908337,0.042,0.034,1,"CRY2","GSE214411","Myeloid",TRUE
0.341382468298683,0.430065139492326,0.1,0.086,1,"SLC25A32","GSE214411","Myeloid",TRUE
0.341465351821436,-0.142468677244911,0.124,0.135,1,"ZNF580","GSE214411","Myeloid",TRUE
0.341697687853789,0.294930713969954,0.033,0.041,1,"CTDSPL","GSE214411","Myeloid",TRUE
0.34179980410041,-0.463491415427004,0.157,0.167,1,"SLC35B1","GSE214411","Myeloid",TRUE
0.341972738314894,0.140195807591988,0.065,0.054,1,"KANSL3","GSE214411","Myeloid",TRUE
0.342073243891564,-0.174325530399474,0.126,0.109,1,"TMCC3","GSE214411","Myeloid",TRUE
0.342199934155316,0.318729132790146,0.181,0.162,1,"RELA","GSE214411","Myeloid",TRUE
0.34232002486653,-0.252011873538768,0.066,0.076,1,"IP6K1","GSE214411","Myeloid",TRUE
0.342357792590007,1.35359612222417,0.025,0.019,1,"SLC25A30","GSE214411","Myeloid",TRUE
0.342506909312135,0.304335170044331,0.192,0.171,1,"AAMP","GSE214411","Myeloid",TRUE
0.342561299841064,-1.23794285789718,0.003,0.005,1,"KCND3","GSE214411","Myeloid",TRUE
0.342561299841064,-1.66001969014637,0.003,0.005,1,"AC008522.1","GSE214411","Myeloid",TRUE
0.342561299841064,-1.9336717730161,0.003,0.005,1,"CYP3A5","GSE214411","Myeloid",TRUE
0.342561299841064,-3.04253097521397,0.003,0.005,1,"SCML2","GSE214411","Myeloid",TRUE
0.342569057241046,0.0959943603208856,0.468,0.482,1,"VDAC1","GSE214411","Myeloid",TRUE
0.34279148358786,0.173281068107249,0.045,0.036,1,"RP11-147L13.11","GSE214411","Myeloid",TRUE
0.343264590114464,-1.53127423135772,0.003,0.005,1,"RP3-323P24.3","GSE214411","Myeloid",TRUE
0.343264590114464,-2.66684689542181,0.003,0.005,1,"LILRA4","GSE214411","Myeloid",TRUE
0.343425486435326,-0.528101957028365,0.113,0.124,1,"FAM21A","GSE214411","Myeloid",TRUE
0.343616580926732,-1.42120685223593,0.003,0.005,1,"AC142528.1","GSE214411","Myeloid",TRUE
0.343616580926732,-1.98565256986271,0.003,0.005,1,"RP11-191L17.1","GSE214411","Myeloid",TRUE
0.343616580926732,-2.07316042604942,0.003,0.005,1,"CCR3","GSE214411","Myeloid",TRUE
0.343616580926732,-2.74128700521982,0.003,0.005,1,"KDR","GSE214411","Myeloid",TRUE
0.343616580926732,-1.26294914317316,0.003,0.005,1,"WDR17","GSE214411","Myeloid",TRUE
0.343616580926732,-1.27023083145133,0.003,0.005,1,"MANEA-AS1","GSE214411","Myeloid",TRUE
0.343616580926732,-1.65108618895858,0.003,0.005,1,"RP11-88I18.2","GSE214411","Myeloid",TRUE
0.343616580926732,-2.35198977816043,0.003,0.005,1,"RP11-686D22.4","GSE214411","Myeloid",TRUE
0.343768729655647,-0.218894751140887,0.119,0.13,1,"IP6K2","GSE214411","Myeloid",TRUE
0.343853484895157,-0.788470881152556,0.057,0.047,1,"DXO","GSE214411","Myeloid",TRUE
0.343871502155791,-0.214707636616911,0.187,0.193,1,"ELMO1","GSE214411","Myeloid",TRUE
0.343968802166495,-2.92905463447905,0.003,0.005,1,"RP1-202O8.3","GSE214411","Myeloid",TRUE
0.343968802166495,-0.983304445857446,0.003,0.005,1,"RP11-492I21.1","GSE214411","Myeloid",TRUE
0.343968802166495,-2.79143274970337,0.003,0.005,1,"RP11-53O19.3","GSE214411","Myeloid",TRUE
0.343968802166495,-1.34662674728694,0.003,0.005,1,"FLJ13224","GSE214411","Myeloid",TRUE
0.344035596457254,-0.939557342034168,0.084,0.092,1,"AP001055.6","GSE214411","Myeloid",TRUE
0.344169669068477,-0.236812436470165,0.131,0.139,1,"PPIL3","GSE214411","Myeloid",TRUE
0.344227604072534,0.245084977245281,0.394,0.373,1,"CSTA","GSE214411","Myeloid",TRUE
0.344260331677463,-0.598576162525262,0.044,0.053,1,"TSPAN17","GSE214411","Myeloid",TRUE
0.344321253816301,-0.0318371596060114,0.003,0.005,1,"ZNF683","GSE214411","Myeloid",TRUE
0.344321253816301,0.558883885422119,0.003,0.005,1,"BOLA3-AS1","GSE214411","Myeloid",TRUE
0.344321253816301,-0.418032713895425,0.003,0.005,1,"RP11-548H3.1","GSE214411","Myeloid",TRUE
0.344321253816301,-1.03720996528958,0.003,0.005,1,"ZXDA","GSE214411","Myeloid",TRUE
0.344321253816301,-1.37492999176188,0.003,0.005,1,"KLHL35","GSE214411","Myeloid",TRUE
0.344321253816301,-1.21896080371475,0.003,0.005,1,"RP1-102E24.8","GSE214411","Myeloid",TRUE
0.344321253816301,-2.89998877600348,0.003,0.005,1,"ZNF19","GSE214411","Myeloid",TRUE
0.344321253816301,-1.09893309440773,0.003,0.005,1,"RP3-510H16.3","GSE214411","Myeloid",TRUE
0.344321253816301,-1.3544967118188,0.003,0.005,1,"TMPRSS3","GSE214411","Myeloid",TRUE
0.344508731365714,0.0124544577625252,0.049,0.04,1,"USF1","GSE214411","Myeloid",TRUE
0.344524424564122,0.0767333081726866,0.128,0.139,1,"TBC1D14","GSE214411","Myeloid",TRUE
0.344625973808218,-0.153101947509051,0.115,0.127,1,"DENND1A","GSE214411","Myeloid",TRUE
0.344673935858467,-2.44377068784334,0.003,0.005,1,"RSG1","GSE214411","Myeloid",TRUE
0.344673935858467,-2.44815572808631,0.003,0.005,1,"RP11-548P2.2","GSE214411","Myeloid",TRUE
0.344673935858467,-1.41052157378438,0.003,0.005,1,"CCDC148","GSE214411","Myeloid",TRUE
0.344673935858467,-1.19341797675668,0.003,0.005,1,"LBHD1","GSE214411","Myeloid",TRUE
0.344673935858467,-1.14706021619134,0.003,0.005,1,"RP11-77P6.2","GSE214411","Myeloid",TRUE
0.344788090308178,-0.0736423821123,0.123,0.136,1,"SAE1","GSE214411","Myeloid",TRUE
0.344825682788199,0.603554473511538,0.041,0.05,1,"RAD17","GSE214411","Myeloid",TRUE
0.344893790682929,-0.438349098365155,0.065,0.074,1,"ATAD3A","GSE214411","Myeloid",TRUE
0.345026848275078,0.590838139570788,0.003,0.005,1,"PKD2L2","GSE214411","Myeloid",TRUE
0.345026848275078,1.42596775570757,0.003,0.005,1,"RBM24","GSE214411","Myeloid",TRUE
0.345026848275078,-0.863577017904241,0.003,0.005,1,"AP001056.1","GSE214411","Myeloid",TRUE
0.345154631181307,0.0444314447753302,0.552,0.625,1,"ATP1B3","GSE214411","Myeloid",TRUE
0.345202479320864,0.23407751017377,0.169,0.154,1,"CST7","GSE214411","Myeloid",TRUE
0.345214343242534,0.598683221185738,0.128,0.114,1,"ACOX1","GSE214411","Myeloid",TRUE
0.345379991047987,-1.00172956443806,0.003,0.005,1,"ADGRF3","GSE214411","Myeloid",TRUE
0.345379991047987,-0.781858070514807,0.003,0.005,1,"ACKR2","GSE214411","Myeloid",TRUE
0.345379991047987,-1.06707781127384,0.003,0.005,1,"RP11-304L19.13","GSE214411","Myeloid",TRUE
0.345379991047987,0.0994120524431903,0.003,0.005,1,"MYH7B","GSE214411","Myeloid",TRUE
0.345463812477591,-0.0468077306808332,0.451,0.461,1,"FAM133B","GSE214411","Myeloid",TRUE
0.345500193866218,1.20215437629382,0.074,0.064,1,"TMEM181","GSE214411","Myeloid",TRUE
0.345606646638362,-0.0511859648249313,0.777,0.888,1,"RPL36","GSE214411","Myeloid",TRUE
0.345611406816565,-0.151129608124635,0.031,0.038,1,"PAEP","GSE214411","Myeloid",TRUE
0.345733364158816,0.315685193255388,0.003,0.005,1,"FAM72C","GSE214411","Myeloid",TRUE
0.345733364158816,-1.06313193945851,0.003,0.005,1,"C9orf106","GSE214411","Myeloid",TRUE
0.345733364158816,-0.933567575213794,0.003,0.005,1,"RP11-392P7.6","GSE214411","Myeloid",TRUE
0.345803919221745,-0.553700802182719,0.038,0.046,1,"PSEN2","GSE214411","Myeloid",TRUE
0.345903741647495,0.266467485386216,0.148,0.131,1,"OTUD5","GSE214411","Myeloid",TRUE
0.346004725982766,1.20972732584184,0.054,0.065,1,"FBXO38","GSE214411","Myeloid",TRUE
0.346086967588954,0.537432850792205,0.003,0.005,1,"DHDH","GSE214411","Myeloid",TRUE
0.346419828794088,-0.423715913581547,0.079,0.089,1,"CSNK1G1","GSE214411","Myeloid",TRUE
0.346440801319558,1.62940330911479,0.003,0.005,1,"CCDC173","GSE214411","Myeloid",TRUE
0.346440801319558,-0.586996540454751,0.003,0.005,1,"SOBP","GSE214411","Myeloid",TRUE
0.346440801319558,1.02953640555389,0.003,0.005,1,"KNDC1","GSE214411","Myeloid",TRUE
0.346440801319558,-0.308874262691932,0.003,0.005,1,"SSTR2","GSE214411","Myeloid",TRUE
0.346794865331552,0.411509151323498,0.003,0.005,1,"HIST1H2AK","GSE214411","Myeloid",TRUE
0.346794865331552,0.257118558338649,0.003,0.005,1,"CHST3","GSE214411","Myeloid",TRUE
0.346926698479788,0.964767876880862,0.028,0.035,1,"L3MBTL3","GSE214411","Myeloid",TRUE
0.347188415742903,-0.635887328015998,0.027,0.034,1,"UTP15","GSE214411","Myeloid",TRUE
0.347192232541329,-0.026132186455313,0.026,0.033,1,"CNTROB","GSE214411","Myeloid",TRUE
0.347256603371564,0.0501943228287847,0.161,0.143,1,"PDE4DIP","GSE214411","Myeloid",TRUE
0.347538529870602,0.0739465282194631,0.19,0.169,1,"CPSF6","GSE214411","Myeloid",TRUE
0.347858438861643,-0.365345244719531,0.003,0.005,1,"AC026202.3","GSE214411","Myeloid",TRUE
0.347858438861643,1.28117333565478,0.003,0.005,1,"ZNF341-AS1","GSE214411","Myeloid",TRUE
0.347858438861643,1.74986272390116,0.003,0.005,1,"MYH14","GSE214411","Myeloid",TRUE
0.347937446514083,0.102892806320521,0.235,0.244,1,"IFT20","GSE214411","Myeloid",TRUE
0.348044536470616,0.216137050691204,0.357,0.356,1,"PREX1","GSE214411","Myeloid",TRUE
0.34805467133138,0.0824971945738593,0.09,0.077,1,"CH17-189H20.1","GSE214411","Myeloid",TRUE
0.348094194202839,0.0877818671045831,0.272,0.293,1,"DMXL2","GSE214411","Myeloid",TRUE
0.348347562992969,0.188467919337065,0.4,0.418,1,"CASP4","GSE214411","Myeloid",TRUE
0.348662680340332,0.299482499684371,0.05,0.041,1,"CD1A","GSE214411","Myeloid",TRUE
0.348782624406897,0.0155118372896217,0.039,0.031,1,"FUT4","GSE214411","Myeloid",TRUE
0.349060724227831,-0.18312063693427,0.13,0.144,1,"FILIP1L","GSE214411","Myeloid",TRUE
0.34914050628151,0.693319754937276,0.031,0.038,1,"YOD1","GSE214411","Myeloid",TRUE
0.349407968491055,0.0374297601067803,0.5,0.537,1,"EIF1AX","GSE214411","Myeloid",TRUE
0.349527675729157,0.331521480286775,0.24,0.22,1,"MAPRE2","GSE214411","Myeloid",TRUE
0.349530573618965,-0.649568915056996,0.056,0.065,1,"SLC2A13","GSE214411","Myeloid",TRUE
0.34955831841394,0.167960320216536,0.029,0.036,1,"UHRF1","GSE214411","Myeloid",TRUE
0.350132076112542,1.69859928045813,0.015,0.011,1,"AMOT","GSE214411","Myeloid",TRUE
0.350326978572634,1.04764929647001,0.015,0.011,1,"RP4-671O14.7","GSE214411","Myeloid",TRUE
0.351148057685391,-0.719641942563024,0.052,0.06,1,"MIB2","GSE214411","Myeloid",TRUE
0.35133230135476,-0.814198242207724,0.027,0.034,1,"RINT1","GSE214411","Myeloid",TRUE
0.351370463059315,0.585790584039705,0.062,0.052,1,"KCTD10","GSE214411","Myeloid",TRUE
0.351689543674251,-0.607565034645447,0.067,0.077,1,"ZNF830","GSE214411","Myeloid",TRUE
0.351799178509431,0.594785344470515,0.277,0.261,1,"FAM162A","GSE214411","Myeloid",TRUE
0.351885001540575,-0.113697724860086,0.058,0.067,1,"RCL1","GSE214411","Myeloid",TRUE
0.352103317778803,-0.120701055116175,0.071,0.082,1,"TSHZ1","GSE214411","Myeloid",TRUE
0.352664343942231,0.26598907102484,0.075,0.086,1,"TLR8","GSE214411","Myeloid",TRUE
0.352864792910787,0.105115459297594,0.032,0.04,1,"LDLRAP1","GSE214411","Myeloid",TRUE
0.352936373693833,-0.76644625599924,0.066,0.075,1,"WASH1","GSE214411","Myeloid",TRUE
0.353197161499924,-0.011380698805779,0.075,0.086,1,"NIP7","GSE214411","Myeloid",TRUE
0.353411129672676,0.276332168406061,0.025,0.019,1,"CTIF","GSE214411","Myeloid",TRUE
0.3538469840374,0.296039799602882,0.015,0.011,1,"RAB23","GSE214411","Myeloid",TRUE
0.353859271848636,0.629647323579161,0.047,0.038,1,"ATHL1","GSE214411","Myeloid",TRUE
0.353959976345183,0.412010076598372,0.141,0.124,1,"ATF6B","GSE214411","Myeloid",TRUE
0.354177784278635,0.08807659547942,0.058,0.048,1,"STRBP","GSE214411","Myeloid",TRUE
0.354212993795307,-0.270148367241007,0.218,0.227,1,"TAF9","GSE214411","Myeloid",TRUE
0.354236410369734,0.296589605821977,0.04,0.049,1,"RP11-620J15.3","GSE214411","Myeloid",TRUE
0.354241183673136,0.188128990253458,0.159,0.14,1,"SREBF1","GSE214411","Myeloid",TRUE
0.354423550317749,0.45549130830857,0.04,0.048,1,"DHX33","GSE214411","Myeloid",TRUE
0.3545193164871,0.0269195629579595,0.133,0.143,1,"ACBD6","GSE214411","Myeloid",TRUE
0.354545035940615,-0.0602032379836039,0.111,0.096,1,"FAM126A","GSE214411","Myeloid",TRUE
0.354715503458381,0.52900279029379,0.079,0.068,1,"MOAP1","GSE214411","Myeloid",TRUE
0.355128995507476,-0.325429966632794,0.099,0.108,1,"CLOCK","GSE214411","Myeloid",TRUE
0.355331142035412,1.0678676860068,0.004,0.002,1,"TTC39A","GSE214411","Myeloid",TRUE
0.355339611891727,0.47162883449574,0.022,0.016,1,"PLXDC1","GSE214411","Myeloid",TRUE
0.355418580372144,0.395214171216945,0.015,0.011,1,"APTR","GSE214411","Myeloid",TRUE
0.355626922741378,0.59317119187605,0.047,0.038,1,"TRMT10A","GSE214411","Myeloid",TRUE
0.355773935559169,-0.27897298733703,0.076,0.087,1,"YEATS2","GSE214411","Myeloid",TRUE
0.355819716610054,-0.640833902951925,0.078,0.088,1,"C18orf8","GSE214411","Myeloid",TRUE
0.355823719983125,-0.0328490450942063,0.071,0.081,1,"PCNT","GSE214411","Myeloid",TRUE
0.356100507804568,3.55671338077851,0.004,0.002,1,"FAM188B","GSE214411","Myeloid",TRUE
0.356100507804568,3.16758598881239,0.004,0.002,1,"DOK4","GSE214411","Myeloid",TRUE
0.356213331393612,0.0759918784601981,0.67,0.734,1,"ARPC5","GSE214411","Myeloid",TRUE
0.356349211350839,0.308420322975199,0.395,0.369,1,"MTCH1","GSE214411","Myeloid",TRUE
0.356357856058454,-0.624139880308813,0.073,0.082,1,"AP1G2","GSE214411","Myeloid",TRUE
0.356485584244624,2.32007275743262,0.004,0.002,1,"CD8B","GSE214411","Myeloid",TRUE
0.356485584244624,1.55016803140809,0.004,0.002,1,"IL17RB","GSE214411","Myeloid",TRUE
0.356485584244624,2.89639136251311,0.004,0.002,1,"FAM107A","GSE214411","Myeloid",TRUE
0.356485584244624,3.1314408444686,0.004,0.002,1,"SLC12A8","GSE214411","Myeloid",TRUE
0.356485584244624,1.08106199432622,0.004,0.002,1,"RP11-557H15.3","GSE214411","Myeloid",TRUE
0.356485584244624,1.55752300076359,0.004,0.002,1,"LINC00639","GSE214411","Myeloid",TRUE
0.356485584244624,2.57868519737629,0.004,0.002,1,"DUOXA1","GSE214411","Myeloid",TRUE
0.356485584244624,1.07177127889456,0.004,0.002,1,"LL21NC02-1C16.2","GSE214411","Myeloid",TRUE
0.356870923013349,0.674232550325535,0.004,0.002,1,"TRIM45","GSE214411","Myeloid",TRUE
0.356870923013349,0.730813597271173,0.004,0.002,1,"RP5-1065P14.2","GSE214411","Myeloid",TRUE
0.356870923013349,2.47764821918757,0.004,0.002,1,"SERPINE2","GSE214411","Myeloid",TRUE
0.356870923013349,1.3943436679532,0.004,0.002,1,"FBXL7","GSE214411","Myeloid",TRUE
0.356870923013349,1.49605229414884,0.004,0.002,1,"RP11-48B3.3","GSE214411","Myeloid",TRUE
0.356870923013349,3.57045914358002,0.004,0.002,1,"MEIG1","GSE214411","Myeloid",TRUE
0.356927757279114,-0.318647172669618,0.105,0.091,1,"BOP1","GSE214411","Myeloid",TRUE
0.356940783498876,-0.90308216338455,0.043,0.051,1,"SGSH","GSE214411","Myeloid",TRUE
0.356985517318673,0.0497718635425639,0.098,0.108,1,"DSCR3","GSE214411","Myeloid",TRUE
0.357075963468501,-0.553956421646282,0.052,0.06,1,"ABHD15","GSE214411","Myeloid",TRUE
0.357191881684717,-0.452158405029647,0.015,0.011,1,"PDE6G","GSE214411","Myeloid",TRUE
0.357256524079122,0.43451708915736,0.004,0.002,1,"RP11-287D1.2","GSE214411","Myeloid",TRUE
0.357256524079122,2.76253158550457,0.004,0.002,1,"RP11-774O3.3","GSE214411","Myeloid",TRUE
0.357256524079122,2.10165227487022,0.004,0.002,1,"AOC1","GSE214411","Myeloid",TRUE
0.357256524079122,2.68759330825268,0.004,0.002,1,"NOS3","GSE214411","Myeloid",TRUE
0.357256524079122,-2.46860218706621,0.004,0.002,1,"NNAT","GSE214411","Myeloid",TRUE
0.357256524079122,2.22931979749073,0.004,0.002,1,"PTK6","GSE214411","Myeloid",TRUE
0.357381089074398,-0.875877585995736,0.037,0.044,1,"C2CD3","GSE214411","Myeloid",TRUE
0.357583512587511,3.20879244283246,0.001,0,1,"RP11-54O7.3","GSE214411","Myeloid",TRUE
0.357583512587511,3.20490661303945,0.001,0,1,"CFAP74","GSE214411","Myeloid",TRUE
0.357583512587511,0.355042572629509,0.001,0,1,"GABRD","GSE214411","Myeloid",TRUE
0.357583512587511,0.7209852446399,0.001,0,1,"PLCH2","GSE214411","Myeloid",TRUE
0.357583512587511,0.577124301563929,0.001,0,1,"TTC34","GSE214411","Myeloid",TRUE
0.357583512587511,0.403839356575702,0.001,0,1,"RP11-312B8.1","GSE214411","Myeloid",TRUE
0.357583512587511,0.618534993764481,0.001,0,1,"RP11-338N10.2","GSE214411","Myeloid",TRUE
0.357583512587511,0.960057388993723,0.001,0,1,"RP11-338N10.3","GSE214411","Myeloid",TRUE
0.357583512587511,0.365855267042166,0.001,0,1,"ENO1-AS1","GSE214411","Myeloid",TRUE
0.357583512587511,0.463643461261258,0.001,0,1,"CORT","GSE214411","Myeloid",TRUE
0.357583512587511,0.395119080401578,0.001,0,1,"C1orf167","GSE214411","Myeloid",TRUE
0.357583512587511,1.44583215832531,0.001,0,1,"NPPA","GSE214411","Myeloid",TRUE
0.357583512587511,0.831458660592173,0.001,0,1,"PLA2G2C","GSE214411","Myeloid",TRUE
0.357583512587511,0.459291307841598,0.001,0,1,"SH2D5","GSE214411","Myeloid",TRUE
0.357583512587511,0.652513383547635,0.001,0,1,"RP3-329E20.2","GSE214411","Myeloid",TRUE
0.357583512587511,0.604646113639513,0.001,0,1,"RP11-70P17.1","GSE214411","Myeloid",TRUE
0.357583512587511,0.41837250820919,0.001,0,1,"EXTL1","GSE214411","Myeloid",TRUE
0.357583512587511,0.403462690827302,0.001,0,1,"RP5-1125N11.2","GSE214411","Myeloid",TRUE
0.357583512587511,0.7209852446399,0.001,0,1,"GJB3","GSE214411","Myeloid",TRUE
0.357583512587511,0.676456569749856,0.001,0,1,"RP1-118J21.25","GSE214411","Myeloid",TRUE
0.357583512587511,4.04411710739554,0.001,0,1,"RP5-994D16.3","GSE214411","Myeloid",TRUE
0.357583512587511,0.223728312408692,0.001,0,1,"SLC2A1-AS1","GSE214411","Myeloid",TRUE
0.357583512587511,0.7209852446399,0.001,0,1,"SLC6A9","GSE214411","Myeloid",TRUE
0.357583512587511,0.240573120477,0.001,0,1,"LINC01144","GSE214411","Myeloid",TRUE
0.357583512587511,0.73527563515092,0.001,0,1,"RP11-49P4.7","GSE214411","Myeloid",TRUE
0.357583512587511,1.38203814614706,0.001,0,1,"DMRTA2","GSE214411","Myeloid",TRUE
0.357583512587511,3.59479224211786,0.001,0,1,"ZYG11A","GSE214411","Myeloid",TRUE
0.357583512587511,3.32586972936911,0.001,0,1,"TTC22","GSE214411","Myeloid",TRUE
0.357583512587511,0.922794811315391,0.001,0,1,"RP11-504A18.1","GSE214411","Myeloid",TRUE
0.357583512587511,3.78629704826513,0.001,0,1,"DAB1","GSE214411","Myeloid",TRUE
0.357583512587511,0.68048647655756,0.001,0,1,"FOXD3-AS1","GSE214411","Myeloid",TRUE
0.357583512587511,1.3483301110962,0.001,0,1,"FOXD3","GSE214411","Myeloid",TRUE
0.357583512587511,0.937362250558577,0.001,0,1,"RP4-535B20.4","GSE214411","Myeloid",TRUE
0.357583512587511,0.361482512070799,0.001,0,1,"DEPDC1-AS1","GSE214411","Myeloid",TRUE
0.357583512587511,1.01688391132112,0.001,0,1,"SLC44A5","GSE214411","Myeloid",TRUE
0.357583512587511,0.766971239862732,0.001,0,1,"ST6GALNAC5","GSE214411","Myeloid",TRUE
0.357583512587511,0.698487439737633,0.001,0,1,"RP11-486G15.2","GSE214411","Myeloid",TRUE
0.357583512587511,3.52398981294308,0.001,0,1,"GBP6","GSE214411","Myeloid",TRUE
0.357583512587511,3.49905942355278,0.001,0,1,"PLPPR5","GSE214411","Myeloid",TRUE
0.357583512587511,0.425396761787654,0.001,0,1,"GPR88","GSE214411","Myeloid",TRUE
0.357583512587511,0.463018334785533,0.001,0,1,"OLFM3","GSE214411","Myeloid",TRUE
0.357583512587511,0.640441311957336,0.001,0,1,"FNDC7","GSE214411","Myeloid",TRUE
0.357583512587511,0.990430862803658,0.001,0,1,"AKNAD1","GSE214411","Myeloid",TRUE
0.357583512587511,0.673770372024107,0.001,0,1,"AP4B1-AS1","GSE214411","Myeloid",TRUE
0.357583512587511,0.667272251995565,0.001,0,1,"RP4-753F5.1","GSE214411","Myeloid",TRUE
0.357583512587511,0.425396761787654,0.001,0,1,"RP11-27K13.3","GSE214411","Myeloid",TRUE
0.357583512587511,0.959215889775079,0.001,0,1,"XXyac-YX155B6.5","GSE214411","Myeloid",TRUE
0.357583512587511,0.310854913844093,0.001,0,1,"RP11-98D18.3","GSE214411","Myeloid",TRUE
0.357583512587511,0.458365858184258,0.001,0,1,"FLG-AS1","GSE214411","Myeloid",TRUE
0.357583512587511,2.43840974288109,0.001,0,1,"HRNR","GSE214411","Myeloid",TRUE
0.357583512587511,0.89141414678701,0.001,0,1,"NPR1","GSE214411","Myeloid",TRUE
0.357583512587511,0.463018334785533,0.001,0,1,"NUP210L","GSE214411","Myeloid",TRUE
0.357583512587511,0.681091107186557,0.001,0,1,"RP11-350G8.9","GSE214411","Myeloid",TRUE
0.357583512587511,1.24127868841764,0.001,0,1,"LINC01133","GSE214411","Myeloid",TRUE
0.357583512587511,1.19034225531601,0.001,0,1,"RP11-404F10.2","GSE214411","Myeloid",TRUE
0.357583512587511,3.90990790986511,0.001,0,1,"RP11-297K8.2","GSE214411","Myeloid",TRUE
0.357583512587511,0.678497017992807,0.001,0,1,"RP11-280O1.2","GSE214411","Myeloid",TRUE
0.357583512587511,0.262477567707075,0.001,0,1,"RP11-306I1.2","GSE214411","Myeloid",TRUE
0.357583512587511,0.976070488992194,0.001,0,1,"ADCY10","GSE214411","Myeloid",TRUE
0.357583512587511,0.484192687969617,0.001,0,1,"SERPINC1","GSE214411","Myeloid",TRUE
0.357583512587511,0.507344700839429,0.001,0,1,"PAPPA2","GSE214411","Myeloid",TRUE
0.357583512587511,0.957274700132784,0.001,0,1,"RP11-428K3.1","GSE214411","Myeloid",TRUE
0.357583512587511,3.76375841763161,0.001,0,1,"CACNA1E","GSE214411","Myeloid",TRUE
0.357583512587511,0.302666337708432,0.001,0,1,"RP11-382D12.2","GSE214411","Myeloid",TRUE
0.357583512587511,0.459772159061579,0.001,0,1,"GS1-304P7.3","GSE214411","Myeloid",TRUE
0.357583512587511,0.550945247584215,0.001,0,1,"B3GALT2","GSE214411","Myeloid",TRUE
0.357583512587511,0.626723397458747,0.001,0,1,"LINC00862","GSE214411","Myeloid",TRUE
0.357583512587511,0.600469194459059,0.001,0,1,"IGFN1","GSE214411","Myeloid",TRUE
0.357583512587511,0.446757391004166,0.001,0,1,"RP11-27G14.4","GSE214411","Myeloid",TRUE
0.357583512587511,0.570239566899463,0.001,0,1,"RP11-307B6.3","GSE214411","Myeloid",TRUE
0.357583512587511,0.54847891298815,0.001,0,1,"RP11-465N4.4","GSE214411","Myeloid",TRUE
0.357583512587511,2.84827791607311,0.001,0,1,"ETNK2","GSE214411","Myeloid",TRUE
0.357583512587511,0.344806285427412,0.001,0,1,"REN","GSE214411","Myeloid",TRUE
0.357583512587511,1.71729751832724,0.001,0,1,"RP11-38J22.3","GSE214411","Myeloid",TRUE
0.357583512587511,0.573737202153398,0.001,0,1,"RP11-6J21.2","GSE214411","Myeloid",TRUE
0.357583512587511,3.244342124705,0.001,0,1,"RP11-338C15.5","GSE214411","Myeloid",TRUE
0.357583512587511,1.90873610899038,0.001,0,1,"SPATA45","GSE214411","Myeloid",TRUE
0.357583512587511,0.20894274066287,0.001,0,1,"TGFB2-AS1","GSE214411","Myeloid",TRUE
0.357583512587511,0.498794149455435,0.001,0,1,"LYPLAL1-AS1","GSE214411","Myeloid",TRUE
0.357583512587511,0.489355171874607,0.001,0,1,"HLX-AS1","GSE214411","Myeloid",TRUE
0.357583512587511,3.74828230840021,0.001,0,1,"LINC01354","GSE214411","Myeloid",TRUE
0.357583512587511,1.90873610899038,0.001,0,1,"RGS7","GSE214411","Myeloid",TRUE
0.357583512587511,0.638626622279345,0.001,0,1,"RP11-527D7.1","GSE214411","Myeloid",TRUE
0.357583512587511,0.627417504238602,0.001,0,1,"RP11-518L10.5","GSE214411","Myeloid",TRUE
0.357583512587511,0.54847891298815,0.001,0,1,"AC092159.2","GSE214411","Myeloid",TRUE
0.357583512587511,0.835286797111767,0.001,0,1,"TRAPPC12-AS1","GSE214411","Myeloid",TRUE
0.357583512587511,0.748611619706876,0.001,0,1,"AC011747.3","GSE214411","Myeloid",TRUE
0.357583512587511,0.484893930597622,0.001,0,1,"RP11-254F7.4","GSE214411","Myeloid",TRUE
0.357583512587511,0.424715303255514,0.001,0,1,"AC010096.1","GSE214411","Myeloid",TRUE
0.357583512587511,0.35454921108121,0.001,0,1,"RP11-79O8.1","GSE214411","Myeloid",TRUE
0.357583512587511,1.16449720983397,0.001,0,1,"GCKR","GSE214411","Myeloid",TRUE
0.357583512587511,0.613026494450105,0.001,0,1,"AC016907.3","GSE214411","Myeloid",TRUE
0.357583512587511,3.43336888407591,0.001,0,1,"GALNT14","GSE214411","Myeloid",TRUE
0.357583512587511,0.262477567707075,0.001,0,1,"AC074366.3","GSE214411","Myeloid",TRUE
0.357583512587511,0.323885444332982,0.001,0,1,"CDKL4","GSE214411","Myeloid",TRUE
0.357583512587511,3.41632338503826,0.001,0,1,"AC104654.1","GSE214411","Myeloid",TRUE
0.357583512587511,0.523587234656395,0.001,0,1,"LINC01119","GSE214411","Myeloid",TRUE
0.357583512587511,2.68357905913439,0.001,0,1,"CCDC85A","GSE214411","Myeloid",TRUE
0.357583512587511,0.494745514491214,0.001,0,1,"AC107081.5","GSE214411","Myeloid",TRUE
0.357583512587511,3.44434007340997,0.001,0,1,"RP11-418H16.1","GSE214411","Myeloid",TRUE
0.357583512587511,2.85689092639488,0.001,0,1,"ATP6V1B1","GSE214411","Myeloid",TRUE
0.357583512587511,0.308648227742676,0.001,0,1,"TLX2","GSE214411","Myeloid",TRUE
0.357583512587511,0.507344700839429,0.001,0,1,"VWA3B","GSE214411","Myeloid",TRUE
0.357583512587511,0.267125385338003,0.001,0,1,"AC092667.2","GSE214411","Myeloid",TRUE
0.357583512587511,3.80503866825144,0.001,0,1,"SLC9A4","GSE214411","Myeloid",TRUE
0.357583512587511,0.849858466111376,0.001,0,1,"AC009505.2","GSE214411","Myeloid",TRUE
0.357583512587511,0.367292964291854,0.001,0,1,"C2orf40","GSE214411","Myeloid",TRUE
0.357583512587511,3.62901217216305,0.001,0,1,"LINC01106","GSE214411","Myeloid",TRUE
0.357583512587511,0.34390209590905,0.001,0,1,"NT5DC4","GSE214411","Myeloid",TRUE
0.357583512587511,1.85217399499048,0.001,0,1,"IL36G","GSE214411","Myeloid",TRUE
0.357583512587511,0.579256020161402,0.001,0,1,"AC016683.5","GSE214411","Myeloid",TRUE
0.357583512587511,0.423880913384968,0.001,0,1,"PGM5P4-AS1","GSE214411","Myeloid",TRUE
0.357583512587511,2.21349103487824,0.001,0,1,"AC013275.2","GSE214411","Myeloid",TRUE
0.357583512587511,1.57466994957079,0.001,0,1,"INHBB","GSE214411","Myeloid",TRUE
0.357583512587511,1.10260436891345,0.001,0,1,"RP11-521O16.2","GSE214411","Myeloid",TRUE
0.357583512587511,2.15867218064729,0.001,0,1,"TUBA3E","GSE214411","Myeloid",TRUE
0.357583512587511,1.64277101534032,0.001,0,1,"POTEI","GSE214411","Myeloid",TRUE
0.357583512587511,3.20879244283246,0.001,0,1,"GPR39","GSE214411","Myeloid",TRUE
0.357583512587511,2.61264055077083,0.001,0,1,"LYPD1","GSE214411","Myeloid",TRUE
0.357583512587511,0.364807055917133,0.001,0,1,"AC068492.1","GSE214411","Myeloid",TRUE
0.357583512587511,1.08027820536593,0.001,0,1,"TEX41","GSE214411","Myeloid",TRUE
0.357583512587511,3.49413282883563,0.001,0,1,"KIF5C","GSE214411","Myeloid",TRUE
0.357583512587511,0.793688375887395,0.001,0,1,"AC144449.1","GSE214411","Myeloid",TRUE
0.357583512587511,3.27684670608492,0.001,0,1,"RPRM","GSE214411","Myeloid",TRUE
0.357583512587511,4.02905494492391,0.001,0,1,"GALNT5","GSE214411","Myeloid",TRUE
0.357583512587511,0.538812405293539,0.001,0,1,"RP11-1152H14.1","GSE214411","Myeloid",TRUE
0.357583512587511,3.96811101022703,0.001,0,1,"SCN2A","GSE214411","Myeloid",TRUE
0.357583512587511,3.19076534472417,0.001,0,1,"SP5","GSE214411","Myeloid",TRUE
0.357583512587511,1.24127868841764,0.001,0,1,"MLK7-AS1","GSE214411","Myeloid",TRUE
0.357583512587511,0.308648227742676,0.001,0,1,"LINC01305","GSE214411","Myeloid",TRUE
0.357583512587511,0.755387532034716,0.001,0,1,"SP9","GSE214411","Myeloid",TRUE
0.357583512587511,0.7209852446399,0.001,0,1,"HOXD-AS2","GSE214411","Myeloid",TRUE
0.357583512587511,0.663942533134193,0.001,0,1,"DFNB59","GSE214411","Myeloid",TRUE
0.357583512587511,0.523587234656395,0.001,0,1,"AC064834.2","GSE214411","Myeloid",TRUE
0.357583512587511,0.601923750614747,0.001,0,1,"RP11-107N15.1","GSE214411","Myeloid",TRUE
0.357583512587511,0.427231374496102,0.001,0,1,"AC079354.5","GSE214411","Myeloid",TRUE
0.357583512587511,0.494745514491214,0.001,0,1,"LINC00607","GSE214411","Myeloid",TRUE
0.357583512587511,0.627417504238602,0.001,0,1,"ABCB6","GSE214411","Myeloid",TRUE
0.357583512587511,3.69075190636576,0.001,0,1,"ASIC4","GSE214411","Myeloid",TRUE
0.357583512587511,0.439591000351792,0.001,0,1,"AC097662.2","GSE214411","Myeloid",TRUE
0.357583512587511,2.92008441258936,0.001,0,1,"NGEF","GSE214411","Myeloid",TRUE
0.357583512587511,0.691683116999014,0.001,0,1,"RP11-400N9.1","GSE214411","Myeloid",TRUE
0.357583512587511,0.834368767539814,0.001,0,1,"CROCC2","GSE214411","Myeloid",TRUE
0.357583512587511,3.50070597686991,0.001,0,1,"SRGAP3-AS4","GSE214411","Myeloid",TRUE
0.357583512587511,0.484192687969617,0.001,0,1,"RP11-380O24.1","GSE214411","Myeloid",TRUE
0.357583512587511,0.395119080401578,0.001,0,1,"GRIP2","GSE214411","Myeloid",TRUE
0.357583512587511,0.57840196002279,0.001,0,1,"RP11-415F23.3","GSE214411","Myeloid",TRUE
0.357583512587511,2.16567406433374,0.001,0,1,"RP11-415F23.4","GSE214411","Myeloid",TRUE
0.357583512587511,0.620948388768142,0.001,0,1,"SCN5A","GSE214411","Myeloid",TRUE
0.357583512587511,0.461356872750262,0.001,0,1,"SCN11A","GSE214411","Myeloid",TRUE
0.357583512587511,3.10807161460467,0.001,0,1,"PRSS50","GSE214411","Myeloid",TRUE
0.357583512587511,2.41121141120609,0.001,0,1,"UCN2","GSE214411","Myeloid",TRUE
0.357583512587511,0.621791116929609,0.001,0,1,"RP13-131K19.7","GSE214411","Myeloid",TRUE
0.357583512587511,0.310854913844093,0.001,0,1,"GRM2","GSE214411","Myeloid",TRUE
0.357583512587511,0.395119080401578,0.001,0,1,"RP11-884K10.6","GSE214411","Myeloid",TRUE
0.357583512587511,0.622477088618695,0.001,0,1,"CACNA2D3-AS1","GSE214411","Myeloid",TRUE
0.357583512587511,1.05997875056058,0.001,0,1,"RP11-80H18.3","GSE214411","Myeloid",TRUE
0.357583512587511,0.860404224426045,0.001,0,1,"LINC01212","GSE214411","Myeloid",TRUE
0.357583512587511,0.454587405994745,0.001,0,1,"RP11-154H23.5","GSE214411","Myeloid",TRUE
0.357583512587511,2.664803719243,0.001,0,1,"ROBO2","GSE214411","Myeloid",TRUE
0.357583512587511,0.269617266818749,0.001,0,1,"RP11-383I23.2","GSE214411","Myeloid",TRUE
0.357583512587511,0.523587234656395,0.001,0,1,"CD200R1L","GSE214411","Myeloid",TRUE
0.357583512587511,3.67929950270951,0.001,0,1,"IGSF11","GSE214411","Myeloid",TRUE
0.357583512587511,1.49226685094825,0.001,0,1,"KBTBD12","GSE214411","Myeloid",TRUE
0.357583512587511,3.40865278979738,0.001,0,1,"KIAA1257","GSE214411","Myeloid",TRUE
0.357583512587511,3.79251373099942,0.001,0,1,"RHO","GSE214411","Myeloid",TRUE
0.357583512587511,0.300545985586558,0.001,0,1,"RP11-93K22.13","GSE214411","Myeloid",TRUE
0.357583512587511,0.63009787991575,0.001,0,1,"TMEM108","GSE214411","Myeloid",TRUE
0.357583512587511,3.23635094769049,0.001,0,1,"BFSP2-AS1","GSE214411","Myeloid",TRUE
0.357583512587511,0.435504724382849,0.001,0,1,"RP11-102M11.2","GSE214411","Myeloid",TRUE
0.357583512587511,0.936150393075819,0.001,0,1,"NME9","GSE214411","Myeloid",TRUE
0.357583512587511,0.984467928678313,0.001,0,1,"AGTR1","GSE214411","Myeloid",TRUE
0.357583512587511,0.691869022372749,0.001,0,1,"WWTR1-AS1","GSE214411","Myeloid",TRUE
0.357583512587511,3.41632338503826,0.001,0,1,"RP11-651P23.5","GSE214411","Myeloid",TRUE
0.357583512587511,1.35103178455916,0.001,0,1,"RP11-362A9.3","GSE214411","Myeloid",TRUE
0.357583512587511,0.523587234656395,0.001,0,1,"LINC00880","GSE214411","Myeloid",TRUE
0.357583512587511,4.1519774792508,0.001,0,1,"ARL14","GSE214411","Myeloid",TRUE
0.357583512587511,0.54847891298815,0.001,0,1,"ZBBX","GSE214411","Myeloid",TRUE
0.357583512587511,0.365855267042166,0.001,0,1,"RP11-362K14.5","GSE214411","Myeloid",TRUE
0.357583512587511,0.621738396528906,0.001,0,1,"RP11-362K14.7","GSE214411","Myeloid",TRUE
0.357583512587511,0.691063987563883,0.001,0,1,"LINC00501","GSE214411","Myeloid",TRUE
0.357583512587511,0.361482512070799,0.001,0,1,"RP11-255C15.3","GSE214411","Myeloid",TRUE
0.357583512587511,0.70590688161052,0.001,0,1,"RP11-15L13.4","GSE214411","Myeloid",TRUE
0.357583512587511,0.574440462342411,0.001,0,1,"PEX5L","GSE214411","Myeloid",TRUE
0.357583512587511,0.592683601714771,0.001,0,1,"KLHL6-AS1","GSE214411","Myeloid",TRUE
0.357583512587511,0.513932069955505,0.001,0,1,"RP11-778D9.12","GSE214411","Myeloid",TRUE
0.357583512587511,0.54847891298815,0.001,0,1,"VWA5B2","GSE214411","Myeloid",TRUE
0.357583512587511,2.3348208607921,0.001,0,1,"C3orf70","GSE214411","Myeloid",TRUE
0.357583512587511,0.870719342953214,0.001,0,1,"LIPH","GSE214411","Myeloid",TRUE
0.357583512587511,2.15867218064729,0.001,0,1,"CLDN16","GSE214411","Myeloid",TRUE
0.357583512587511,0.887062951797651,0.001,0,1,"AC069513.4","GSE214411","Myeloid",TRUE
0.357583512587511,0.507344700839429,0.001,0,1,"RP11-496H1.2","GSE214411","Myeloid",TRUE
0.357583512587511,0.523299637829258,0.001,0,1,"AC024560.2","GSE214411","Myeloid",TRUE
0.357583512587511,0.551387334381946,0.001,0,1,"RP11-689P11.3","GSE214411","Myeloid",TRUE
0.357583512587511,0.796001141291484,0.001,0,1,"CPZ","GSE214411","Myeloid",TRUE
0.357583512587511,0.288246618165513,0.001,0,1,"RP11-293A21.1","GSE214411","Myeloid",TRUE
0.357583512587511,0.601923750614747,0.001,0,1,"AC195454.1","GSE214411","Myeloid",TRUE
0.357583512587511,2.03397544515679,0.001,0,1,"ERVMER34-1","GSE214411","Myeloid",TRUE
0.357583512587511,0.72516644907142,0.001,0,1,"RP11-571I18.4","GSE214411","Myeloid",TRUE
0.357583512587511,0.672819205598687,0.001,0,1,"RP11-571I18.5","GSE214411","Myeloid",TRUE
0.357583512587511,0.60845743498175,0.001,0,1,"RP11-319E12.2","GSE214411","Myeloid",TRUE
0.357583512587511,3.10212516138296,0.001,0,1,"EPHA5-AS1","GSE214411","Myeloid",TRUE
0.357583512587511,0.802534805004653,0.001,0,1,"RP11-556N4.1","GSE214411","Myeloid",TRUE
0.357583512587511,3.54430010908653,0.001,0,1,"SLC10A6","GSE214411","Myeloid",TRUE
0.357583512587511,3.07863397939126,0.001,0,1,"RP11-703G6.1","GSE214411","Myeloid",TRUE
0.357583512587511,1.01688391132112,0.001,0,1,"RPL34-AS1","GSE214411","Myeloid",TRUE
0.357583512587511,3.0285454887215,0.001,0,1,"AC004067.5","GSE214411","Myeloid",TRUE
0.357583512587511,0.626616713596681,0.001,0,1,"RP11-73K9.3","GSE214411","Myeloid",TRUE
0.357583512587511,0.741931054882572,0.001,0,1,"RP11-33B1.3","GSE214411","Myeloid",TRUE
0.357583512587511,3.70230895167527,0.001,0,1,"NDNF","GSE214411","Myeloid",TRUE
0.357583512587511,3.75163070042571,0.001,0,1,"RP11-50D9.3","GSE214411","Myeloid",TRUE
0.357583512587511,0.407103209801537,0.001,0,1,"RP11-731D1.4","GSE214411","Myeloid",TRUE
0.357583512587511,0.681999598121847,0.001,0,1,"RP11-18H21.1","GSE214411","Myeloid",TRUE
0.357583512587511,2.15171986395035,0.001,0,1,"GRIA2","GSE214411","Myeloid",TRUE
0.357583512587511,1.32651363624709,0.001,0,1,"RP11-798M19.3","GSE214411","Myeloid",TRUE
0.357583512587511,0.34390209590905,0.001,0,1,"RP11-475B2.1","GSE214411","Myeloid",TRUE
0.357583512587511,3.38742643952221,0.001,0,1,"RP11-248N22.1","GSE214411","Myeloid",TRUE
0.357583512587511,0.58499700379577,0.001,0,1,"RP11-130F10.1","GSE214411","Myeloid",TRUE
0.357583512587511,0.310496417524343,0.001,0,1,"RP11-367N14.2","GSE214411","Myeloid",TRUE
0.357583512587511,0.403839356575702,0.001,0,1,"ENPP6","GSE214411","Myeloid",TRUE
0.357583512587511,0.580397626134648,0.001,0,1,"CTD-2231H16.1","GSE214411","Myeloid",TRUE
0.357583512587511,0.344234887118889,0.001,0,1,"TPPP","GSE214411","Myeloid",TRUE
0.357583512587511,1.42417016486985,0.001,0,1,"ZDHHC11B","GSE214411","Myeloid",TRUE
0.357583512587511,0.454756707038978,0.001,0,1,"ZDHHC11","GSE214411","Myeloid",TRUE
0.357583512587511,0.557630332108317,0.001,0,1,"ADCY2","GSE214411","Myeloid",TRUE
0.357583512587511,2.33185595641481,0.001,0,1,"CTD-2256P15.4","GSE214411","Myeloid",TRUE
0.357583512587511,2.88116274397064,0.001,0,1,"RP11-321E2.3","GSE214411","Myeloid",TRUE
0.357583512587511,3.3445936393946,0.001,0,1,"CDH6","GSE214411","Myeloid",TRUE
0.357583512587511,0.607183058899642,0.001,0,1,"TTC23L","GSE214411","Myeloid",TRUE
0.357583512587511,1.67114928082934,0.001,0,1,"CTD-2653M23.3","GSE214411","Myeloid",TRUE
0.357583512587511,3.20232303453559,0.001,0,1,"C7","GSE214411","Myeloid",TRUE
0.357583512587511,0.344806285427412,0.001,0,1,"GHR","GSE214411","Myeloid",TRUE
0.357583512587511,0.395119080401578,0.001,0,1,"CTD-2201E18.5","GSE214411","Myeloid",TRUE
0.357583512587511,0.705970820544676,0.001,0,1,"CTD-2035E11.4","GSE214411","Myeloid",TRUE
0.357583512587511,0.7209852446399,0.001,0,1,"RP11-269M20.3","GSE214411","Myeloid",TRUE
0.357583512587511,0.584707987125887,0.001,0,1,"AC008937.2","GSE214411","Myeloid",TRUE
0.357583512587511,2.87431451435297,0.001,0,1,"CTC-436P18.3","GSE214411","Myeloid",TRUE
0.357583512587511,0.588384347796318,0.001,0,1,"CTC-537E7.3","GSE214411","Myeloid",TRUE
0.357583512587511,2.15867218064729,0.001,0,1,"CTD-2001C12.1","GSE214411","Myeloid",TRUE
0.357583512587511,0.80316155473904,0.001,0,1,"CTC-332L22.1","GSE214411","Myeloid",TRUE
0.357583512587511,0.282516048525792,0.001,0,1,"ZRSR1","GSE214411","Myeloid",TRUE
0.357583512587511,3.98488862374036,0.001,0,1,"KCNN2","GSE214411","Myeloid",TRUE
0.357583512587511,2.68852988433978,0.001,0,1,"KIAA1024L","GSE214411","Myeloid",TRUE
0.357583512587511,2.8704195722112,0.001,0,1,"CHSY3","GSE214411","Myeloid",TRUE
0.357583512587511,0.660522519074942,0.001,0,1,"ACSL6","GSE214411","Myeloid",TRUE
0.357583512587511,3.70230895167527,0.001,0,1,"AC116366.5","GSE214411","Myeloid",TRUE
0.357583512587511,0.498794149455435,0.001,0,1,"CATSPER3","GSE214411","Myeloid",TRUE
0.357583512587511,0.707572215327462,0.001,0,1,"DND1","GSE214411","Myeloid",TRUE
0.357583512587511,0.54847891298815,0.001,0,1,"PCDHB3","GSE214411","Myeloid",TRUE
0.357583512587511,0.607030399035239,0.001,0,1,"PCDHB13","GSE214411","Myeloid",TRUE
0.357583512587511,0.51710904342629,0.001,0,1,"PCDHGB5","GSE214411","Myeloid",TRUE
0.357583512587511,0.355042572629509,0.001,0,1,"PCDHGA11","GSE214411","Myeloid",TRUE
0.357583512587511,0.334025819543736,0.001,0,1,"SPRY4-IT1","GSE214411","Myeloid",TRUE
0.357583512587511,0.498794149455435,0.001,0,1,"AC005592.2","GSE214411","Myeloid",TRUE
0.357583512587511,2.30786192763492,0.001,0,1,"STK32A","GSE214411","Myeloid",TRUE
0.357583512587511,4.00678395415067,0.001,0,1,"SH3TC2","GSE214411","Myeloid",TRUE
0.357583512587511,0.481401556700611,0.001,0,1,"RP11-394O4.3","GSE214411","Myeloid",TRUE
0.357583512587511,2.34857062039757,0.001,0,1,"CDX1","GSE214411","Myeloid",TRUE
0.357583512587511,0.302175526737363,0.001,0,1,"CTB-113P19.4","GSE214411","Myeloid",TRUE
0.357583512587511,0.652230067254541,0.001,0,1,"NMUR2","GSE214411","Myeloid",TRUE
0.357583512587511,0.793150281883252,0.001,0,1,"HAND1","GSE214411","Myeloid",TRUE
0.357583512587511,0.556552920674097,0.001,0,1,"KIF4B","GSE214411","Myeloid",TRUE
0.357583512587511,1.64277101534032,0.001,0,1,"RP11-524N5.1","GSE214411","Myeloid",TRUE
0.357583512587511,2.22995532353513,0.001,0,1,"RP11-1379J22.2","GSE214411","Myeloid",TRUE
0.357583512587511,1.27517217457668,0.001,0,1,"RP11-157J24.2","GSE214411","Myeloid",TRUE
0.357583512587511,3.83260455915123,0.001,0,1,"RP11-506K6.4","GSE214411","Myeloid",TRUE
0.357583512587511,3.64555265433317,0.001,0,1,"RP3-406P24.4","GSE214411","Myeloid",TRUE
0.357583512587511,0.54847891298815,0.001,0,1,"RP3-512B11.3","GSE214411","Myeloid",TRUE
0.357583512587511,3.2284124403312,0.001,0,1,"NBAT1","GSE214411","Myeloid",TRUE
0.357583512587511,3.70424542626451,0.001,0,1,"ZBED9","GSE214411","Myeloid",TRUE
0.357583512587511,0.864497194617696,0.001,0,1,"DPCR1","GSE214411","Myeloid",TRUE
0.357583512587511,1.5610484504805,0.001,0,1,"LINC01149","GSE214411","Myeloid",TRUE
0.357583512587511,0.524204263196426,0.001,0,1,"C2-AS1","GSE214411","Myeloid",TRUE
0.357583512587511,0.361482512070799,0.001,0,1,"XXbac-BPG154L12.4","GSE214411","Myeloid",TRUE
0.357583512587511,3.06936688114564,0.001,0,1,"KIF6","GSE214411","Myeloid",TRUE
0.357583512587511,3.50070597686991,0.001,0,1,"FOXP4-AS1","GSE214411","Myeloid",TRUE
0.357583512587511,1.17594158382495,0.001,0,1,"MDFI","GSE214411","Myeloid",TRUE
0.357583512587511,1.18758941937387,0.001,0,1,"RP11-387M24.5","GSE214411","Myeloid",TRUE
0.357583512587511,0.766971239862732,0.001,0,1,"RP1-302G2.5","GSE214411","Myeloid",TRUE
0.357583512587511,0.742484177762501,0.001,0,1,"TMEM151B","GSE214411","Myeloid",TRUE
0.357583512587511,0.720787078413872,0.001,0,1,"RP11-444E17.6","GSE214411","Myeloid",TRUE
0.357583512587511,0.6796413742049,0.001,0,1,"ADGRF1","GSE214411","Myeloid",TRUE
0.357583512587511,0.41837250820919,0.001,0,1,"RP1-27K12.4","GSE214411","Myeloid",TRUE
0.357583512587511,0.288246618165513,0.001,0,1,"KHDRBS2","GSE214411","Myeloid",TRUE
0.357583512587511,0.358644530816285,0.001,0,1,"RP11-462G2.2","GSE214411","Myeloid",TRUE
0.357583512587511,0.934941168805532,0.001,0,1,"RIMS1","GSE214411","Myeloid",TRUE
0.357583512587511,0.913712207309246,0.001,0,1,"RP11-177G23.2","GSE214411","Myeloid",TRUE
0.357583512587511,0.626616713596681,0.001,0,1,"RP11-321N4.5","GSE214411","Myeloid",TRUE
0.357583512587511,0.887062951797651,0.001,0,1,"FAXC","GSE214411","Myeloid",TRUE
0.357583512587511,0.717824742201959,0.001,0,1,"POPDC3","GSE214411","Myeloid",TRUE
0.357583512587511,1.09278717812846,0.001,0,1,"RP1-111B22.3","GSE214411","Myeloid",TRUE
0.357583512587511,0.72516644907142,0.001,0,1,"LINC00222","GSE214411","Myeloid",TRUE
0.357583512587511,0.427668224126313,0.001,0,1,"RP11-787I22.3","GSE214411","Myeloid",TRUE
0.357583512587511,3.64740397204773,0.001,0,1,"KIAA0408","GSE214411","Myeloid",TRUE
0.357583512587511,1.52250029867786,0.001,0,1,"CTA-212D2.2","GSE214411","Myeloid",TRUE
0.357583512587511,0.541949861086202,0.001,0,1,"RAET1E","GSE214411","Myeloid",TRUE
0.357583512587511,0.358145071213798,0.001,0,1,"MYCT1","GSE214411","Myeloid",TRUE
0.357583512587511,0.5801119176311,0.001,0,1,"VIP","GSE214411","Myeloid",TRUE
0.357583512587511,0.522725110666482,0.001,0,1,"TCP10L2","GSE214411","Myeloid",TRUE
0.357583512587511,0.951594525228542,0.001,0,1,"LINC01615","GSE214411","Myeloid",TRUE
0.357583512587511,0.569497405199348,0.001,0,1,"XXyac-YX65C7-A.2","GSE214411","Myeloid",TRUE
0.357583512587511,0.375934825915996,0.001,0,1,"RP1-137D17.2","GSE214411","Myeloid",TRUE
0.357583512587511,1.81606968594994,0.001,0,1,"RP5-1159O4.2","GSE214411","Myeloid",TRUE
0.357583512587511,1.47723705103332,0.001,0,1,"RP5-1007H16.1","GSE214411","Myeloid",TRUE
0.357583512587511,1.36302076123686,0.001,0,1,"GS1-166A23.2","GSE214411","Myeloid",TRUE
0.357583512587511,0.331035762897669,0.001,0,1,"HOTTIP","GSE214411","Myeloid",TRUE
0.357583512587511,0.889280428531917,0.001,0,1,"AC007036.6","GSE214411","Myeloid",TRUE
0.357583512587511,0.862468725211112,0.001,0,1,"ELMO1-AS1","GSE214411","Myeloid",TRUE
0.357583512587511,1.08454970904116,0.001,0,1,"TRGV7","GSE214411","Myeloid",TRUE
0.357583512587511,0.7209852446399,0.001,0,1,"AC004854.4","GSE214411","Myeloid",TRUE
0.357583512587511,3.86516657023924,0.001,0,1,"RP11-479O9.4","GSE214411","Myeloid",TRUE
0.357583512587511,0.776903269876824,0.001,0,1,"ABHD11-AS1","GSE214411","Myeloid",TRUE
0.357583512587511,0.922794811315391,0.001,0,1,"UPK3B","GSE214411","Myeloid",TRUE
0.357583512587511,2.30786192763492,0.001,0,1,"CACNA2D1","GSE214411","Myeloid",TRUE
0.357583512587511,0.584707987125887,0.001,0,1,"OR2AE1","GSE214411","Myeloid",TRUE
0.357583512587511,0.656556655797722,0.001,0,1,"RP11-126L15.4","GSE214411","Myeloid",TRUE
0.357583512587511,0.993435516930157,0.001,0,1,"CTA-363E19.2","GSE214411","Myeloid",TRUE
0.357583512587511,0.99904105384306,0.001,0,1,"RP4-593H12.1","GSE214411","Myeloid",TRUE
0.357583512587511,0.463643461261258,0.001,0,1,"CTB-13F3.1","GSE214411","Myeloid",TRUE
0.357583512587511,2.32536315839994,0.001,0,1,"FEZF1-AS1","GSE214411","Myeloid",TRUE
0.357583512587511,0.752128709599491,0.001,0,1,"RP11-390E23.3","GSE214411","Myeloid",TRUE
0.357583512587511,0.439591000351792,0.001,0,1,"GPR37","GSE214411","Myeloid",TRUE
0.357583512587511,0.558125147962595,0.001,0,1,"PRRT4","GSE214411","Myeloid",TRUE
0.357583512587511,2.54893985523596,0.001,0,1,"RP11-309L24.10","GSE214411","Myeloid",TRUE
0.357583512587511,0.404216472499423,0.001,0,1,"RP11-36B6.1","GSE214411","Myeloid",TRUE
0.357583512587511,0.814499175310175,0.001,0,1,"FAM180A","GSE214411","Myeloid",TRUE
0.357583512587511,0.621738396528906,0.001,0,1,"AKR1D1","GSE214411","Myeloid",TRUE
0.357583512587511,0.530975910233247,0.001,0,1,"ATP6V0A4","GSE214411","Myeloid",TRUE
0.357583512587511,0.359470498731405,0.001,0,1,"ZC3HAV1L","GSE214411","Myeloid",TRUE
0.357583512587511,0.530975910233247,0.001,0,1,"TRBV19","GSE214411","Myeloid",TRUE
0.357583512587511,3.22446273794366,0.001,0,1,"TRPV6","GSE214411","Myeloid",TRUE
0.357583512587511,0.54847891298815,0.001,0,1,"CRYGN","GSE214411","Myeloid",TRUE
0.357583512587511,0.514052214861547,0.001,0,1,"RP11-5C23.2","GSE214411","Myeloid",TRUE
0.357583512587511,1.08454970904116,0.001,0,1,"FAM9B","GSE214411","Myeloid",TRUE
0.357583512587511,0.983041555052477,0.001,0,1,"GS1-600G8.5","GSE214411","Myeloid",TRUE
0.357583512587511,0.523587234656395,0.001,0,1,"GRPR","GSE214411","Myeloid",TRUE
0.357583512587511,0.302666337708432,0.001,0,1,"PHEX","GSE214411","Myeloid",TRUE
0.357583512587511,0.545505245639646,0.001,0,1,"ZDHHC15","GSE214411","Myeloid",TRUE
0.357583512587511,0.424004391698135,0.001,0,1,"LPAR4","GSE214411","Myeloid",TRUE
0.357583512587511,3.49905942355278,0.001,0,1,"PABPC5","GSE214411","Myeloid",TRUE
0.357583512587511,3.53072318488854,0.001,0,1,"FAM133A","GSE214411","Myeloid",TRUE
0.357583512587511,0.760389631269696,0.001,0,1,"PLP1","GSE214411","Myeloid",TRUE
0.357583512587511,0.375934825915996,0.001,0,1,"ZCCHC18","GSE214411","Myeloid",TRUE
0.357583512587511,0.323929706637429,0.001,0,1,"XPNPEP2","GSE214411","Myeloid",TRUE
0.357583512587511,0.522725110666482,0.001,0,1,"GPC3","GSE214411","Myeloid",TRUE
0.357583512587511,0.618534993764481,0.001,0,1,"SMIM10L2B","GSE214411","Myeloid",TRUE
0.357583512587511,2.99883653487277,0.001,0,1,"L1CAM","GSE214411","Myeloid",TRUE
0.357583512587511,1.47792432121473,0.001,0,1,"H2AFB1","GSE214411","Myeloid",TRUE
0.357583512587511,0.849858466111376,0.001,0,1,"RP11-218L14.4","GSE214411","Myeloid",TRUE
0.357583512587511,3.47139738673552,0.001,0,1,"RP11-43A14.2","GSE214411","Myeloid",TRUE
0.357583512587511,0.54847891298815,0.001,0,1,"KBTBD11-OT1","GSE214411","Myeloid",TRUE
0.357583512587511,0.295975879576782,0.001,0,1,"CSMD1","GSE214411","Myeloid",TRUE
0.357583512587511,3.85422044810795,0.001,0,1,"RP11-981G7.6","GSE214411","Myeloid",TRUE
0.357583512587511,0.499524686493594,0.001,0,1,"AF131215.8","GSE214411","Myeloid",TRUE
0.357583512587511,0.834785849984861,0.001,0,1,"MTMR7","GSE214411","Myeloid",TRUE
0.357583512587511,0.600970179895402,0.001,0,1,"PIWIL2","GSE214411","Myeloid",TRUE
0.357583512587511,0.310496417524343,0.001,0,1,"RP11-486M23.1","GSE214411","Myeloid",TRUE
0.357583512587511,1.44583215832531,0.001,0,1,"RP11-94H18.1","GSE214411","Myeloid",TRUE
0.357583512587511,0.98030841438635,0.001,0,1,"RP11-51J9.6","GSE214411","Myeloid",TRUE
0.357583512587511,0.541777273313283,0.001,0,1,"SMIM18","GSE214411","Myeloid",TRUE
0.357583512587511,0.878102538496575,0.001,0,1,"RP11-150O12.3","GSE214411","Myeloid",TRUE
0.357583512587511,0.621211558505024,0.001,0,1,"RP11-723D22.3","GSE214411","Myeloid",TRUE
0.357583512587511,0.795923874912157,0.001,0,1,"RP11-546K22.3","GSE214411","Myeloid",TRUE
0.357583512587511,0.35454921108121,0.001,0,1,"RP11-30L15.6","GSE214411","Myeloid",TRUE
0.357583512587511,0.395119080401578,0.001,0,1,"XKR4","GSE214411","Myeloid",TRUE
0.357583512587511,1.40916105472303,0.001,0,1,"C8orf34","GSE214411","Myeloid",TRUE
0.357583512587511,0.395119080401578,0.001,0,1,"RP11-159H10.3","GSE214411","Myeloid",TRUE
0.357583512587511,2.94263518185393,0.001,0,1,"TRPA1","GSE214411","Myeloid",TRUE
0.357583512587511,0.469922469290781,0.001,0,1,"RP11-463D19.1","GSE214411","Myeloid",TRUE
0.357583512587511,0.589406146082862,0.001,0,1,"RP11-26J3.1","GSE214411","Myeloid",TRUE
0.357583512587511,0.361053809208364,0.001,0,1,"FABP4","GSE214411","Myeloid",TRUE
0.357583512587511,0.234198443211536,0.001,0,1,"RP11-10N23.5","GSE214411","Myeloid",TRUE
0.357583512587511,0.498525376994532,0.001,0,1,"RP11-347C18.5","GSE214411","Myeloid",TRUE
0.357583512587511,3.02520696639359,0.001,0,1,"KB-1208A12.3","GSE214411","Myeloid",TRUE
0.357583512587511,0.779138214892399,0.001,0,1,"RP11-44N12.5","GSE214411","Myeloid",TRUE
0.357583512587511,0.463643461261258,0.001,0,1,"BAALC","GSE214411","Myeloid",TRUE
0.357583512587511,0.518971613874681,0.001,0,1,"RP11-1C8.6","GSE214411","Myeloid",TRUE
0.357583512587511,0.984467928678313,0.001,0,1,"RIMS2","GSE214411","Myeloid",TRUE
0.357583512587511,0.484893930597622,0.001,0,1,"AARD","GSE214411","Myeloid",TRUE
0.357583512587511,2.13018573595874,0.001,0,1,"RP11-158K1.3","GSE214411","Myeloid",TRUE
0.357583512587511,2.43840974288109,0.001,0,1,"CCAT1","GSE214411","Myeloid",TRUE
0.357583512587511,0.318039185937511,0.001,0,1,"RP11-513H8.1","GSE214411","Myeloid",TRUE
0.357583512587511,1.24127868841764,0.001,0,1,"PSCA","GSE214411","Myeloid",TRUE
0.357583512587511,0.803553673539351,0.001,0,1,"GPIHBP1","GSE214411","Myeloid",TRUE
0.357583512587511,0.479249900541847,0.001,0,1,"RP11-661A12.4","GSE214411","Myeloid",TRUE
0.357583512587511,0.697921711829922,0.001,0,1,"GS1-393G12.13","GSE214411","Myeloid",TRUE
0.357583512587511,0.777275050216049,0.001,0,1,"RLN1","GSE214411","Myeloid",TRUE
0.357583512587511,0.601923750614747,0.001,0,1,"RP11-12D24.10","GSE214411","Myeloid",TRUE
0.357583512587511,0.25728031194696,0.001,0,1,"RP11-77E14.2","GSE214411","Myeloid",TRUE
0.357583512587511,3.97288247606809,0.001,0,1,"PTPRD-AS1","GSE214411","Myeloid",TRUE
0.357583512587511,2.03397544515679,0.001,0,1,"LINC01235","GSE214411","Myeloid",TRUE
0.357583512587511,0.663942533134193,0.001,0,1,"LINC00032","GSE214411","Myeloid",TRUE
0.357583512587511,3.4017899392743,0.001,0,1,"RP11-384P7.7","GSE214411","Myeloid",TRUE
0.357583512587511,0.523587234656395,0.001,0,1,"LINC01251","GSE214411","Myeloid",TRUE
0.357583512587511,0.663942533134193,0.001,0,1,"KIAA1161","GSE214411","Myeloid",TRUE
0.357583512587511,0.7209852446399,0.001,0,1,"CA9","GSE214411","Myeloid",TRUE
0.357583512587511,0.623481693018375,0.001,0,1,"RP11-112J3.15","GSE214411","Myeloid",TRUE
0.357583512587511,3.96335706908282,0.001,0,1,"LINC00950","GSE214411","Myeloid",TRUE
0.357583512587511,0.736981956342509,0.001,0,1,"AC129778.2","GSE214411","Myeloid",TRUE
0.357583512587511,0.679882667901854,0.001,0,1,"BMS1P14","GSE214411","Myeloid",TRUE
0.357583512587511,0.390612345475478,0.001,0,1,"FOXD4L6","GSE214411","Myeloid",TRUE
0.357583512587511,0.267446680028723,0.001,0,1,"RP11-475I24.3","GSE214411","Myeloid",TRUE
0.357583512587511,0.705523436337101,0.001,0,1,"RP11-15E1.5","GSE214411","Myeloid",TRUE
0.357583512587511,0.432069073408593,0.001,0,1,"C9orf153","GSE214411","Myeloid",TRUE
0.357583512587511,0.721646412659799,0.001,0,1,"RP11-435O5.4","GSE214411","Myeloid",TRUE
0.357583512587511,3.10212516138296,0.001,0,1,"RP11-180I4.4","GSE214411","Myeloid",TRUE
0.357583512587511,0.369281185402263,0.001,0,1,"FOXE1","GSE214411","Myeloid",TRUE
0.357583512587511,0.523299637829258,0.001,0,1,"RP11-60I3.4","GSE214411","Myeloid",TRUE
0.357583512587511,0.528677267585985,0.001,0,1,"MURC","GSE214411","Myeloid",TRUE
0.357583512587511,0.667272251995565,0.001,0,1,"C9orf147","GSE214411","Myeloid",TRUE
0.357583512587511,0.556552920674097,0.001,0,1,"RP11-9M16.2","GSE214411","Myeloid",TRUE
0.357583512587511,1.93160110055774,0.001,0,1,"RP11-67K19.3","GSE214411","Myeloid",TRUE
0.357583512587511,0.307687139254609,0.001,0,1,"RP11-281A20.2","GSE214411","Myeloid",TRUE
0.357583512587511,1.12596472611785,0.001,0,1,"HMCN2","GSE214411","Myeloid",TRUE
0.357583512587511,0.691683116999014,0.001,0,1,"PRDM12","GSE214411","Myeloid",TRUE
0.357583512587511,1.01991104105864,0.001,0,1,"GFI1B","GSE214411","Myeloid",TRUE
0.357583512587511,3.70424542626451,0.001,0,1,"LCN1","GSE214411","Myeloid",TRUE
0.357583512587511,0.446757391004166,0.001,0,1,"LCN6","GSE214411","Myeloid",TRUE
0.357583512587511,1.09940346023888,0.001,0,1,"RP11-216L13.17","GSE214411","Myeloid",TRUE
0.357583512587511,3.83474981311895,0.001,0,1,"TH","GSE214411","Myeloid",TRUE
0.357583512587511,0.829968455832516,0.001,0,1,"CD81-AS1","GSE214411","Myeloid",TRUE
0.357583512587511,2.35824504299852,0.001,0,1,"CCKBR","GSE214411","Myeloid",TRUE
0.357583512587511,0.594357018766834,0.001,0,1,"ZNF214","GSE214411","Myeloid",TRUE
0.357583512587511,0.404216472499423,0.001,0,1,"RP11-152H18.3","GSE214411","Myeloid",TRUE
0.357583512587511,0.932530583958979,0.001,0,1,"RP11-483L5.1","GSE214411","Myeloid",TRUE
0.357583512587511,1.90873610899038,0.001,0,1,"ABCC8","GSE214411","Myeloid",TRUE
0.357583512587511,2.94263518185393,0.001,0,1,"LUZP2","GSE214411","Myeloid",TRUE
0.357583512587511,1.09940346023888,0.001,0,1,"FIBIN","GSE214411","Myeloid",TRUE
0.357583512587511,0.374112735276757,0.001,0,1,"KIAA1549L","GSE214411","Myeloid",TRUE
0.357583512587511,0.330468738066285,0.001,0,1,"RP11-613D13.8","GSE214411","Myeloid",TRUE
0.357583512587511,0.59559190148051,0.001,0,1,"DKFZp779M0652","GSE214411","Myeloid",TRUE
0.357583512587511,0.49520156662893,0.001,0,1,"RP11-390K5.3","GSE214411","Myeloid",TRUE
0.357583512587511,0.498794149455435,0.001,0,1,"MYRF","GSE214411","Myeloid",TRUE
0.357583512587511,0.54847891298815,0.001,0,1,"RP11-21A7A.2","GSE214411","Myeloid",TRUE
0.357583512587511,0.592683601714771,0.001,0,1,"RP11-21A7A.3","GSE214411","Myeloid",TRUE
0.357583512587511,0.676456569749856,0.001,0,1,"GPHA2","GSE214411","Myeloid",TRUE
0.357583512587511,0.990430862803658,0.001,0,1,"RP11-770G2.5","GSE214411","Myeloid",TRUE
0.357583512587511,0.463018334785533,0.001,0,1,"RP11-755F10.3","GSE214411","Myeloid",TRUE
0.357583512587511,0.834368767539814,0.001,0,1,"CTC-1337H24.3","GSE214411","Myeloid",TRUE
0.357583512587511,0.494745514491214,0.001,0,1,"CTC-1337H24.4","GSE214411","Myeloid",TRUE
0.357583512587511,2.08248838808693,0.001,0,1,"AP003419.16","GSE214411","Myeloid",TRUE
0.357583512587511,0.541777273313283,0.001,0,1,"C11orf72","GSE214411","Myeloid",TRUE
0.357583512587511,0.715337951586902,0.001,0,1,"FGF19","GSE214411","Myeloid",TRUE
0.357583512587511,0.450449005276267,0.001,0,1,"AP000487.4","GSE214411","Myeloid",TRUE
0.357583512587511,0.622477088618695,0.001,0,1,"KRTAP5-7","GSE214411","Myeloid",TRUE
0.357583512587511,0.868488707589796,0.001,0,1,"RP11-800A3.7","GSE214411","Myeloid",TRUE
0.357583512587511,3.32586972936911,0.001,0,1,"RP11-91P24.6","GSE214411","Myeloid",TRUE
0.357583512587511,0.330468738066285,0.001,0,1,"CCDC67","GSE214411","Myeloid",TRUE
0.357583512587511,0.323929706637429,0.001,0,1,"RP11-732A21.3","GSE214411","Myeloid",TRUE
0.357583512587511,0.308648227742676,0.001,0,1,"ELMOD1","GSE214411","Myeloid",TRUE
0.357583512587511,0.302666337708432,0.001,0,1,"RP11-108O10.2","GSE214411","Myeloid",TRUE
0.357583512587511,0.594357018766834,0.001,0,1,"AP000936.4","GSE214411","Myeloid",TRUE
0.357583512587511,1.41736814664626,0.001,0,1,"UPK2","GSE214411","Myeloid",TRUE
0.357583512587511,0.707508051472136,0.001,0,1,"PDZD3","GSE214411","Myeloid",TRUE
0.357583512587511,0.462359710678136,0.001,0,1,"TRIM29","GSE214411","Myeloid",TRUE
0.357583512587511,0.516544034319933,0.001,0,1,"RP11-730K11.1","GSE214411","Myeloid",TRUE
0.357583512587511,0.722573637840137,0.001,0,1,"RP11-677M14.3","GSE214411","Myeloid",TRUE
0.357583512587511,0.51710904342629,0.001,0,1,"PKNOX2","GSE214411","Myeloid",TRUE
0.357583512587511,0.54847891298815,0.001,0,1,"OPCML","GSE214411","Myeloid",TRUE
0.357583512587511,0.960057388993723,0.001,0,1,"RP11-713P17.4","GSE214411","Myeloid",TRUE
0.357583512587511,3.75163070042571,0.001,0,1,"ADARB2","GSE214411","Myeloid",TRUE
0.357583512587511,0.691869022372749,0.001,0,1,"RP11-118K6.3","GSE214411","Myeloid",TRUE
0.357583512587511,0.675200977748208,0.001,0,1,"LINC00702","GSE214411","Myeloid",TRUE
0.357583512587511,1.09807457389885,0.001,0,1,"RP11-414H17.5","GSE214411","Myeloid",TRUE
0.357583512587511,0.835286797111767,0.001,0,1,"CELF2-AS1","GSE214411","Myeloid",TRUE
0.357583512587511,0.580397626134648,0.001,0,1,"MALRD1","GSE214411","Myeloid",TRUE
0.357583512587511,1.14319363057016,0.001,0,1,"SKIDA1","GSE214411","Myeloid",TRUE
0.357583512587511,0.462359710678136,0.001,0,1,"RP11-573G6.8","GSE214411","Myeloid",TRUE
0.357583512587511,2.90596032082543,0.001,0,1,"MYO3A","GSE214411","Myeloid",TRUE
0.357583512587511,0.592045592206567,0.001,0,1,"RP11-351M16.4","GSE214411","Myeloid",TRUE
0.357583512587511,0.545505245639646,0.001,0,1,"RP11-297A16.2","GSE214411","Myeloid",TRUE
0.357583512587511,0.365855267042166,0.001,0,1,"LRRC18","GSE214411","Myeloid",TRUE
0.357583512587511,0.599618929929854,0.001,0,1,"LINC00843","GSE214411","Myeloid",TRUE
0.357583512587511,2.43219577279532,0.001,0,1,"RP11-135D11.2","GSE214411","Myeloid",TRUE
0.357583512587511,0.947461737042234,0.001,0,1,"RP11-574K11.31","GSE214411","Myeloid",TRUE
0.357583512587511,0.639395545654519,0.001,0,1,"RP11-46O21.2","GSE214411","Myeloid",TRUE
0.357583512587511,0.459772159061579,0.001,0,1,"RP11-399K21.13","GSE214411","Myeloid",TRUE
0.357583512587511,1.01196890698065,0.001,0,1,"RP11-399K21.14","GSE214411","Myeloid",TRUE
0.357583512587511,0.524204263196426,0.001,0,1,"DYDC1","GSE214411","Myeloid",TRUE
0.357583512587511,0.344234887118889,0.001,0,1,"RP11-137H2.4","GSE214411","Myeloid",TRUE
0.357583512587511,0.648957140762766,0.001,0,1,"ACTA2-AS1","GSE214411","Myeloid",TRUE
0.357583512587511,3.57539930011435,0.001,0,1,"SLC16A12","GSE214411","Myeloid",TRUE
0.357583512587511,0.946022415189464,0.001,0,1,"PLCE1-AS1","GSE214411","Myeloid",TRUE
0.357583512587511,0.51836322161803,0.001,0,1,"C10orf131","GSE214411","Myeloid",TRUE
0.357583512587511,0.406488667810049,0.001,0,1,"RP11-690P14.4","GSE214411","Myeloid",TRUE
0.357583512587511,3.62901217216305,0.001,0,1,"RP11-34A14.3","GSE214411","Myeloid",TRUE
0.357583512587511,3.50400564859377,0.001,0,1,"CYP17A1-AS1","GSE214411","Myeloid",TRUE
0.357583512587511,0.591751465927533,0.001,0,1,"RP11-225H22.7","GSE214411","Myeloid",TRUE
0.357583512587511,0.280063686046091,0.001,0,1,"RP11-225H22.4","GSE214411","Myeloid",TRUE
0.357583512587511,0.361507749282262,0.001,0,1,"SH3PXD2A-AS1","GSE214411","Myeloid",TRUE
0.357583512587511,3.7356382624571,0.001,0,1,"COL17A1","GSE214411","Myeloid",TRUE
0.357583512587511,0.627791729776801,0.001,0,1,"WDR11-AS1","GSE214411","Myeloid",TRUE
0.357583512587511,0.6796413742049,0.001,0,1,"RP11-500G22.5","GSE214411","Myeloid",TRUE
0.357583512587511,0.427668224126313,0.001,0,1,"ARMS2","GSE214411","Myeloid",TRUE
0.357583512587511,0.295975879576782,0.001,0,1,"RP11-151A10.3","GSE214411","Myeloid",TRUE
0.357583512587511,0.334899134118059,0.001,0,1,"RP11-432J24.2","GSE214411","Myeloid",TRUE
0.357583512587511,1.34467965884492,0.001,0,1,"SLC6A13","GSE214411","Myeloid",TRUE
0.357583512587511,0.766971239862732,0.001,0,1,"CACNA1C-AS2","GSE214411","Myeloid",TRUE
0.357583512587511,0.498794149455435,0.001,0,1,"CACNA1C-AS1","GSE214411","Myeloid",TRUE
0.357583512587511,0.295975879576782,0.001,0,1,"GALNT8","GSE214411","Myeloid",TRUE
0.357583512587511,2.33126400142491,0.001,0,1,"KCNA5","GSE214411","Myeloid",TRUE
0.357583512587511,0.717824742201959,0.001,0,1,"NANOG","GSE214411","Myeloid",TRUE
0.357583512587511,0.330468738066285,0.001,0,1,"A2ML1","GSE214411","Myeloid",TRUE
0.357583512587511,0.60581115969395,0.001,0,1,"EIF2S3L","GSE214411","Myeloid",TRUE
0.357583512587511,1.12951300583825,0.001,0,1,"STYK1","GSE214411","Myeloid",TRUE
0.357583512587511,0.622477088618695,0.001,0,1,"TAS2R19","GSE214411","Myeloid",TRUE
0.357583512587511,0.462359710678136,0.001,0,1,"RP11-134N1.2","GSE214411","Myeloid",TRUE
0.357583512587511,1.96476191685285,0.001,0,1,"SPX","GSE214411","Myeloid",TRUE
0.357583512587511,1.04069731436499,0.001,0,1,"RP11-295I5.3","GSE214411","Myeloid",TRUE
0.357583512587511,2.43840974288109,0.001,0,1,"RP11-283G6.5","GSE214411","Myeloid",TRUE
0.357583512587511,0.776903269876824,0.001,0,1,"SMCO2","GSE214411","Myeloid",TRUE
0.357583512587511,0.59559190148051,0.001,0,1,"RP11-1060J15.4","GSE214411","Myeloid",TRUE
0.357583512587511,1.04069731436499,0.001,0,1,"REP15","GSE214411","Myeloid",TRUE
0.357583512587511,0.984467928678313,0.001,0,1,"DENND5B-AS1","GSE214411","Myeloid",TRUE
0.357583512587511,4.11147634321467,0.001,0,1,"RP11-428G5.5","GSE214411","Myeloid",TRUE
0.357583512587511,3.67550498116902,0.001,0,1,"ENDOU","GSE214411","Myeloid",TRUE
0.357583512587511,2.70855736273241,0.001,0,1,"RP11-579D7.4","GSE214411","Myeloid",TRUE
0.357583512587511,0.543333386881866,0.001,0,1,"WNT10B","GSE214411","Myeloid",TRUE
0.357583512587511,0.543333386881866,0.001,0,1,"DDN","GSE214411","Myeloid",TRUE
0.357583512587511,4.13562641869483,0.001,0,1,"RP11-161H23.9","GSE214411","Myeloid",TRUE
0.357583512587511,1.24127868841764,0.001,0,1,"RP11-407N8.5","GSE214411","Myeloid",TRUE
0.357583512587511,0.449213966736782,0.001,0,1,"RP11-923I11.3","GSE214411","Myeloid",TRUE
0.357583512587511,0.946022415189464,0.001,0,1,"ANKRD33","GSE214411","Myeloid",TRUE
0.357583512587511,0.81634682797297,0.001,0,1,"RP1-288H2.2","GSE214411","Myeloid",TRUE
0.357583512587511,0.524533763766026,0.001,0,1,"LINC00592","GSE214411","Myeloid",TRUE
0.357583512587511,0.330468738066285,0.001,0,1,"RP11-753H16.3","GSE214411","Myeloid",TRUE
0.357583512587511,1.4538960104232,0.001,0,1,"MUCL1","GSE214411","Myeloid",TRUE
0.357583512587511,1.4385421379769,0.001,0,1,"PMEL","GSE214411","Myeloid",TRUE
0.357583512587511,3.42404210304962,0.001,0,1,"RP11-603J24.5","GSE214411","Myeloid",TRUE
0.357583512587511,0.256510117436056,0.001,0,1,"RP11-571M6.7","GSE214411","Myeloid",TRUE
0.357583512587511,1.55850417099762,0.001,0,1,"RP11-863H1.1","GSE214411","Myeloid",TRUE
0.357583512587511,0.60784524132449,0.001,0,1,"TRHDE","GSE214411","Myeloid",TRUE
0.357583512587511,0.352094844086087,0.001,0,1,"RP11-290L1.3","GSE214411","Myeloid",TRUE
0.357583512587511,0.300545985586558,0.001,0,1,"RP11-20E24.1","GSE214411","Myeloid",TRUE
0.357583512587511,0.7209852446399,0.001,0,1,"RP1-78O14.1","GSE214411","Myeloid",TRUE
0.357583512587511,0.497835167274863,0.001,0,1,"MYF6","GSE214411","Myeloid",TRUE
0.357583512587511,0.957851115252179,0.001,0,1,"C12orf50","GSE214411","Myeloid",TRUE
0.357583512587511,3.75566044238653,0.001,0,1,"RP11-13A1.1","GSE214411","Myeloid",TRUE
0.357583512587511,0.80316155473904,0.001,0,1,"RP11-1105G2.4","GSE214411","Myeloid",TRUE
0.357583512587511,0.262477567707075,0.001,0,1,"USP44","GSE214411","Myeloid",TRUE
0.357583512587511,0.542900495024712,0.001,0,1,"ANKS1B","GSE214411","Myeloid",TRUE
0.357583512587511,0.589406146082862,0.001,0,1,"SLC5A8","GSE214411","Myeloid",TRUE
0.357583512587511,0.524533763766026,0.001,0,1,"RP11-818F20.5","GSE214411","Myeloid",TRUE
0.357583512587511,1.49820466200773,0.001,0,1,"SVOP","GSE214411","Myeloid",TRUE
0.357583512587511,3.72377470766984,0.001,0,1,"RP11-256L11.3","GSE214411","Myeloid",TRUE
0.357583512587511,0.449213966736782,0.001,0,1,"HRK","GSE214411","Myeloid",TRUE
0.357583512587511,0.497796861057488,0.001,0,1,"RP11-33N14.3","GSE214411","Myeloid",TRUE
0.357583512587511,0.558125147962595,0.001,0,1,"RP11-131L12.4","GSE214411","Myeloid",TRUE
0.357583512587511,0.461356872750262,0.001,0,1,"TMEM233","GSE214411","Myeloid",TRUE
0.357583512587511,0.788638061016506,0.001,0,1,"RP1-278C19.8","GSE214411","Myeloid",TRUE
0.357583512587511,0.358644530816285,0.001,0,1,"RP11-173P15.10","GSE214411","Myeloid",TRUE
0.357583512587511,3.71788426817005,0.001,0,1,"B3GNT4","GSE214411","Myeloid",TRUE
0.357583512587511,0.827741272184994,0.001,0,1,"DNAH10OS","GSE214411","Myeloid",TRUE
0.357583512587511,0.550945247584215,0.001,0,1,"RP11-417L19.2","GSE214411","Myeloid",TRUE
0.357583512587511,0.358644530816285,0.001,0,1,"RP13-895J2.3","GSE214411","Myeloid",TRUE
0.357583512587511,0.459772159061579,0.001,0,1,"RP11-476H16.1","GSE214411","Myeloid",TRUE
0.357583512587511,4.03907698577759,0.001,0,1,"RP11-427J23.1","GSE214411","Myeloid",TRUE
0.357583512587511,0.427668224126313,0.001,0,1,"TNFSF11","GSE214411","Myeloid",TRUE
0.357583512587511,0.7209852446399,0.001,0,1,"LINC00284","GSE214411","Myeloid",TRUE
0.357583512587511,2.56581020785689,0.001,0,1,"LINC00563","GSE214411","Myeloid",TRUE
0.357583512587511,1.08454970904116,0.001,0,1,"LINC00441","GSE214411","Myeloid",TRUE
0.357583512587511,3.58417705919502,0.001,0,1,"PCDH8","GSE214411","Myeloid",TRUE
0.357583512587511,0.678497017992807,0.001,0,1,"LMO7DN","GSE214411","Myeloid",TRUE
0.357583512587511,3.28235011297436,0.001,0,1,"DOCK9-AS2","GSE214411","Myeloid",TRUE
0.357583512587511,3.10212516138296,0.001,0,1,"RP11-214F16.8","GSE214411","Myeloid",TRUE
0.357583512587511,0.414092390295053,0.001,0,1,"RP11-151A6.6","GSE214411","Myeloid",TRUE
0.357583512587511,0.720787078413872,0.001,0,1,"ITGBL1","GSE214411","Myeloid",TRUE
0.357583512587511,1.7318972400904,0.001,0,1,"RP11-346C4.3","GSE214411","Myeloid",TRUE
0.357583512587511,0.752340563961569,0.001,0,1,"ARHGEF7-AS2","GSE214411","Myeloid",TRUE
0.357583512587511,1.47723705103332,0.001,0,1,"RP11-88E10.4","GSE214411","Myeloid",TRUE
0.357583512587511,0.558125147962595,0.001,0,1,"TRAV5","GSE214411","Myeloid",TRUE
0.357583512587511,0.334025819543736,0.001,0,1,"AE000662.93","GSE214411","Myeloid",TRUE
0.357583512587511,3.23635094769049,0.001,0,1,"RP11-468E2.10","GSE214411","Myeloid",TRUE
0.357583512587511,4.93338254424406,0.001,0,1,"CTSG","GSE214411","Myeloid",TRUE
0.357583512587511,0.390612345475478,0.001,0,1,"COCH","GSE214411","Myeloid",TRUE
0.357583512587511,1.1019361601724,0.001,0,1,"MIA2","GSE214411","Myeloid",TRUE
0.357583512587511,3.10212516138296,0.001,0,1,"TRIM9","GSE214411","Myeloid",TRUE
0.357583512587511,0.49520156662893,0.001,0,1,"RP11-544I20.2","GSE214411","Myeloid",TRUE
0.357583512587511,1.27032551447616,0.001,0,1,"CTD-2566J3.1","GSE214411","Myeloid",TRUE
0.357583512587511,0.657989380886905,0.001,0,1,"RP11-817G13.3","GSE214411","Myeloid",TRUE
0.357583512587511,0.310812713174887,0.001,0,1,"RP11-363J20.1","GSE214411","Myeloid",TRUE
0.357583512587511,1.34852275289953,0.001,0,1,"PLEKHD1","GSE214411","Myeloid",TRUE
0.357583512587511,0.427668224126313,0.001,0,1,"SYNJ2BP-COX16","GSE214411","Myeloid",TRUE
0.357583512587511,0.318039185937511,0.001,0,1,"RP11-7F17.5","GSE214411","Myeloid",TRUE
0.357583512587511,3.46978928403077,0.001,0,1,"NOXRED1","GSE214411","Myeloid",TRUE
0.357583512587511,4.1519774792508,0.001,0,1,"LINC00642","GSE214411","Myeloid",TRUE
0.357583512587511,0.499563176834664,0.001,0,1,"RP11-895M11.3","GSE214411","Myeloid",TRUE
0.357583512587511,0.551387334381946,0.001,0,1,"PPP4R4","GSE214411","Myeloid",TRUE
0.357583512587511,2.44433070516911,0.001,0,1,"RP11-638I2.6","GSE214411","Myeloid",TRUE
0.357583512587511,2.3348208607921,0.001,0,1,"MEG9","GSE214411","Myeloid",TRUE
0.357583512587511,0.896457270580887,0.001,0,1,"ASPG","GSE214411","Myeloid",TRUE
0.357583512587511,0.523587234656395,0.001,0,1,"RP11-982M15.2","GSE214411","Myeloid",TRUE
0.357583512587511,1.6254818823872,0.001,0,1,"IGHA2","GSE214411","Myeloid",TRUE
0.357583512587511,0.288246618165513,0.001,0,1,"RP11-32B5.7","GSE214411","Myeloid",TRUE
0.357583512587511,0.742484177762501,0.001,0,1,"NPAP1","GSE214411","Myeloid",TRUE
0.357583512587511,1.26654108893061,0.001,0,1,"GABRB3","GSE214411","Myeloid",TRUE
0.357583512587511,0.691683116999014,0.001,0,1,"DKFZP434L187","GSE214411","Myeloid",TRUE
0.357583512587511,0.573737202153398,0.001,0,1,"RYR3","GSE214411","Myeloid",TRUE
0.357583512587511,0.947461737042234,0.001,0,1,"RP11-346D14.1","GSE214411","Myeloid",TRUE
0.357583512587511,0.459772159061579,0.001,0,1,"RP11-102L12.2","GSE214411","Myeloid",TRUE
0.357583512587511,0.652513383547635,0.001,0,1,"CTD-2033D15.3","GSE214411","Myeloid",TRUE
0.357583512587511,1.3395238002591,0.001,0,1,"FSIP1","GSE214411","Myeloid",TRUE
0.357583512587511,2.33719896042618,0.001,0,1,"C15orf62","GSE214411","Myeloid",TRUE
0.357583512587511,2.57770337658507,0.001,0,1,"PLA2G4E-AS1","GSE214411","Myeloid",TRUE
0.357583512587511,0.34390209590905,0.001,0,1,"PLA2G4E","GSE214411","Myeloid",TRUE
0.357583512587511,0.918967666317632,0.001,0,1,"RP11-265N6.2","GSE214411","Myeloid",TRUE
0.357583512587511,0.660522519074942,0.001,0,1,"CTD-2036P10.6","GSE214411","Myeloid",TRUE
0.357583512587511,1.50926295146818,0.001,0,1,"USP50","GSE214411","Myeloid",TRUE
0.357583512587511,0.435504724382849,0.001,0,1,"CTD-2184D3.7","GSE214411","Myeloid",TRUE
0.357583512587511,3.50731411011935,0.001,0,1,"FOXB1","GSE214411","Myeloid",TRUE
0.357583512587511,0.54847891298815,0.001,0,1,"RP11-219B17.3","GSE214411","Myeloid",TRUE
0.357583512587511,3.55630239324901,0.001,0,1,"RP11-321G12.1","GSE214411","Myeloid",TRUE
0.357583512587511,0.310496417524343,0.001,0,1,"MEGF11","GSE214411","Myeloid",TRUE
0.357583512587511,3.23635094769049,0.001,0,1,"PAQR5","GSE214411","Myeloid",TRUE
0.357583512587511,1.55850417099762,0.001,0,1,"NR2E3","GSE214411","Myeloid",TRUE
0.357583512587511,0.688165470794193,0.001,0,1,"CTD-2524L6.3","GSE214411","Myeloid",TRUE
0.357583512587511,4.15472259479864,0.001,0,1,"RP11-106M3.2","GSE214411","Myeloid",TRUE
0.357583512587511,0.550945247584215,0.001,0,1,"RP11-247C2.2","GSE214411","Myeloid",TRUE
0.357583512587511,0.295975879576782,0.001,0,1,"RP11-665J16.1","GSE214411","Myeloid",TRUE
0.357583512587511,3.93056007881028,0.001,0,1,"CYP11A1","GSE214411","Myeloid",TRUE
0.357583512587511,0.681091107186557,0.001,0,1,"DNM1P35","GSE214411","Myeloid",TRUE
0.357583512587511,0.756383778829205,0.001,0,1,"CHRNA3","GSE214411","Myeloid",TRUE
0.357583512587511,0.54847891298815,0.001,0,1,"CFAP161","GSE214411","Myeloid",TRUE
0.357583512587511,0.50951414790118,0.001,0,1,"CPEB1-AS1","GSE214411","Myeloid",TRUE
0.357583512587511,0.742484177762501,0.001,0,1,"PLIN1","GSE214411","Myeloid",TRUE
0.357583512587511,0.580397626134648,0.001,0,1,"AC068831.15","GSE214411","Myeloid",TRUE
0.357583512587511,0.546683203258432,0.001,0,1,"PRC1-AS1","GSE214411","Myeloid",TRUE
0.357583512587511,1.25093670934149,0.001,0,1,"RP11-35O15.1","GSE214411","Myeloid",TRUE
0.357583512587511,0.446757391004166,0.001,0,1,"WASIR2","GSE214411","Myeloid",TRUE
0.357583512587511,0.793688375887395,0.001,0,1,"LINC00235","GSE214411","Myeloid",TRUE
0.357583512587511,0.741931054882572,0.001,0,1,"AL022341.3","GSE214411","Myeloid",TRUE
0.357583512587511,2.30786192763492,0.001,0,1,"CACNA1H","GSE214411","Myeloid",TRUE
0.357583512587511,0.498794149455435,0.001,0,1,"CASKIN1","GSE214411","Myeloid",TRUE
0.357583512587511,0.54847891298815,0.001,0,1,"PRSS33","GSE214411","Myeloid",TRUE
0.357583512587511,0.600970179895402,0.001,0,1,"LA16c-360H6.3","GSE214411","Myeloid",TRUE
0.357583512587511,0.497835167274863,0.001,0,1,"RP11-152P23.2","GSE214411","Myeloid",TRUE
0.357583512587511,0.795923874912157,0.001,0,1,"RP11-297M9.1","GSE214411","Myeloid",TRUE
0.357583512587511,2.79428569589451,0.001,0,1,"RP11-27M24.1","GSE214411","Myeloid",TRUE
0.357583512587511,0.826795603100045,0.001,0,1,"MIR193BHG","GSE214411","Myeloid",TRUE
0.357583512587511,0.7209852446399,0.001,0,1,"PLA2G10","GSE214411","Myeloid",TRUE
0.357583512587511,0.524204263196426,0.001,0,1,"MIR3180-1","GSE214411","Myeloid",TRUE
0.357583512587511,0.375934825915996,0.001,0,1,"RP11-1212A22.4","GSE214411","Myeloid",TRUE
0.357583512587511,0.631013109406529,0.001,0,1,"CTA-363E6.7","GSE214411","Myeloid",TRUE
0.357583512587511,0.717824742201959,0.001,0,1,"RP11-105C19.2","GSE214411","Myeloid",TRUE
0.357583512587511,0.691869022372749,0.001,0,1,"LCMT1-AS1","GSE214411","Myeloid",TRUE
0.357583512587511,0.459291307841598,0.001,0,1,"AQP8","GSE214411","Myeloid",TRUE
0.357583512587511,0.626723397458747,0.001,0,1,"NPIPB8","GSE214411","Myeloid",TRUE
0.357583512587511,0.984467928678313,0.001,0,1,"RP11-1348G14.5","GSE214411","Myeloid",TRUE
0.357583512587511,2.27373593160019,0.001,0,1,"RP11-24N18.1","GSE214411","Myeloid",TRUE
0.357583512587511,0.990763945509643,0.001,0,1,"SULT1A4","GSE214411","Myeloid",TRUE
0.357583512587511,1.35199912147268,0.001,0,1,"RP11-231C14.4","GSE214411","Myeloid",TRUE
0.357583512587511,2.00720572212038,0.001,0,1,"COX6A2","GSE214411","Myeloid",TRUE
0.357583512587511,3.40865278979738,0.001,0,1,"RP11-169E6.1","GSE214411","Myeloid",TRUE
0.357583512587511,0.743800447508251,0.001,0,1,"RP11-401P9.4","GSE214411","Myeloid",TRUE
0.357583512587511,0.688104003489947,0.001,0,1,"RP11-461O7.1","GSE214411","Myeloid",TRUE
0.357583512587511,0.375775945980221,0.001,0,1,"RP11-413H22.3","GSE214411","Myeloid",TRUE
0.357583512587511,0.422987096127033,0.001,0,1,"RP11-510M2.2","GSE214411","Myeloid",TRUE
0.357583512587511,0.698487439737633,0.001,0,1,"RP11-346C20.4","GSE214411","Myeloid",TRUE
0.357583512587511,0.553249659989778,0.001,0,1,"AC009120.4","GSE214411","Myeloid",TRUE
0.357583512587511,0.742484177762501,0.001,0,1,"RP11-490B18.5","GSE214411","Myeloid",TRUE
0.357583512587511,0.604646113639513,0.001,0,1,"RP11-264L1.4","GSE214411","Myeloid",TRUE
0.357583512587511,0.310812713174887,0.001,0,1,"RP11-556H2.4","GSE214411","Myeloid",TRUE
0.357583512587511,2.7708949921141,0.001,0,1,"LINC01228","GSE214411","Myeloid",TRUE
0.357583512587511,0.390612345475478,0.001,0,1,"LINC01227","GSE214411","Myeloid",TRUE
0.357583512587511,0.469780903688171,0.001,0,1,"RP11-303E16.7","GSE214411","Myeloid",TRUE
0.357583512587511,3.05218524088767,0.001,0,1,"AC092718.1","GSE214411","Myeloid",TRUE
0.357583512587511,0.621053636737702,0.001,0,1,"RP11-486L19.2","GSE214411","Myeloid",TRUE
0.357583512587511,2.27373593160019,0.001,0,1,"FENDRR","GSE214411","Myeloid",TRUE
0.357583512587511,0.851235066405538,0.001,0,1,"FOXC2","GSE214411","Myeloid",TRUE
0.357583512587511,0.538812405293539,0.001,0,1,"IL17C","GSE214411","Myeloid",TRUE
0.357583512587511,0.523299637829258,0.001,0,1,"RP11-566K11.5","GSE214411","Myeloid",TRUE
0.357583512587511,0.626083700807101,0.001,0,1,"PRDM7","GSE214411","Myeloid",TRUE
0.357583512587511,0.627417504238602,0.001,0,1,"AC108004.3","GSE214411","Myeloid",TRUE
0.357583512587511,0.414092390295053,0.001,0,1,"RP11-676J12.4","GSE214411","Myeloid",TRUE
0.357583512587511,1.1019361601724,0.001,0,1,"RP11-676J12.7","GSE214411","Myeloid",TRUE
0.357583512587511,0.340618765826205,0.001,0,1,"TUSC5","GSE214411","Myeloid",TRUE
0.357583512587511,2.00720572212038,0.001,0,1,"RP11-961A15.3","GSE214411","Myeloid",TRUE
0.357583512587511,0.644817208004138,0.001,0,1,"RTN4RL1","GSE214411","Myeloid",TRUE
0.357583512587511,0.571262328852786,0.001,0,1,"RP11-667K14.5","GSE214411","Myeloid",TRUE
0.357583512587511,0.300545985586558,0.001,0,1,"ASPA","GSE214411","Myeloid",TRUE
0.357583512587511,0.764646561012457,0.001,0,1,"RP5-1050D4.2","GSE214411","Myeloid",TRUE
0.357583512587511,0.682060230224344,0.001,0,1,"RP5-1050D4.4","GSE214411","Myeloid",TRUE
0.357583512587511,0.742484177762501,0.001,0,1,"SLC2A4","GSE214411","Myeloid",TRUE
0.357583512587511,0.934941168805532,0.001,0,1,"YBX2","GSE214411","Myeloid",TRUE
0.357583512587511,0.89141414678701,0.001,0,1,"RP11-542C16.2","GSE214411","Myeloid",TRUE
0.357583512587511,1.08396548908373,0.001,0,1,"RP11-186B7.7","GSE214411","Myeloid",TRUE
0.357583512587511,0.780783701334736,0.001,0,1,"ALOX12B","GSE214411","Myeloid",TRUE
0.357583512587511,0.497758558916424,0.001,0,1,"RP11-849F2.7","GSE214411","Myeloid",TRUE
0.357583512587511,0.707508051472136,0.001,0,1,"CTC-297N7.1","GSE214411","Myeloid",TRUE
0.357583512587511,0.601923750614747,0.001,0,1,"RP11-385D13.1","GSE214411","Myeloid",TRUE
0.357583512587511,0.792766287169636,0.001,0,1,"RP11-524F11.2","GSE214411","Myeloid",TRUE
0.357583512587511,0.638736383390627,0.001,0,1,"RP1-178F10.1","GSE214411","Myeloid",TRUE
0.357583512587511,1.03840518684012,0.001,0,1,"SLC5A10","GSE214411","Myeloid",TRUE
0.357583512587511,0.993435516930157,0.001,0,1,"RP11-160E2.11","GSE214411","Myeloid",TRUE
0.357583512587511,3.02520696639359,0.001,0,1,"RP11-746M1.1","GSE214411","Myeloid",TRUE
0.357583512587511,0.499524686493594,0.001,0,1,"RP11-338L22.2","GSE214411","Myeloid",TRUE
0.357583512587511,0.569497405199348,0.001,0,1,"RP11-354P11.8","GSE214411","Myeloid",TRUE
0.357583512587511,0.688104003489947,0.001,0,1,"RP11-848P1.5","GSE214411","Myeloid",TRUE
0.357583512587511,0.638626622279345,0.001,0,1,"RP11-227G15.8","GSE214411","Myeloid",TRUE
0.357583512587511,1.16922897205132,0.001,0,1,"ARL5C","GSE214411","Myeloid",TRUE
0.357583512587511,0.384449490881236,0.001,0,1,"PPP1R1B","GSE214411","Myeloid",TRUE
0.357583512587511,0.594357018766834,0.001,0,1,"AC004231.2","GSE214411","Myeloid",TRUE
0.357583512587511,2.35581792306194,0.001,0,1,"KRT36","GSE214411","Myeloid",TRUE
0.357583512587511,1.02365811991575,0.001,0,1,"KCNH4","GSE214411","Myeloid",TRUE
0.357583512587511,0.843029751641815,0.001,0,1,"CNTNAP1","GSE214411","Myeloid",TRUE
0.357583512587511,0.422987096127033,0.001,0,1,"MPP2","GSE214411","Myeloid",TRUE
0.357583512587511,0.288246618165513,0.001,0,1,"C1QL1","GSE214411","Myeloid",TRUE
0.357583512587511,0.660522519074942,0.001,0,1,"SPATA32","GSE214411","Myeloid",TRUE
0.357583512587511,0.507344700839429,0.001,0,1,"WNT9B","GSE214411","Myeloid",TRUE
0.357583512587511,1.27032551447616,0.001,0,1,"RP5-890E16.5","GSE214411","Myeloid",TRUE
0.357583512587511,3.09620844125228,0.001,0,1,"RP11-456D7.1","GSE214411","Myeloid",TRUE
0.357583512587511,0.5801119176311,0.001,0,1,"DLX3","GSE214411","Myeloid",TRUE
0.357583512587511,0.361507749282262,0.001,0,1,"SAMD14","GSE214411","Myeloid",TRUE
0.357583512587511,4.00188628810483,0.001,0,1,"RP11-700H6.1","GSE214411","Myeloid",TRUE
0.357583512587511,0.738900425800171,0.001,0,1,"NOG","GSE214411","Myeloid",TRUE
0.357583512587511,0.310517492413544,0.001,0,1,"RP11-583F2.2","GSE214411","Myeloid",TRUE
0.357583512587511,0.420472997462266,0.001,0,1,"CACNG4","GSE214411","Myeloid",TRUE
0.357583512587511,0.280063686046091,0.001,0,1,"TEN1","GSE214411","Myeloid",TRUE
0.357583512587511,3.83474981311895,0.001,0,1,"RP11-449J21.5","GSE214411","Myeloid",TRUE
0.357583512587511,0.934941168805532,0.001,0,1,"RP11-666A8.8","GSE214411","Myeloid",TRUE
0.357583512587511,0.797471494182059,0.001,0,1,"RP11-28G8.1","GSE214411","Myeloid",TRUE
0.357583512587511,0.793688375887395,0.001,0,1,"RP11-498C9.16","GSE214411","Myeloid",TRUE
0.357583512587511,0.599019810138293,0.001,0,1,"NPB","GSE214411","Myeloid",TRUE
0.357583512587511,0.25728031194696,0.001,0,1,"RP11-498C9.13","GSE214411","Myeloid",TRUE
0.357583512587511,0.424004391698135,0.001,0,1,"RP13-20L14.6","GSE214411","Myeloid",TRUE
0.357583512587511,4.10088444317109,0.001,0,1,"ZNF750","GSE214411","Myeloid",TRUE
0.357583512587511,0.691683116999014,0.001,0,1,"RP11-806L2.2","GSE214411","Myeloid",TRUE
0.357583512587511,4.0517140712109,0.001,0,1,"ADCYAP1","GSE214411","Myeloid",TRUE
0.357583512587511,3.75163070042571,0.001,0,1,"CTD-3096M3.1","GSE214411","Myeloid",TRUE
0.357583512587511,0.61318139240449,0.001,0,1,"RP11-61L19.2","GSE214411","Myeloid",TRUE
0.357583512587511,0.678497017992807,0.001,0,1,"LDLRAD4-AS1","GSE214411","Myeloid",TRUE
0.357583512587511,0.983480063547052,0.001,0,1,"RP11-17J14.2","GSE214411","Myeloid",TRUE
0.357583512587511,3.71397245536823,0.001,0,1,"HRH4","GSE214411","Myeloid",TRUE
0.357583512587511,0.80316155473904,0.001,0,1,"PCAT18","GSE214411","Myeloid",TRUE
0.357583512587511,3.02520696639359,0.001,0,1,"DSG2-AS1","GSE214411","Myeloid",TRUE
0.357583512587511,0.361507749282262,0.001,0,1,"RP11-210K20.2","GSE214411","Myeloid",TRUE
0.357583512587511,0.844473334283718,0.001,0,1,"KLHL14","GSE214411","Myeloid",TRUE
0.357583512587511,2.5266117642374,0.001,0,1,"AC012123.1","GSE214411","Myeloid",TRUE
0.357583512587511,1.27032551447616,0.001,0,1,"RP11-158H5.7","GSE214411","Myeloid",TRUE
0.357583512587511,0.70183336555424,0.001,0,1,"RP11-322E11.2","GSE214411","Myeloid",TRUE
0.357583512587511,0.860886677343126,0.001,0,1,"RP11-322E11.5","GSE214411","Myeloid",TRUE
0.357583512587511,0.708986106285904,0.001,0,1,"FHOD3","GSE214411","Myeloid",TRUE
0.357583512587511,0.551387334381946,0.001,0,1,"RP11-687F6.5","GSE214411","Myeloid",TRUE
0.357583512587511,0.83071301500105,0.001,0,1,"RSPO4","GSE214411","Myeloid",TRUE
0.357583512587511,0.280063686046091,0.001,0,1,"RP4-686C3.7","GSE214411","Myeloid",TRUE
0.357583512587511,0.223728312408692,0.001,0,1,"RP4-794I6.4","GSE214411","Myeloid",TRUE
0.357583512587511,0.480160012623838,0.001,0,1,"PRND","GSE214411","Myeloid",TRUE
0.357583512587511,0.440888499275133,0.001,0,1,"RP5-1022P6.5","GSE214411","Myeloid",TRUE
0.357583512587511,0.423880913384968,0.001,0,1,"PAK7","GSE214411","Myeloid",TRUE
0.357583512587511,0.834785849984861,0.001,0,1,"RP1-122P22.4","GSE214411","Myeloid",TRUE
0.357583512587511,0.523299637829258,0.001,0,1,"RP5-999L4.2","GSE214411","Myeloid",TRUE
0.357583512587511,0.622477088618695,0.001,0,1,"RP13-401N8.1","GSE214411","Myeloid",TRUE
0.357583512587511,0.574440462342411,0.001,0,1,"C20orf203","GSE214411","Myeloid",TRUE
0.357583512587511,0.803239953852296,0.001,0,1,"RP4-550H1.7","GSE214411","Myeloid",TRUE
0.357583512587511,0.752128709599491,0.001,0,1,"RP4-564F22.5","GSE214411","Myeloid",TRUE
0.357583512587511,0.280063686046091,0.001,0,1,"RP5-881L22.5","GSE214411","Myeloid",TRUE
0.357583512587511,0.928934232251262,0.001,0,1,"HNF4A","GSE214411","Myeloid",TRUE
0.357583512587511,0.358644530816285,0.001,0,1,"STK4-AS1","GSE214411","Myeloid",TRUE
0.357583512587511,0.752340563961569,0.001,0,1,"WFDC6","GSE214411","Myeloid",TRUE
0.357583512587511,0.60581115969395,0.001,0,1,"RP1-28H20.3","GSE214411","Myeloid",TRUE
0.357583512587511,2.63604396183201,0.001,0,1,"RP11-15M15.1","GSE214411","Myeloid",TRUE
0.357583512587511,4.15472259479864,0.001,0,1,"PCK1","GSE214411","Myeloid",TRUE
0.357583512587511,2.30382107901938,0.001,0,1,"PHACTR3","GSE214411","Myeloid",TRUE
0.357583512587511,1.08454970904116,0.001,0,1,"RBBP8NL","GSE214411","Myeloid",TRUE
0.357583512587511,0.331035762897669,0.001,0,1,"SLCO4A1-AS1","GSE214411","Myeloid",TRUE
0.357583512587511,0.498794149455435,0.001,0,1,"HAR1A","GSE214411","Myeloid",TRUE
0.357583512587511,0.959215889775079,0.001,0,1,"AC004156.3","GSE214411","Myeloid",TRUE
0.357583512587511,4.27914013529336,0.001,0,1,"PRTN3","GSE214411","Myeloid",TRUE
0.357583512587511,0.851235066405538,0.001,0,1,"PLK5","GSE214411","Myeloid",TRUE
0.357583512587511,0.742484177762501,0.001,0,1,"AMH","GSE214411","Myeloid",TRUE
0.357583512587511,0.424004391698135,0.001,0,1,"GIPC3","GSE214411","Myeloid",TRUE
0.357583512587511,0.358644530816285,0.001,0,1,"AC005339.2","GSE214411","Myeloid",TRUE
0.357583512587511,3.23767913551106,0.001,0,1,"CTC-232P5.1","GSE214411","Myeloid",TRUE
0.357583512587511,0.523299637829258,0.001,0,1,"PRR36","GSE214411","Myeloid",TRUE
0.357583512587511,0.518971613874681,0.001,0,1,"FBN3","GSE214411","Myeloid",TRUE
0.357583512587511,0.454993870346991,0.001,0,1,"CTD-2192J16.20","GSE214411","Myeloid",TRUE
0.357583512587511,3.62901217216305,0.001,0,1,"PALM3","GSE214411","Myeloid",TRUE
0.357583512587511,0.25728031194696,0.001,0,1,"PTGER1","GSE214411","Myeloid",TRUE
0.357583512587511,0.788942673301134,0.001,0,1,"PGLYRP2","GSE214411","Myeloid",TRUE
0.357583512587511,1.68141764760534,0.001,0,1,"CYP4F22","GSE214411","Myeloid",TRUE
0.357583512587511,0.310854913844093,0.001,0,1,"CYP4F11","GSE214411","Myeloid",TRUE
0.357583512587511,0.51836322161803,0.001,0,1,"CTD-2562J15.4","GSE214411","Myeloid",TRUE
0.357583512587511,0.678196361875818,0.001,0,1,"CTD-2013N17.7","GSE214411","Myeloid",TRUE
0.357583512587511,0.344687150327911,0.001,0,1,"CTD-3222D19.11","GSE214411","Myeloid",TRUE
0.357583512587511,0.50951414790118,0.001,0,1,"TMEM221","GSE214411","Myeloid",TRUE
0.357583512587511,0.50951414790118,0.001,0,1,"FAM129C","GSE214411","Myeloid",TRUE
0.357583512587511,2.79428569589451,0.001,0,1,"CERS1","GSE214411","Myeloid",TRUE
0.357583512587511,1.1229883623003,0.001,0,1,"TSSK6","GSE214411","Myeloid",TRUE
0.357583512587511,0.742484177762501,0.001,0,1,"CTD-2291D10.4","GSE214411","Myeloid",TRUE
0.357583512587511,0.497835167274863,0.001,0,1,"CTB-176F20.3","GSE214411","Myeloid",TRUE
0.357583512587511,0.432069073408593,0.001,0,1,"CTB-32O4.3","GSE214411","Myeloid",TRUE
0.357583512587511,0.613026494450105,0.001,0,1,"AC007773.2","GSE214411","Myeloid",TRUE
0.357583512587511,0.58499700379577,0.001,0,1,"SLC7A9","GSE214411","Myeloid",TRUE
0.357583512587511,3.94685453151894,0.001,0,1,"AC002511.2","GSE214411","Myeloid",TRUE
0.357583512587511,2.15867218064729,0.001,0,1,"AC002398.12","GSE214411","Myeloid",TRUE
0.357583512587511,0.715337951586902,0.001,0,1,"CTC-454I21.3","GSE214411","Myeloid",TRUE
0.357583512587511,0.330468738066285,0.001,0,1,"LINC01535","GSE214411","Myeloid",TRUE
0.357583512587511,1.0420889188466,0.001,0,1,"CCER2","GSE214411","Myeloid",TRUE
0.357583512587511,0.577124301563929,0.001,0,1,"DLL3","GSE214411","Myeloid",TRUE
0.357583512587511,0.439138068750069,0.001,0,1,"SRRM5","GSE214411","Myeloid",TRUE
0.357583512587511,1.47792432121473,0.001,0,1,"IGSF23","GSE214411","Myeloid",TRUE
0.357583512587511,0.594357018766834,0.001,0,1,"EXOC3L2","GSE214411","Myeloid",TRUE
0.357583512587511,1.27049802683009,0.001,0,1,"HIF3A","GSE214411","Myeloid",TRUE
0.357583512587511,0.83071301500105,0.001,0,1,"GNG8","GSE214411","Myeloid",TRUE
0.357583512587511,1.6254818823872,0.001,0,1,"DKKL1","GSE214411","Myeloid",TRUE
0.357583512587511,0.523299637829258,0.001,0,1,"AC010524.2","GSE214411","Myeloid",TRUE
0.357583512587511,2.87529032660996,0.001,0,1,"KLK6","GSE214411","Myeloid",TRUE
0.357583512587511,2.14481650988927,0.001,0,1,"KLK13","GSE214411","Myeloid",TRUE
0.357583512587511,0.318039185937511,0.001,0,1,"ZNF888","GSE214411","Myeloid",TRUE
0.357583512587511,0.358145071213798,0.001,0,1,"CTD-2331H12.7","GSE214411","Myeloid",TRUE
0.357583512587511,2.94263518185393,0.001,0,1,"CTD-2245F17.3","GSE214411","Myeloid",TRUE
0.357583512587511,0.600970179895402,0.001,0,1,"AC012314.8","GSE214411","Myeloid",TRUE
0.357583512587511,2.30382107901938,0.001,0,1,"KIR3DL2","GSE214411","Myeloid",TRUE
0.357583512587511,0.344234887118889,0.001,0,1,"CTD-2587H24.10","GSE214411","Myeloid",TRUE
0.357583512587511,0.762405172019882,0.001,0,1,"CTD-2105E13.16","GSE214411","Myeloid",TRUE
0.357583512587511,0.878102538496575,0.001,0,1,"AC007228.9","GSE214411","Myeloid",TRUE
0.357583512587511,0.644817208004138,0.001,0,1,"AC004076.5","GSE214411","Myeloid",TRUE
0.357583512587511,0.489093388301635,0.001,0,1,"CTD-2619J13.3","GSE214411","Myeloid",TRUE
0.357583512587511,0.621053636737702,0.001,0,1,"CECR7","GSE214411","Myeloid",TRUE
0.357583512587511,0.60845743498175,0.001,0,1,"LINC01311","GSE214411","Myeloid",TRUE
0.357583512587511,0.782209272754212,0.001,0,1,"DRICH1","GSE214411","Myeloid",TRUE
0.357583512587511,0.390612345475478,0.001,0,1,"MYO18B","GSE214411","Myeloid",TRUE
0.357583512587511,1.35103178455916,0.001,0,1,"LINC01422","GSE214411","Myeloid",TRUE
0.357583512587511,0.282516048525792,0.001,0,1,"SEC14L4","GSE214411","Myeloid",TRUE
0.357583512587511,0.951594525228542,0.001,0,1,"PIK3IP1-AS1","GSE214411","Myeloid",TRUE
0.357583512587511,0.951905711798954,0.001,0,1,"SLC5A4","GSE214411","Myeloid",TRUE
0.357583512587511,2.99775058969531,0.001,0,1,"SYN3","GSE214411","Myeloid",TRUE
0.357583512587511,0.308648227742676,0.001,0,1,"CTA-212A2.2","GSE214411","Myeloid",TRUE
0.357583512587511,0.439591000351792,0.001,0,1,"C22orf23","GSE214411","Myeloid",TRUE
0.357583512587511,0.454756707038978,0.001,0,1,"RP1-5O6.5","GSE214411","Myeloid",TRUE
0.357583512587511,0.497758558916424,0.001,0,1,"Z83851.4","GSE214411","Myeloid",TRUE
0.357583512587511,0.375934825915996,0.001,0,1,"CTA-989H11.1","GSE214411","Myeloid",TRUE
0.357583512587511,0.449213966736782,0.001,0,1,"AL022476.2","GSE214411","Myeloid",TRUE
0.357583512587511,0.707572215327462,0.001,0,1,"Z99756.1","GSE214411","Myeloid",TRUE
0.357583512587511,0.423880913384968,0.001,0,1,"RP6-109B7.5","GSE214411","Myeloid",TRUE
0.357583512587511,0.627417504238602,0.001,0,1,"RP3-522J7.6","GSE214411","Myeloid",TRUE
0.357583512587511,0.984467928678313,0.001,0,1,"ADM2","GSE214411","Myeloid",TRUE
0.357583512587511,0.439591000351792,0.001,0,1,"CH507-154B10.2","GSE214411","Myeloid",TRUE
0.357583512587511,0.599019810138293,0.001,0,1,"CH507-513H4.4","GSE214411","Myeloid",TRUE
0.357583512587511,0.390612345475478,0.001,0,1,"AJ006998.2","GSE214411","Myeloid",TRUE
0.357583512587511,0.648114731266334,0.001,0,1,"GRIK1-AS1","GSE214411","Myeloid",TRUE
0.357583512587511,3.4827129687508,0.001,0,1,"AP000295.10","GSE214411","Myeloid",TRUE
0.357583512587511,0.571495145448234,0.001,0,1,"KCNE2","GSE214411","Myeloid",TRUE
0.357583512587511,0.824732203018495,0.001,0,1,"LINC01436","GSE214411","Myeloid",TRUE
0.357583512587511,2.38719826695725,0.001,0,1,"AP000695.4","GSE214411","Myeloid",TRUE
0.357583512587511,0.300545985586558,0.001,0,1,"LINC00114","GSE214411","Myeloid",TRUE
0.357583512587511,0.568432995402048,0.001,0,1,"LINC00323","GSE214411","Myeloid",TRUE
0.357583512587511,0.802534805004653,0.001,0,1,"TMPRSS2","GSE214411","Myeloid",TRUE
0.357583512587511,0.426826250854226,0.001,0,1,"H2BFS","GSE214411","Myeloid",TRUE
0.357583512587511,0.743800447508251,0.001,0,1,"RP4-677H15.4","GSE214411","Myeloid",TRUE
0.357583512587511,2.96563462179533,0.001,0,1,"AC083949.1","GSE214411","Myeloid",TRUE
0.357583512587511,0.660522519074942,0.001,0,1,"RP11-506F3.1","GSE214411","Myeloid",TRUE
0.357583512587511,0.592045592206567,0.001,0,1,"HSPE1-MOB4","GSE214411","Myeloid",TRUE
0.357583512587511,0.60845743498175,0.001,0,1,"RP11-317L10.1","GSE214411","Myeloid",TRUE
0.357583512587511,1.1521655872395,0.001,0,1,"ITIH1","GSE214411","Myeloid",TRUE
0.357583512587511,0.518282178255141,0.001,0,1,"RP11-154H23.4","GSE214411","Myeloid",TRUE
0.357583512587511,0.489093388301635,0.001,0,1,"SLC7A14","GSE214411","Myeloid",TRUE
0.357583512587511,1.27032551447616,0.001,0,1,"LPP-AS1","GSE214411","Myeloid",TRUE
0.357583512587511,1.26671265945775,0.001,0,1,"TMPRSS11D","GSE214411","Myeloid",TRUE
0.357583512587511,0.541949861086202,0.001,0,1,"FGF5","GSE214411","Myeloid",TRUE
0.357583512587511,0.756383778829205,0.001,0,1,"APELA","GSE214411","Myeloid",TRUE
0.357583512587511,0.960057388993723,0.001,0,1,"FLJ33360","GSE214411","Myeloid",TRUE
0.357583512587511,1.07424519977833,0.001,0,1,"ARL14EPL","GSE214411","Myeloid",TRUE
0.357583512587511,0.390612345475478,0.001,0,1,"BTNL3","GSE214411","Myeloid",TRUE
0.357583512587511,0.240573120477,0.001,0,1,"RP3-330M21.5","GSE214411","Myeloid",TRUE
0.357583512587511,3.64740397204773,0.001,0,1,"GCM1","GSE214411","Myeloid",TRUE
0.357583512587511,0.288246618165513,0.001,0,1,"RP11-505P4.7","GSE214411","Myeloid",TRUE
0.357583512587511,0.395119080401578,0.001,0,1,"RP11-95M15.1","GSE214411","Myeloid",TRUE
0.357583512587511,0.282516048525792,0.001,0,1,"TRIM50","GSE214411","Myeloid",TRUE
0.357583512587511,0.49520156662893,0.001,0,1,"AC006372.4","GSE214411","Myeloid",TRUE
0.357583512587511,0.414451891922308,0.001,0,1,"RP11-17G12.3","GSE214411","Myeloid",TRUE
0.357583512587511,0.507344700839429,0.001,0,1,"RP5-1031D4.2","GSE214411","Myeloid",TRUE
0.357583512587511,0.334025819543736,0.001,0,1,"FAM25G","GSE214411","Myeloid",TRUE
0.357583512587511,2.33126400142491,0.001,0,1,"RP11-179K3.2","GSE214411","Myeloid",TRUE
0.357583512587511,0.638626622279345,0.001,0,1,"LIPJ","GSE214411","Myeloid",TRUE
0.357583512587511,0.361507749282262,0.001,0,1,"RP11-525A16.4","GSE214411","Myeloid",TRUE
0.357583512587511,1.34852275289953,0.001,0,1,"PRMT8","GSE214411","Myeloid",TRUE
0.357583512587511,3.06936688114564,0.001,0,1,"RP11-666F17.1","GSE214411","Myeloid",TRUE
0.357583512587511,0.469780903688171,0.001,0,1,"CELA1","GSE214411","Myeloid",TRUE
0.357583512587511,0.518444282757292,0.001,0,1,"RP11-834C11.5","GSE214411","Myeloid",TRUE
0.357583512587511,0.330468738066285,0.001,0,1,"MYL2","GSE214411","Myeloid",TRUE
0.357583512587511,0.937362250558577,0.001,0,1,"LINC01072","GSE214411","Myeloid",TRUE
0.357583512587511,0.889280428531917,0.001,0,1,"RNF17","GSE214411","Myeloid",TRUE
0.357583512587511,2.54966788866673,0.001,0,1,"MTUS2-AS2","GSE214411","Myeloid",TRUE
0.357583512587511,0.662664134533021,0.001,0,1,"RP11-318G21.4","GSE214411","Myeloid",TRUE
0.357583512587511,0.50331636319091,0.001,0,1,"TRAV19","GSE214411","Myeloid",TRUE
0.357583512587511,0.760389631269696,0.001,0,1,"RP11-624L4.1","GSE214411","Myeloid",TRUE
0.357583512587511,1.42417016486985,0.001,0,1,"UNC13C","GSE214411","Myeloid",TRUE
0.357583512587511,0.536252970913351,0.001,0,1,"CRABP1","GSE214411","Myeloid",TRUE
0.357583512587511,0.766971239862732,0.001,0,1,"CHRNB4","GSE214411","Myeloid",TRUE
0.357583512587511,3.5341035733308,0.001,0,1,"LINC00052","GSE214411","Myeloid",TRUE
0.357583512587511,0.60845743498175,0.001,0,1,"LMF1-AS1","GSE214411","Myeloid",TRUE
0.357583512587511,0.960057388993723,0.001,0,1,"C16orf96","GSE214411","Myeloid",TRUE
0.357583512587511,0.754464302070305,0.001,0,1,"CTC-508F8.1","GSE214411","Myeloid",TRUE
0.357583512587511,0.463018334785533,0.001,0,1,"RP11-401P9.1","GSE214411","Myeloid",TRUE
0.357583512587511,0.575003972005742,0.001,0,1,"GPR179","GSE214411","Myeloid",TRUE
0.357583512587511,0.295975879576782,0.001,0,1,"B4GALNT2","GSE214411","Myeloid",TRUE
0.357583512587511,0.54847891298815,0.001,0,1,"MIR3976HG","GSE214411","Myeloid",TRUE
0.357583512587511,0.524533763766026,0.001,0,1,"RP3-322G13.7","GSE214411","Myeloid",TRUE
0.357583512587511,0.644149620739197,0.001,0,1,"SLC32A1","GSE214411","Myeloid",TRUE
0.357583512587511,0.742484177762501,0.001,0,1,"SLC7A10","GSE214411","Myeloid",TRUE
0.357583512587511,0.61722921347047,0.001,0,1,"AC008753.4","GSE214411","Myeloid",TRUE
0.357583512587511,1.78409804634526,0.001,0,1,"ENTHD1","GSE214411","Myeloid",TRUE
0.357583512587511,1.19034225531601,0.001,0,1,"XX-C00717C00720L.1","GSE214411","Myeloid",TRUE
0.357583512587511,1.24127868841764,0.001,0,1,"AF127577.12","GSE214411","Myeloid",TRUE
0.357583512587511,0.400608918461,0.001,0,1,"AP000289.6","GSE214411","Myeloid",TRUE
0.357583512587511,1.50048243626664,0.001,0,1,"C1orf100","GSE214411","Myeloid",TRUE
0.357583512587511,0.498525376994532,0.001,0,1,"CTC-558O19.1","GSE214411","Myeloid",TRUE
0.357583512587511,1.36686384836683,0.001,0,1,"AC004988.1","GSE214411","Myeloid",TRUE
0.357583512587511,0.358594546637871,0.001,0,1,"MBOAT4","GSE214411","Myeloid",TRUE
0.357583512587511,4.66657902379212,0.001,0,1,"MS4A3","GSE214411","Myeloid",TRUE
0.357583512587511,0.498525376994532,0.001,0,1,"RP11-253I19.3","GSE214411","Myeloid",TRUE
0.357583512587511,0.334025819543736,0.001,0,1,"IL31","GSE214411","Myeloid",TRUE
0.357583512587511,0.390612345475478,0.001,0,1,"ERICH6B","GSE214411","Myeloid",TRUE
0.357583512587511,0.358594546637871,0.001,0,1,"RP11-111A22.1","GSE214411","Myeloid",TRUE
0.357583512587511,0.738900425800171,0.001,0,1,"CTD-2026K11.3","GSE214411","Myeloid",TRUE
0.357583512587511,1.08247498675881,0.001,0,1,"FAM169B","GSE214411","Myeloid",TRUE
0.357583512587511,0.727036927093883,0.001,0,1,"RP11-485G7.6","GSE214411","Myeloid",TRUE
0.357583512587511,0.390612345475478,0.001,0,1,"RP11-469A15.2","GSE214411","Myeloid",TRUE
0.357583512587511,0.454012413068277,0.001,0,1,"RP11-338C15.3","GSE214411","Myeloid",TRUE
0.357583512587511,0.254993949936987,0.001,0,1,"IQCJ-SCHIP1-AS1","GSE214411","Myeloid",TRUE
0.357583512587511,0.295975879576782,0.001,0,1,"CTB-138E5.1","GSE214411","Myeloid",TRUE
0.357583512587511,0.680365649123916,0.001,0,1,"RP11-157D23.2","GSE214411","Myeloid",TRUE
0.357583512587511,2.73583453263375,0.001,0,1,"MAFA-AS1","GSE214411","Myeloid",TRUE
0.357583512587511,3.46978928403077,0.001,0,1,"ADGRD2","GSE214411","Myeloid",TRUE
0.357583512587511,1.23797981363985,0.001,0,1,"RP13-444H2.1","GSE214411","Myeloid",TRUE
0.357583512587511,0.571495145448234,0.001,0,1,"SIRPD","GSE214411","Myeloid",TRUE
0.357583512587511,2.15122515056242,0.001,0,1,"RP1-90J4.1","GSE214411","Myeloid",TRUE
0.357583512587511,0.599618929929854,0.001,0,1,"RP11-178L8.9","GSE214411","Myeloid",TRUE
0.357583512587511,0.645485838316592,0.001,0,1,"RP11-231E19.1","GSE214411","Myeloid",TRUE
0.357583512587511,3.57539930011435,0.001,0,1,"RP11-132N15.3","GSE214411","Myeloid",TRUE
0.357583512587511,2.00720572212038,0.001,0,1,"RP11-213H15.4","GSE214411","Myeloid",TRUE
0.357583512587511,0.420472997462266,0.001,0,1,"ISL2","GSE214411","Myeloid",TRUE
0.357583512587511,0.580397626134648,0.001,0,1,"RP11-876N24.2","GSE214411","Myeloid",TRUE
0.357583512587511,1.18090826310803,0.001,0,1,"CCL1","GSE214411","Myeloid",TRUE
0.357642387410014,0.719627469583392,0.004,0.002,1,"RP11-181G12.2","GSE214411","Myeloid",TRUE
0.357642387410014,0.599596310567809,0.004,0.002,1,"ZNF662","GSE214411","Myeloid",TRUE
0.357642387410014,1.90768778058406,0.004,0.002,1,"CLDN11","GSE214411","Myeloid",TRUE
0.357642387410014,1.66467415344129,0.004,0.002,1,"MAP6D1","GSE214411","Myeloid",TRUE
0.357642387410014,3.35104424583517,0.004,0.002,1,"GCNT4","GSE214411","Myeloid",TRUE
0.357642387410014,0.420311439920117,0.004,0.002,1,"VGF","GSE214411","Myeloid",TRUE
0.357642387410014,0.645991281761564,0.004,0.002,1,"FOXA1","GSE214411","Myeloid",TRUE
0.357642387410014,0.909779209210313,0.004,0.002,1,"TBX21","GSE214411","Myeloid",TRUE
0.357642387410014,-0.973575643253324,0.004,0.002,1,"RP11-147L13.12","GSE214411","Myeloid",TRUE
0.357874291418218,0.19080724151732,0.083,0.07,1,"SYVN1","GSE214411","Myeloid",TRUE
0.358009257954343,-0.752515753007057,0.037,0.044,1,"UTS2","GSE214411","Myeloid",TRUE
0.358022353992405,0.229602766709103,0.158,0.169,1,"WDFY3","GSE214411","Myeloid",TRUE
0.358028512973787,0.340122778894036,0.004,0.002,1,"RP11-73M7.9","GSE214411","Myeloid",TRUE
0.358028512973787,-0.1162549340907,0.004,0.002,1,"HOXA4","GSE214411","Myeloid",TRUE
0.358028512973787,1.62524535554851,0.004,0.002,1,"ARHGAP39","GSE214411","Myeloid",TRUE
0.358028512973787,0.692253068034799,0.004,0.002,1,"MFSD6L","GSE214411","Myeloid",TRUE
0.358381085099375,-0.14340984724655,0.186,0.198,1,"UBA6","GSE214411","Myeloid",TRUE
0.358414900737895,-0.900876180591489,0.004,0.002,1,"BEX1","GSE214411","Myeloid",TRUE
0.358414900737895,0.657276136195154,0.004,0.002,1,"RP11-45A17.2","GSE214411","Myeloid",TRUE
0.358414900737895,0.704294423018232,0.004,0.002,1,"SLC12A3","GSE214411","Myeloid",TRUE
0.358414900737895,0.47919632465093,0.004,0.002,1,"LRRC36","GSE214411","Myeloid",TRUE
0.358441999920215,0.150278010218013,0.085,0.096,1,"PAPD7","GSE214411","Myeloid",TRUE
0.358454307394661,-0.135316449277041,0.235,0.243,1,"SLC39A1","GSE214411","Myeloid",TRUE
0.358612938865728,-0.476910202806209,0.057,0.066,1,"GPBAR1","GSE214411","Myeloid",TRUE
0.358656783067331,0.170339228226981,0.073,0.061,1,"CCDC97","GSE214411","Myeloid",TRUE
0.358707204262626,-0.434883516768369,0.081,0.09,1,"CNOT10","GSE214411","Myeloid",TRUE
0.358753992998481,0.0172370190392754,0.192,0.201,1,"PDCD2","GSE214411","Myeloid",TRUE
0.358801550669487,0.0858968859359317,0.004,0.002,1,"RP11-536C5.7","GSE214411","Myeloid",TRUE
0.358801550669487,0.142181934954436,0.004,0.002,1,"LINC01191","GSE214411","Myeloid",TRUE
0.358801550669487,0.347389570746657,0.004,0.002,1,"SEMA6A-AS1","GSE214411","Myeloid",TRUE
0.358801550669487,-0.300599864411994,0.004,0.002,1,"PYY","GSE214411","Myeloid",TRUE
0.358889129179389,0.846924041865073,0.045,0.037,1,"TLE1","GSE214411","Myeloid",TRUE
0.359042246618083,-0.384249905023706,0.029,0.022,1,"BAHD1","GSE214411","Myeloid",TRUE
0.359116614854708,0.341257651569976,0.026,0.033,1,"WWOX","GSE214411","Myeloid",TRUE
0.359127161770934,0.0039148005061227,0.525,0.547,1,"MTPN","GSE214411","Myeloid",TRUE
0.359133844579211,-0.421362939232591,0.084,0.071,1,"CHRNE","GSE214411","Myeloid",TRUE
0.359188462735398,-0.102114799636068,0.004,0.002,1,"CCDC163P","GSE214411","Myeloid",TRUE
0.359188462735398,-2.03772552962544,0.004,0.002,1,"RP13-714J12.1","GSE214411","Myeloid",TRUE
0.359246680021989,0.156879736138607,0.243,0.222,1,"SP3","GSE214411","Myeloid",TRUE
0.359276441647145,1.2145452136463,0.04,0.048,1,"SOCS2","GSE214411","Myeloid",TRUE
0.359415915291183,0.550399289494513,0.435,0.425,1,"UBE2D2","GSE214411","Myeloid",TRUE
0.359467445892092,-0.0872447064371427,0.125,0.109,1,"IL10RB-AS1","GSE214411","Myeloid",TRUE
0.359564934310758,-0.0725918461664552,0.015,0.011,1,"FANCC","GSE214411","Myeloid",TRUE
0.359792470820165,0.329899186086874,0.121,0.133,1,"DCAF11","GSE214411","Myeloid",TRUE
0.359921235931077,0.164229075765495,0.137,0.122,1,"PNO1","GSE214411","Myeloid",TRUE
0.359946021690821,-0.783487509973445,0.022,0.029,1,"LINC00662","GSE214411","Myeloid",TRUE
0.360143873213438,0.0284652590911809,0.354,0.357,1,"RGS19","GSE214411","Myeloid",TRUE
0.360499851130285,-0.707492741726049,0.057,0.066,1,"FECH","GSE214411","Myeloid",TRUE
0.360676925173795,-0.276489177991485,0.043,0.051,1,"PIGO","GSE214411","Myeloid",TRUE
0.360901377684163,1.64320511689042,0.019,0.014,1,"ADAMTS1","GSE214411","Myeloid",TRUE
0.361074065864445,-1.20251733793135,0.023,0.03,1,"AMBRA1","GSE214411","Myeloid",TRUE
0.361097299288127,-1.02527184887827,0.022,0.029,1,"STAMBPL1","GSE214411","Myeloid",TRUE
0.361128780380638,-0.0682705437842193,0.204,0.213,1,"CD2AP","GSE214411","Myeloid",TRUE
0.361152958141813,0.265975428188953,0.415,0.396,1,"WDR1","GSE214411","Myeloid",TRUE
0.361404917865473,0.228599716316199,0.203,0.214,1,"ERGIC2","GSE214411","Myeloid",TRUE
0.361854406510853,-0.0395033131783649,0.024,0.031,1,"KB-1732A1.1","GSE214411","Myeloid",TRUE
0.361942473573403,-0.467628014892153,0.102,0.112,1,"TBC1D23","GSE214411","Myeloid",TRUE
0.362064258809289,0.795207588265402,0.097,0.085,1,"MED17","GSE214411","Myeloid",TRUE
0.362227718798326,-0.670796668430411,0.055,0.064,1,"KAT2A","GSE214411","Myeloid",TRUE
0.362298179850494,-0.0636382593870559,0.057,0.066,1,"FLJ37453","GSE214411","Myeloid",TRUE
0.362339418856107,0.715389025976251,0.026,0.033,1,"PIDD1","GSE214411","Myeloid",TRUE
0.362477798117505,0.108835441201269,0.406,0.43,1,"BRD2","GSE214411","Myeloid",TRUE
0.362490908924745,0.617013410468772,0.027,0.034,1,"MFSD6","GSE214411","Myeloid",TRUE
0.362765063494898,0.211595191896975,0.347,0.356,1,"SRI","GSE214411","Myeloid",TRUE
0.362879150902341,-0.292960676382968,0.08,0.09,1,"TSSC1","GSE214411","Myeloid",TRUE
0.362884036054011,0.194515828912174,0.186,0.167,1,"DHX15","GSE214411","Myeloid",TRUE
0.362951076980524,-1.00622231570131,0.036,0.043,1,"DNAAF5","GSE214411","Myeloid",TRUE
0.363202419559515,0.571384823499424,0.174,0.159,1,"TBK1","GSE214411","Myeloid",TRUE
0.363282514233605,-0.564960178474626,0.115,0.126,1,"LYPLA2","GSE214411","Myeloid",TRUE
0.363342469787518,0.355339455920365,0.015,0.011,1,"IDO2","GSE214411","Myeloid",TRUE
0.364612657390387,-1.01850856737675,0.022,0.028,1,"MED14OS","GSE214411","Myeloid",TRUE
0.364747298366005,0.0703948385924718,0.134,0.119,1,"NUS1","GSE214411","Myeloid",TRUE
0.364827895192663,-0.0468332865069572,0.077,0.067,1,"SPATA2L","GSE214411","Myeloid",TRUE
0.36490818821603,-0.126324094516823,0.022,0.028,1,"FAM69A","GSE214411","Myeloid",TRUE
0.365000153015643,-0.64829994047534,0.048,0.056,1,"ODF2","GSE214411","Myeloid",TRUE
0.36514837627507,1.85380468012063,0.033,0.026,1,"ANK3","GSE214411","Myeloid",TRUE
0.365172476529163,0.05330260492227,0.019,0.014,1,"FGFRL1","GSE214411","Myeloid",TRUE
0.365203240537086,0.100474078822021,0.024,0.031,1,"PYGO2","GSE214411","Myeloid",TRUE
0.365529820720849,0.550212804077754,0.019,0.014,1,"CLU","GSE214411","Myeloid",TRUE
0.365647669698358,-0.288446787191486,0.022,0.028,1,"DCAF17","GSE214411","Myeloid",TRUE
0.365654627585412,-0.056174740905131,0.103,0.114,1,"RAE1","GSE214411","Myeloid",TRUE
0.365780964820038,0.797459359677135,0.051,0.042,1,"TCF7","GSE214411","Myeloid",TRUE
0.365919841773909,-0.746400984431774,0.02,0.025,1,"PYCARD-AS1","GSE214411","Myeloid",TRUE
0.365961484023063,0.245531456882125,0.159,0.172,1,"SMAD2","GSE214411","Myeloid",TRUE
0.366007598957961,0.437621399140081,0.101,0.088,1,"DIMT1","GSE214411","Myeloid",TRUE
0.366043463645249,0.0612937436225902,0.024,0.031,1,"FAM221A","GSE214411","Myeloid",TRUE
0.366281762720226,-0.219693162650105,0.072,0.06,1,"PHF8","GSE214411","Myeloid",TRUE
0.366381421413005,-0.158926966818408,0.242,0.249,1,"SLC31A2","GSE214411","Myeloid",TRUE
0.366399039482259,0.0271013542250205,0.084,0.093,1,"PPP5C","GSE214411","Myeloid",TRUE
0.366451949617107,-0.255743385700433,0.022,0.029,1,"USP20","GSE214411","Myeloid",TRUE
0.366458403573596,-1.78356152521179,0.004,0.006,1,"TAPT1-AS1","GSE214411","Myeloid",TRUE
0.366458403573596,-2.71559145439731,0.004,0.006,1,"HYKK","GSE214411","Myeloid",TRUE
0.366776463576832,-0.629445716259339,0.111,0.121,1,"FHL3","GSE214411","Myeloid",TRUE
0.366779277662635,0.888393551468349,0.013,0.008,1,"RRAS2","GSE214411","Myeloid",TRUE
0.366786646189851,-1.55513992854283,0.004,0.006,1,"CCDC81","GSE214411","Myeloid",TRUE
0.366905444970336,0.365514531483976,0.214,0.232,1,"IRAK3","GSE214411","Myeloid",TRUE
0.367115072043852,-1.31513866483246,0.004,0.006,1,"ZSWIM3","GSE214411","Myeloid",TRUE
0.367317076358305,-0.489327475607738,0.046,0.037,1,"MYPOP","GSE214411","Myeloid",TRUE
0.367443681112235,-1.22191479692846,0.004,0.006,1,"CFAP45","GSE214411","Myeloid",TRUE
0.367443681112235,-1.92633166640424,0.004,0.006,1,"GAREM2","GSE214411","Myeloid",TRUE
0.367443681112235,-1.21940125765115,0.004,0.006,1,"GPR55","GSE214411","Myeloid",TRUE
0.367443681112235,-1.17653534931175,0.004,0.006,1,"KIT","GSE214411","Myeloid",TRUE
0.367443681112235,-1.72933418265602,0.004,0.006,1,"RP11-331F9.4","GSE214411","Myeloid",TRUE
0.367443681112235,-1.80014813626692,0.004,0.006,1,"SIX4","GSE214411","Myeloid",TRUE
0.367443681112235,-1.31049047946464,0.004,0.006,1,"RP11-16K12.1","GSE214411","Myeloid",TRUE
0.367445679913597,0.637367157072236,0.013,0.008,1,"RP11-425D10.10","GSE214411","Myeloid",TRUE
0.367499113618076,0.713419612167493,0.019,0.014,1,"RNF215","GSE214411","Myeloid",TRUE
0.367550471601016,1.6166144853378,0.033,0.026,1,"RP11-140K17.3","GSE214411","Myeloid",TRUE
0.367618610194774,-1.24624479672318,0.025,0.019,1,"CATSPER2","GSE214411","Myeloid",TRUE
0.367772473371484,-3.14006455210233,0.004,0.006,1,"ZMYND10","GSE214411","Myeloid",TRUE
0.36810144879793,-0.943211002003063,0.004,0.006,1,"GAS1","GSE214411","Myeloid",TRUE
0.368199173877639,-0.513799281451276,0.022,0.029,1,"BORA","GSE214411","Myeloid",TRUE
0.36843060736775,-1.89652170250749,0.004,0.006,1,"TMCC2","GSE214411","Myeloid",TRUE
0.36843060736775,-2.28484491454885,0.004,0.006,1,"ACTR3C","GSE214411","Myeloid",TRUE
0.36843060736775,-0.709637134160053,0.004,0.006,1,"RP11-705O1.8","GSE214411","Myeloid",TRUE
0.36843060736775,0.743100312611694,0.004,0.006,1,"RP13-270P17.1","GSE214411","Myeloid",TRUE
0.368540805023717,0.497856247278949,0.089,0.1,1,"ARHGEF12","GSE214411","Myeloid",TRUE
0.368659930501534,-0.918774036648478,0.047,0.055,1,"SLC25A20","GSE214411","Myeloid",TRUE
0.368759949056968,-1.80394120762351,0.004,0.006,1,"LSMEM2","GSE214411","Myeloid",TRUE
0.368759949056968,-2.74617027892322,0.004,0.006,1,"RP11-802O23.3","GSE214411","Myeloid",TRUE
0.368759949056968,-1.5745711745157,0.004,0.006,1,"CYB5R2","GSE214411","Myeloid",TRUE
0.368759949056968,-2.36457814295133,0.004,0.006,1,"SLC35G1","GSE214411","Myeloid",TRUE
0.368811361256321,0.779416620507829,0.043,0.035,1,"LRRC23","GSE214411","Myeloid",TRUE
0.368811871170283,-0.831407781039412,0.041,0.049,1,"COX18","GSE214411","Myeloid",TRUE
0.369089473841454,-1.8884097698393,0.004,0.006,1,"C1orf168","GSE214411","Myeloid",TRUE
0.369089473841454,-2.09870514134425,0.004,0.006,1,"ZNF852","GSE214411","Myeloid",TRUE
0.369089473841454,-0.47859648942095,0.004,0.006,1,"AASS","GSE214411","Myeloid",TRUE
0.369147948028365,0.0319688022780759,0.3,0.316,1,"PPDPF","GSE214411","Myeloid",TRUE
0.369191660170666,0.192388451140348,0.023,0.03,1,"RP4-605O3.4","GSE214411","Myeloid",TRUE
0.369419181696925,-0.998082326453693,0.004,0.006,1,"MTCL1","GSE214411","Myeloid",TRUE
0.369419181696925,-0.730577260001949,0.004,0.006,1,"LPIN3","GSE214411","Myeloid",TRUE
0.369446167224679,-0.0432636788280107,0.061,0.07,1,"NOP2","GSE214411","Myeloid",TRUE
0.369549788726878,0.130656804403769,0.154,0.137,1,"DYNLL2","GSE214411","Myeloid",TRUE
0.369659148596517,0.114166188821948,0.022,0.029,1,"NUP35","GSE214411","Myeloid",TRUE
0.369749072598946,-0.836389402841789,0.004,0.006,1,"DENND2C","GSE214411","Myeloid",TRUE
0.369749072598946,-0.710922494347654,0.004,0.006,1,"RP1-168L15.5","GSE214411","Myeloid",TRUE
0.369749072598946,0.0795629985375408,0.004,0.006,1,"ETV1","GSE214411","Myeloid",TRUE
0.369920373722813,-0.0597415702672759,0.04,0.048,1,"ST18","GSE214411","Myeloid",TRUE
0.369970363851727,0.543847270152158,0.045,0.037,1,"CD207","GSE214411","Myeloid",TRUE
0.370079146522925,0.0513255861087121,0.004,0.006,1,"ARHGEF26","GSE214411","Myeloid",TRUE
0.370079146522925,0.0484940354173471,0.004,0.006,1,"GSN-AS1","GSE214411","Myeloid",TRUE
0.370309774231477,0.0805279220380801,0.35,0.362,1,"NCOR1","GSE214411","Myeloid",TRUE
0.37036389408582,0.278065578435558,0.057,0.066,1,"ITPKB","GSE214411","Myeloid",TRUE
0.370409403444119,-1.48481295485737,0.004,0.006,1,"STK33","GSE214411","Myeloid",TRUE
0.370522555750883,0.0919722265844601,0.436,0.445,1,"PAIP2","GSE214411","Myeloid",TRUE
0.370739843337631,-0.38366185993158,0.004,0.006,1,"RNF31","GSE214411","Myeloid",TRUE
0.370739843337631,-1.12605264692194,0.004,0.006,1,"RP11-182J1.17","GSE214411","Myeloid",TRUE
0.37075674004042,-0.0509994599499555,0.066,0.075,1,"STIM1","GSE214411","Myeloid",TRUE
0.370794541422101,2.26792700195692,0.031,0.024,1,"YES1","GSE214411","Myeloid",TRUE
0.370801504607301,0.192019039147014,0.051,0.042,1,"SPAG5","GSE214411","Myeloid",TRUE
0.370945773087279,-0.14351944168295,0.084,0.072,1,"SDR39U1","GSE214411","Myeloid",TRUE
0.371002523304584,-0.26830533692731,0.084,0.093,1,"HUS1","GSE214411","Myeloid",TRUE
0.371012551418898,0.00563620061808123,0.013,0.008,1,"ITPR3","GSE214411","Myeloid",TRUE
0.371070466178408,0.123372090203604,0.004,0.006,1,"RP11-443B7.3","GSE214411","Myeloid",TRUE
0.371070466178408,-0.74076808648585,0.004,0.006,1,"CDKL1","GSE214411","Myeloid",TRUE
0.371070466178408,-0.0646498726915095,0.004,0.006,1,"CDK5R1","GSE214411","Myeloid",TRUE
0.371070466178408,-0.178400502757666,0.004,0.006,1,"CTB-25B13.12","GSE214411","Myeloid",TRUE
0.371122716067315,0.414462819375723,0.022,0.029,1,"RNASEH1-AS1","GSE214411","Myeloid",TRUE
0.371129948360097,0.244876950262075,0.022,0.017,1,"SFI1","GSE214411","Myeloid",TRUE
0.371292520593549,0.0389531671274281,0.053,0.044,1,"DGKH","GSE214411","Myeloid",TRUE
0.371401271941247,0.963485797143024,0.004,0.006,1,"NEK5","GSE214411","Myeloid",TRUE
0.371490526131685,0.996486628950934,0.023,0.03,1,"KANSL1-AS1","GSE214411","Myeloid",TRUE
0.371590756767817,0.0198143243233209,0.721,0.804,1,"GNAS","GSE214411","Myeloid",TRUE
0.371668463730942,0.0520707309700721,0.136,0.12,1,"C21orf59","GSE214411","Myeloid",TRUE
0.371732260600788,0.796357493866225,0.004,0.006,1,"CLEC14A","GSE214411","Myeloid",TRUE
0.37206354467784,-0.0465668350214072,0.172,0.178,1,"ACTR1A","GSE214411","Myeloid",TRUE
0.372235970087538,-0.694741224069802,0.059,0.068,1,"CHKB","GSE214411","Myeloid",TRUE
0.372394786507771,-0.0620185442027621,0.004,0.006,1,"PRICKLE2-AS1","GSE214411","Myeloid",TRUE
0.372394786507771,-0.00329957585830254,0.004,0.006,1,"AQP1","GSE214411","Myeloid",TRUE
0.372454973860908,0.341042552087555,0.34,0.316,1,"CDC42SE2","GSE214411","Myeloid",TRUE
0.372579792257093,0.26781051486792,0.013,0.008,1,"NEURL3","GSE214411","Myeloid",TRUE
0.372671078723796,-0.155355814724497,0.15,0.159,1,"EXOSC1","GSE214411","Myeloid",TRUE
0.37282269143864,0.993189862377694,0.037,0.03,1,"ANG","GSE214411","Myeloid",TRUE
0.372867858716319,0.0663482268644944,0.254,0.268,1,"ADAM17","GSE214411","Myeloid",TRUE
0.372898590937311,-0.299198714238807,0.117,0.125,1,"AGPAT1","GSE214411","Myeloid",TRUE
0.373024571245394,-0.0992028997776231,0.137,0.121,1,"TFE3","GSE214411","Myeloid",TRUE
0.373052726403946,-0.596998222302493,0.113,0.122,1,"ERO1B","GSE214411","Myeloid",TRUE
0.373058301223532,0.0949741060024922,0.055,0.064,1,"GALE","GSE214411","Myeloid",TRUE
0.373084409881,-0.00128401262639599,0.019,0.014,1,"RP11-631N16.4","GSE214411","Myeloid",TRUE
0.373596334233961,-0.184564816501173,0.16,0.141,1,"GNL2","GSE214411","Myeloid",TRUE
0.373857695449906,-0.351827089304817,0.213,0.219,1,"ZFR","GSE214411","Myeloid",TRUE
0.373946236039917,0.0858573654778221,0.033,0.04,1,"ZNF268","GSE214411","Myeloid",TRUE
0.373951150148988,0.316067129929057,0.096,0.107,1,"PPP4R1","GSE214411","Myeloid",TRUE
0.374010535546136,0.618371244359031,0.208,0.185,1,"TAP2","GSE214411","Myeloid",TRUE
0.374151128543874,-0.924520772666434,0.013,0.008,1,"FMO4","GSE214411","Myeloid",TRUE
0.374236631117121,0.189307154535948,0.127,0.138,1,"IKBKB","GSE214411","Myeloid",TRUE
0.374247616104658,-0.113960890326117,0.164,0.144,1,"RNF168","GSE214411","Myeloid",TRUE
0.374661042316721,-0.105079565602912,0.151,0.16,1,"BICD2","GSE214411","Myeloid",TRUE
0.374802781174778,-1.19433697494523,0.018,0.023,1,"LYRM9","GSE214411","Myeloid",TRUE
0.37547789044555,-1.2165847249378,0.019,0.024,1,"RBAK-RBAKDN","GSE214411","Myeloid",TRUE
0.375646789181422,0.468277499548332,0.022,0.028,1,"AKTIP","GSE214411","Myeloid",TRUE
0.375670328976313,-0.32829175638942,0.143,0.151,1,"MZT1","GSE214411","Myeloid",TRUE
0.37567215849894,-0.184786529913431,0.123,0.133,1,"CWC27","GSE214411","Myeloid",TRUE
0.375795762281402,-0.0907051990689269,0.081,0.069,1,"ZBED6","GSE214411","Myeloid",TRUE
0.375859367077096,0.453928048687962,0.255,0.234,1,"RB1CC1","GSE214411","Myeloid",TRUE
0.375992220534403,2.3576264699845,0.01,0.006,1,"PDCD1","GSE214411","Myeloid",TRUE
0.376068299546313,0.177751680612531,0.091,0.102,1,"MYSM1","GSE214411","Myeloid",TRUE
0.376246164390537,0.580651086415323,0.126,0.112,1,"WDR77","GSE214411","Myeloid",TRUE
0.376449969997116,-0.439472025160415,0.06,0.069,1,"PLPP1","GSE214411","Myeloid",TRUE
0.376966623989975,0.000137692648896959,0.062,0.053,1,"ANAPC1","GSE214411","Myeloid",TRUE
0.377017721968571,2.28837472445057,0.01,0.006,1,"PLCB4","GSE214411","Myeloid",TRUE
0.37705117502935,0.689591954121843,0.088,0.076,1,"KDM3A","GSE214411","Myeloid",TRUE
0.377351688934973,0.222397024211096,0.129,0.139,1,"GPR160","GSE214411","Myeloid",TRUE
0.37771964311655,-0.474825452618598,0.034,0.041,1,"TSTD2","GSE214411","Myeloid",TRUE
0.377735748055192,0.547558508404497,0.163,0.145,1,"LCOR","GSE214411","Myeloid",TRUE
0.377819359637366,-0.00410907589986809,0.271,0.246,1,"SDHB","GSE214411","Myeloid",TRUE
0.377840905362275,3.39817569732792,0.007,0.004,1,"KRT86","GSE214411","Myeloid",TRUE
0.377950401141528,0.139304357969157,0.077,0.066,1,"KDM5B","GSE214411","Myeloid",TRUE
0.378126911521424,0.297148107819977,0.085,0.074,1,"MAN2A2","GSE214411","Myeloid",TRUE
0.378156879949994,-0.438029029601225,0.053,0.061,1,"CLPB","GSE214411","Myeloid",TRUE
0.37823316724275,-0.0909473653586299,0.051,0.059,1,"TRIT1","GSE214411","Myeloid",TRUE
0.378534897725788,0.337263128896642,0.16,0.171,1,"AFF1","GSE214411","Myeloid",TRUE
0.378559204478007,-0.106549869785231,0.01,0.006,1,"KIAA1456","GSE214411","Myeloid",TRUE
0.378692390182557,0.378062187716155,0.114,0.101,1,"COX16","GSE214411","Myeloid",TRUE
0.378727190628739,-0.196865069246569,0.096,0.106,1,"WHAMM","GSE214411","Myeloid",TRUE
0.3790638926422,2.12329437986389,0.007,0.004,1,"ICOS","GSE214411","Myeloid",TRUE
0.379073892998731,0.746326743539532,0.01,0.006,1,"CCL28","GSE214411","Myeloid",TRUE
0.379240783555429,0.350533824754694,0.106,0.093,1,"VAV3","GSE214411","Myeloid",TRUE
0.37937001961746,1.72734526226724,0.007,0.004,1,"CNIH3","GSE214411","Myeloid",TRUE
0.379457115499978,0.253031654028114,0.523,0.559,1,"CAPZA1","GSE214411","Myeloid",TRUE
0.379530930231345,-0.127089302455801,0.085,0.094,1,"XPC","GSE214411","Myeloid",TRUE
0.379805506719924,-0.435075912412623,0.034,0.041,1,"FXYD6","GSE214411","Myeloid",TRUE
0.379846732624793,1.95859262089617,0.01,0.006,1,"DLG3","GSE214411","Myeloid",TRUE
0.379982729599701,1.90007518642572,0.007,0.004,1,"CTA-293F17.1","GSE214411","Myeloid",TRUE
0.380110741102777,-0.1072464716119,0.049,0.04,1,"DCAF16","GSE214411","Myeloid",TRUE
0.380123073980363,-0.107137162738704,0.127,0.137,1,"TMEM57","GSE214411","Myeloid",TRUE
0.380289312562076,2.54470952669471,0.007,0.004,1,"MLPH","GSE214411","Myeloid",TRUE
0.380289312562076,1.13171054817674,0.007,0.004,1,"CHMP4C","GSE214411","Myeloid",TRUE
0.380495282803341,0.751366030827173,0.052,0.043,1,"SLC10A3","GSE214411","Myeloid",TRUE
0.380596047475368,1.9569230212444,0.007,0.004,1,"ESRP1","GSE214411","Myeloid",TRUE
0.380596047475368,0.139280462613802,0.007,0.004,1,"FRMD6","GSE214411","Myeloid",TRUE
0.380596047475368,1.88953838305777,0.007,0.004,1,"BCAR1","GSE214411","Myeloid",TRUE
0.380620540146973,0.912387865278355,0.01,0.006,1,"RP11-227G15.12","GSE214411","Myeloid",TRUE
0.380734935371613,-0.507132493850796,0.019,0.014,1,"HIF1A-AS2","GSE214411","Myeloid",TRUE
0.380850569212027,0.0792483214939561,0.066,0.074,1,"LRRC47","GSE214411","Myeloid",TRUE
0.380902934317005,2.37304647042831,0.007,0.004,1,"OBSCN","GSE214411","Myeloid",TRUE
0.380902934317005,2.08873749352644,0.007,0.004,1,"CILP","GSE214411","Myeloid",TRUE
0.380909380935703,0.349037332310464,0.038,0.046,1,"PKIG","GSE214411","Myeloid",TRUE
0.381053292413607,-0.493482134153687,0.018,0.023,1,"RP3-395M20.8","GSE214411","Myeloid",TRUE
0.381067150401234,0.0127357308669946,0.04,0.033,1,"RPP21","GSE214411","Myeloid",TRUE
0.381209973064304,0.547149878647963,0.007,0.004,1,"LCA5","GSE214411","Myeloid",TRUE
0.381496671820126,-0.00468482223829914,0.158,0.168,1,"GOLGA2","GSE214411","Myeloid",TRUE
0.381517163694475,0.812628942736187,0.007,0.004,1,"MID1","GSE214411","Myeloid",TRUE
0.381517163694475,-2.95373707570342,0.004,0.007,1,"PAK3","GSE214411","Myeloid",TRUE
0.381542099104273,-0.312871650836657,0.246,0.247,1,"COPS3","GSE214411","Myeloid",TRUE
0.381545631474967,0.548269797537516,0.061,0.071,1,"TRAFD1","GSE214411","Myeloid",TRUE
0.381723530099363,-1.10787381847482,0.017,0.022,1,"RP11-452C13.1","GSE214411","Myeloid",TRUE
0.381824506184621,0.346818782062813,0.007,0.004,1,"U73166.2","GSE214411","Myeloid",TRUE
0.381824506184621,-0.417745692319195,0.007,0.004,1,"ADCYAP1R1","GSE214411","Myeloid",TRUE
0.38207901396779,1.95296776180166,0.016,0.012,1,"KIAA1522","GSE214411","Myeloid",TRUE
0.382230030797491,0.226011269680856,0.098,0.085,1,"PITPNM1","GSE214411","Myeloid",TRUE
0.382326763590257,-0.186102140877453,0.066,0.076,1,"TK1","GSE214411","Myeloid",TRUE
0.382402978614176,-1.02283409035228,0.019,0.024,1,"TMCO6","GSE214411","Myeloid",TRUE
0.38242985303308,0.486443807755846,0.01,0.006,1,"RP11-605B16.1","GSE214411","Myeloid",TRUE
0.38242985303308,-0.268136691229821,0.01,0.006,1,"TCAF2","GSE214411","Myeloid",TRUE
0.382439646652702,1.23427868791163,0.007,0.004,1,"MUC20","GSE214411","Myeloid",TRUE
0.382620669991068,0.156585486330239,0.083,0.071,1,"BET1L","GSE214411","Myeloid",TRUE
0.382688756045498,0.0847603433972335,0.01,0.006,1,"CACFD1","GSE214411","Myeloid",TRUE
0.3827474445843,0.909232164784004,0.007,0.004,1,"SYCP3","GSE214411","Myeloid",TRUE
0.3827474445843,1.88774638568963,0.007,0.004,1,"ITGB4","GSE214411","Myeloid",TRUE
0.383040410622625,-0.811565364868373,0.056,0.064,1,"NOL12","GSE214411","Myeloid",TRUE
0.383055394283197,0.547002441261946,0.007,0.004,1,"AC253572.1","GSE214411","Myeloid",TRUE
0.383078911194353,-0.565865725085015,0.071,0.079,1,"MRRF","GSE214411","Myeloid",TRUE
0.383183980300813,-0.467232056463047,0.1,0.11,1,"SLC4A1AP","GSE214411","Myeloid",TRUE
0.383206884239439,-0.326264432202025,0.01,0.006,1,"ZNF550","GSE214411","Myeloid",TRUE
0.383363495725954,0.831609076228349,0.007,0.004,1,"ITPK1-AS1","GSE214411","Myeloid",TRUE
0.383437269489467,0.891836955523004,0.026,0.02,1,"PEX5","GSE214411","Myeloid",TRUE
0.383980153748747,1.24544998868812,0.007,0.004,1,"MATR3","GSE214411","Myeloid",TRUE
0.384016287798152,0.338821784341036,0.389,0.409,1,"MYO9B","GSE214411","Myeloid",TRUE
0.384288710281363,-2.03286361608058,0.004,0.007,1,"RP11-539G18.3","GSE214411","Myeloid",TRUE
0.384288710281363,-0.85529621442545,0.004,0.007,1,"SDCBP2-AS1","GSE214411","Myeloid",TRUE
0.384288710281363,-1.44240906815734,0.004,0.007,1,"SYDE1","GSE214411","Myeloid",TRUE
0.384437730019331,0.287099562127514,0.022,0.028,1,"IPPK","GSE214411","Myeloid",TRUE
0.384439301434597,0.349247347289307,0.153,0.164,1,"FAM21C","GSE214411","Myeloid",TRUE
0.384467433303396,1.94476003040679,0.016,0.012,1,"TNFRSF8","GSE214411","Myeloid",TRUE
0.384503445088043,0.300170416752145,0.166,0.148,1,"ARFGEF1","GSE214411","Myeloid",TRUE
0.384597418462996,-1.37562524195527,0.004,0.007,1,"TRPM6","GSE214411","Myeloid",TRUE
0.384597418462996,-1.14310965721998,0.004,0.007,1,"LCN12","GSE214411","Myeloid",TRUE
0.384597418462996,-2.04480567639907,0.004,0.007,1,"AC002117.1","GSE214411","Myeloid",TRUE
0.384597418462996,-1.59621919104063,0.004,0.007,1,"SMIM6","GSE214411","Myeloid",TRUE
0.384597418462996,-0.189736001556025,0.004,0.007,1,"PCBP3","GSE214411","Myeloid",TRUE
0.384746629840766,-0.12458220540438,0.141,0.125,1,"SLC35E1","GSE214411","Myeloid",TRUE
0.384822919802655,-0.645726040415187,0.049,0.056,1,"HELQ","GSE214411","Myeloid",TRUE
0.384906278269665,-0.816770076824855,0.004,0.007,1,"ZNF711","GSE214411","Myeloid",TRUE
0.384906278269665,-0.289408141134087,0.004,0.007,1,"NPM2","GSE214411","Myeloid",TRUE
0.384906278269665,-0.763559955564522,0.004,0.007,1,"SEZ6","GSE214411","Myeloid",TRUE
0.384911801446148,0.508826222250442,0.041,0.034,1,"CFI","GSE214411","Myeloid",TRUE
0.384923842752951,0.870119240759234,0.038,0.031,1,"ANKRD27","GSE214411","Myeloid",TRUE
0.385180224942739,0.0734162458272867,0.559,0.614,1,"SPI1","GSE214411","Myeloid",TRUE
0.38521528967728,-0.166062167400903,0.004,0.007,1,"MFSD14C","GSE214411","Myeloid",TRUE
0.38521528967728,-0.351704495634174,0.004,0.007,1,"AF001548.5","GSE214411","Myeloid",TRUE
0.385343951373879,0.0582511395825767,0.169,0.18,1,"ATG16L2","GSE214411","Myeloid",TRUE
0.38544295639548,-0.775858583116914,0.053,0.06,1,"RHBDD1","GSE214411","Myeloid",TRUE
0.385711136931575,-0.331503587403529,0.064,0.072,1,"EEF1G","GSE214411","Myeloid",TRUE
0.385749206144202,0.528673895536503,0.188,0.197,1,"MARCH6","GSE214411","Myeloid",TRUE
0.385833767198443,-0.682570158985662,0.004,0.007,1,"ZNF665","GSE214411","Myeloid",TRUE
0.385844959361723,-0.229488833093809,0.201,0.208,1,"VBP1","GSE214411","Myeloid",TRUE
0.385975632760541,-0.491279540001307,0.017,0.022,1,"ABCB4","GSE214411","Myeloid",TRUE
0.386012945510665,0.134014589461986,0.133,0.115,1,"ARMC10","GSE214411","Myeloid",TRUE
0.386143233263269,0.18986357464207,0.004,0.007,1,"PLEKHB1","GSE214411","Myeloid",TRUE
0.386208493555636,-0.239397030549052,0.375,0.373,1,"ZNF207","GSE214411","Myeloid",TRUE
0.38639812311571,0.068825648922302,0.026,0.02,1,"RP3-508I15.14","GSE214411","Myeloid",TRUE
0.386452850831593,-0.27543834976379,0.004,0.007,1,"HIST1H3G","GSE214411","Myeloid",TRUE
0.386452850831593,0.135914958170969,0.004,0.007,1,"CCDC113","GSE214411","Myeloid",TRUE
0.386452850831593,-0.785571215258374,0.004,0.007,1,"B9D1","GSE214411","Myeloid",TRUE
0.386627976646575,-0.9584354848873,0.019,0.024,1,"C1orf159","GSE214411","Myeloid",TRUE
0.386689527001267,0.811459084993047,0.121,0.108,1,"PACS1","GSE214411","Myeloid",TRUE
0.386762619878782,-0.55803180549018,0.004,0.007,1,"GAS6-AS2","GSE214411","Myeloid",TRUE
0.386866898780335,-0.40945345471879,0.021,0.026,1,"CCDC71","GSE214411","Myeloid",TRUE
0.387063257603657,-1.09773503597554,0.03,0.036,1,"PRKAB2","GSE214411","Myeloid",TRUE
0.387072540380096,-1.88254824225841,0.004,0.007,1,"FBXL19-AS1","GSE214411","Myeloid",TRUE
0.387158008838896,0.309296834450067,0.075,0.085,1,"BCL2L12","GSE214411","Myeloid",TRUE
0.387223553564811,-0.0673683535689369,0.092,0.101,1,"SPAST","GSE214411","Myeloid",TRUE
0.387424148323254,-0.0644934990124861,0.788,0.906,1,"RPS13","GSE214411","Myeloid",TRUE
0.387426879718726,-0.181895033568169,0.164,0.174,1,"DNAJC19","GSE214411","Myeloid",TRUE
0.38759754488209,-0.122824380764486,0.275,0.281,1,"UBL3","GSE214411","Myeloid",TRUE
0.388096427692256,0.304828571530418,0.227,0.209,1,"CARD19","GSE214411","Myeloid",TRUE
0.388228100777922,-0.911029840718703,0.016,0.021,1,"PARP15","GSE214411","Myeloid",TRUE
0.388260531948675,-0.523749553602327,0.019,0.024,1,"PTGR2","GSE214411","Myeloid",TRUE
0.388313736427938,1.85455495599966,0.004,0.007,1,"KRBOX1","GSE214411","Myeloid",TRUE
0.388370157341009,-0.645272250518265,0.018,0.023,1,"AC016549.1","GSE214411","Myeloid",TRUE
0.388391508753449,0.107364880828107,0.089,0.076,1,"MYO9A","GSE214411","Myeloid",TRUE
0.388450568851759,0.08915701612879,0.015,0.02,1,"SHISA4","GSE214411","Myeloid",TRUE
0.38856357083294,0.428760217220274,0.301,0.284,1,"TTYH3","GSE214411","Myeloid",TRUE
0.388624413824933,0.393884011920286,0.004,0.007,1,"RP11-418J17.1","GSE214411","Myeloid",TRUE
0.388624413824933,1.05283017915689,0.004,0.007,1,"ELOVL6","GSE214411","Myeloid",TRUE
0.388624413824933,1.16903612257557,0.004,0.007,1,"C1QTNF4","GSE214411","Myeloid",TRUE
0.388624413824933,0.55423862781582,0.004,0.007,1,"CD3G","GSE214411","Myeloid",TRUE
0.389162276003285,0.57347392355155,0.354,0.39,1,"SLA","GSE214411","Myeloid",TRUE
0.389317479634133,0.574547562935548,0.137,0.15,1,"MSRB1","GSE214411","Myeloid",TRUE
0.389329280239808,0.324543452134566,0.346,0.326,1,"ZFYVE16","GSE214411","Myeloid",TRUE
0.389341326465845,1.31020437529693,0.027,0.021,1,"CEACAM3","GSE214411","Myeloid",TRUE
0.389552802434466,0.392636665458759,0.033,0.04,1,"NFXL1","GSE214411","Myeloid",TRUE
0.389557353734113,1.0174275562732,0.004,0.007,1,"GZMH","GSE214411","Myeloid",TRUE
0.389597663357409,0.419126424620461,0.106,0.093,1,"WDFY1","GSE214411","Myeloid",TRUE
0.389812440249797,0.317595510381161,0.332,0.337,1,"DHRS7","GSE214411","Myeloid",TRUE
0.389852521412248,-0.16187415558153,0.291,0.292,1,"SPG21","GSE214411","Myeloid",TRUE
0.389922570717692,-2.25519536035152,0.005,0.008,1,"DPH1","GSE214411","Myeloid",TRUE
0.389933039100873,0.128376826982107,0.177,0.16,1,"SF3B4","GSE214411","Myeloid",TRUE
0.39015007206304,0.0363107229565784,0.153,0.135,1,"PPP2R2D","GSE214411","Myeloid",TRUE
0.390277037160475,-0.458087537164444,0.016,0.012,1,"SYT2","GSE214411","Myeloid",TRUE
0.39047831146234,0.90074671108635,0.016,0.012,1,"GALNT12","GSE214411","Myeloid",TRUE
0.390613337698772,-0.377273678930488,0.075,0.084,1,"RBFA","GSE214411","Myeloid",TRUE
0.390788433210322,-2.39263436300386,0.005,0.008,1,"RP11-16E18.3","GSE214411","Myeloid",TRUE
0.390788433210322,-1.41680268888908,0.005,0.008,1,"AP001059.7","GSE214411","Myeloid",TRUE
0.390891929780625,-0.0681506389578024,0.031,0.037,1,"FOCAD","GSE214411","Myeloid",TRUE
0.390922114306837,-0.0616692588259586,0.148,0.159,1,"SLC44A1","GSE214411","Myeloid",TRUE
0.391101475216304,-0.789653401002874,0.021,0.026,1,"OXNAD1","GSE214411","Myeloid",TRUE
0.391425065000993,-0.197078932432536,0.05,0.058,1,"MLXIPL","GSE214411","Myeloid",TRUE
0.391804698114662,0.350874334873964,0.017,0.022,1,"ZNF570","GSE214411","Myeloid",TRUE
0.392469342364469,0.313810526673341,0.073,0.062,1,"WDTC1","GSE214411","Myeloid",TRUE
0.392494615493813,-0.0184668750616561,0.056,0.065,1,"KIAA1468","GSE214411","Myeloid",TRUE
0.392732695818778,0.332223575531513,0.205,0.185,1,"UBAP2L","GSE214411","Myeloid",TRUE
0.39288308576128,-0.0398559210754232,0.972,0.99,1,"MT-CO3","GSE214411","Myeloid",TRUE
0.392995619080525,-0.0568066327526076,0.246,0.218,1,"EIF2S1","GSE214411","Myeloid",TRUE
0.393054501388849,-0.101121367921852,0.368,0.376,1,"TWF2","GSE214411","Myeloid",TRUE
0.39315867129246,-0.474906878024909,0.015,0.02,1,"RP1-257A7.5","GSE214411","Myeloid",TRUE
0.3931986134857,-0.187065791064843,0.022,0.028,1,"ZNF880","GSE214411","Myeloid",TRUE
0.393236889640836,-1.45834233824298,0.029,0.035,1,"GLTSCR1","GSE214411","Myeloid",TRUE
0.393393020109562,-1.33693477458889,0.005,0.008,1,"ZNF879","GSE214411","Myeloid",TRUE
0.393393020109562,-1.14917239473702,0.005,0.008,1,"SLC2A14","GSE214411","Myeloid",TRUE
0.393522259386232,-1.45408604936488,0.015,0.02,1,"MAPRE3","GSE214411","Myeloid",TRUE
0.393576242753323,-0.154479942305736,0.018,0.023,1,"ALKBH1","GSE214411","Myeloid",TRUE
0.393583925830891,0.693361930748536,0.034,0.028,1,"CCDC138","GSE214411","Myeloid",TRUE
0.393777941805717,-0.0718940513898798,0.134,0.143,1,"HSF1","GSE214411","Myeloid",TRUE
0.393960858104823,0.109026368851914,0.236,0.216,1,"RBBP4","GSE214411","Myeloid",TRUE
0.393965811007626,0.227981609053498,0.041,0.034,1,"MTMR1","GSE214411","Myeloid",TRUE
0.393973241919662,-0.98078966613381,0.005,0.008,1,"ZNF829","GSE214411","Myeloid",TRUE
0.394005355852582,-0.338909707291398,0.09,0.1,1,"PDGFB","GSE214411","Myeloid",TRUE
0.394176966031562,-0.370508955542677,0.032,0.039,1,"ATG2B","GSE214411","Myeloid",TRUE
0.394263546976076,-1.25972696700746,0.005,0.008,1,"HSD17B1","GSE214411","Myeloid",TRUE
0.394288424738311,-0.0647719673244547,0.117,0.103,1,"A1BG","GSE214411","Myeloid",TRUE
0.394429793025766,0.858714818949149,0.036,0.043,1,"CRYZ","GSE214411","Myeloid",TRUE
0.394432120091216,-0.771506941893388,0.015,0.02,1,"USP30","GSE214411","Myeloid",TRUE
0.394553981437758,-1.79081122820709,0.005,0.008,1,"LIMD1-AS1","GSE214411","Myeloid",TRUE
0.394553981437758,-1.15502956331562,0.005,0.008,1,"DOK5","GSE214411","Myeloid",TRUE
0.394844545282875,-1.00976720240455,0.005,0.008,1,"TIGD6","GSE214411","Myeloid",TRUE
0.394844545282875,-0.322230299376614,0.005,0.008,1,"AC025335.1","GSE214411","Myeloid",TRUE
0.394940365168076,0.385138713007369,0.089,0.078,1,"INO80C","GSE214411","Myeloid",TRUE
0.395135238489512,-0.729002100433075,0.005,0.008,1,"NKILA","GSE214411","Myeloid",TRUE
0.395200136295628,0.305512082767977,0.448,0.428,1,"ARF4","GSE214411","Myeloid",TRUE
0.395426061035676,-0.585191421040075,0.005,0.008,1,"ADAMTS6","GSE214411","Myeloid",TRUE
0.395458577896416,-0.647879310058001,0.106,0.114,1,"MON2","GSE214411","Myeloid",TRUE
0.395708061155626,-0.411515409269093,0.015,0.02,1,"DUS4L","GSE214411","Myeloid",TRUE
0.395875895548969,-0.562991879922792,0.116,0.124,1,"GTF2E2","GSE214411","Myeloid",TRUE
0.395879136424603,0.231732095150682,0.053,0.061,1,"TTPAL","GSE214411","Myeloid",TRUE
0.396008094058207,-1.15926524412454,0.005,0.008,1,"MCOLN3","GSE214411","Myeloid",TRUE
0.396008094058207,1.05236410441155,0.005,0.008,1,"ZNF443","GSE214411","Myeloid",TRUE
0.396197916690591,0.340494459827391,0.115,0.102,1,"MAP4K5","GSE214411","Myeloid",TRUE
0.396299304490183,0.518510170573724,0.005,0.008,1,"NDUFB2-AS1","GSE214411","Myeloid",TRUE
0.396358239538547,0.0812828199753817,0.016,0.021,1,"ENPP1","GSE214411","Myeloid",TRUE
0.396436863102378,0.0929328656840047,0.262,0.267,1,"NPTN","GSE214411","Myeloid",TRUE
0.396590644172904,-0.919007975470102,0.005,0.008,1,"USP35","GSE214411","Myeloid",TRUE
0.396818515608384,0.30447479986235,0.017,0.022,1,"HABP4","GSE214411","Myeloid",TRUE
0.39684394267404,-0.0932185168104132,0.175,0.183,1,"EIF2AK1","GSE214411","Myeloid",TRUE
0.396882113083973,1.75013061939264,0.005,0.008,1,"CCDC153","GSE214411","Myeloid",TRUE
0.396932007318043,-0.220654282562267,0.119,0.127,1,"ILKAP","GSE214411","Myeloid",TRUE
0.396957325808332,-0.452729599091175,0.018,0.023,1,"OGN","GSE214411","Myeloid",TRUE
0.396987703421415,0.474282154457038,0.066,0.056,1,"ATP6V0A2","GSE214411","Myeloid",TRUE
0.397028396994006,0.585711315562361,0.183,0.166,1,"CUL3","GSE214411","Myeloid",TRUE
0.397148132516786,-1.5475744759452,0.006,0.01,1,"CTD-2528L19.6","GSE214411","Myeloid",TRUE
0.397173711200913,-0.201568262408198,0.005,0.008,1,"RNF180","GSE214411","Myeloid",TRUE
0.397359251718184,-0.662211787700148,0.016,0.012,1,"PKP2","GSE214411","Myeloid",TRUE
0.397465438501164,0.878015079598904,0.005,0.008,1,"USP46-AS1","GSE214411","Myeloid",TRUE
0.397465438501164,-0.540410230434246,0.005,0.008,1,"DIXDC1","GSE214411","Myeloid",TRUE
0.397465438501164,-0.675252672786312,0.005,0.008,1,"CD79A","GSE214411","Myeloid",TRUE
0.397620436329106,-0.239438512677049,0.113,0.124,1,"ALAS1","GSE214411","Myeloid",TRUE
0.397623470162445,0.159825331236713,0.486,0.468,1,"TUBB4B","GSE214411","Myeloid",TRUE
0.39767640386168,-1.14658946447812,0.013,0.017,1,"ZNF90","GSE214411","Myeloid",TRUE
0.397757294962089,0.345246524569438,0.005,0.008,1,"CHRFAM7A","GSE214411","Myeloid",TRUE
0.397993513785556,1.06713597279473,0.034,0.028,1,"NOTCH2NL","GSE214411","Myeloid",TRUE
0.398049280560966,-0.384017837058555,0.005,0.008,1,"EFEMP1","GSE214411","Myeloid",TRUE
0.398049280560966,0.133722711243557,0.005,0.008,1,"STAP2","GSE214411","Myeloid",TRUE
0.398165456053742,-0.275752036264029,0.04,0.047,1,"CDK8","GSE214411","Myeloid",TRUE
0.398314694126556,0.171236394942771,0.168,0.153,1,"IPMK","GSE214411","Myeloid",TRUE
0.398341395274996,-0.845132597501522,0.005,0.008,1,"RP11-215P8.3","GSE214411","Myeloid",TRUE
0.398348903832883,0.136992455777698,0.05,0.058,1,"CBFA2T2","GSE214411","Myeloid",TRUE
0.398633639081297,-0.112806721385839,0.005,0.008,1,"OVGP1","GSE214411","Myeloid",TRUE
0.398633639081297,1.81804941560843,0.005,0.008,1,"HIST1H2AJ","GSE214411","Myeloid",TRUE
0.398725839089546,0.153064006086383,0.251,0.266,1,"MRPS36","GSE214411","Myeloid",TRUE
0.398787855719279,-2.36661137139495,0.006,0.01,1,"RP11-245J9.6","GSE214411","Myeloid",TRUE
0.398926011956907,-0.356060223390826,0.005,0.008,1,"CDC25A","GSE214411","Myeloid",TRUE
0.398957420012194,-2.32767920689399,0.007,0.011,1,"AMOTL2","GSE214411","Myeloid",TRUE
0.398963761662884,0.601775092418483,0.042,0.035,1,"ZBTB2","GSE214411","Myeloid",TRUE
0.399183877968603,0.137610388124728,0.015,0.02,1,"LINC00115","GSE214411","Myeloid",TRUE
0.399397054918656,-0.688897112066898,0.047,0.054,1,"RP11-473I1.5","GSE214411","Myeloid",TRUE
0.399609243548047,-2.03184449837963,0.006,0.01,1,"FAM169A","GSE214411","Myeloid",TRUE
0.399611689241289,0.390186193743703,0.412,0.39,1,"ENSA","GSE214411","Myeloid",TRUE
0.39965118422831,-0.152469840614363,0.075,0.084,1,"MED25","GSE214411","Myeloid",TRUE
0.399734365852457,1.17606444185458,0.015,0.02,1,"ZNF514","GSE214411","Myeloid",TRUE
0.399820630903823,-0.387364992440914,0.03,0.036,1,"MIER3","GSE214411","Myeloid",TRUE
0.399829524359834,-0.380925124721605,0.046,0.053,1,"ZNF736","GSE214411","Myeloid",TRUE
0.399947458229984,-0.203156881406049,0.04,0.047,1,"FER","GSE214411","Myeloid",TRUE
0.400101611290996,1.28552758564108,0.015,0.02,1,"LOH12CR2","GSE214411","Myeloid",TRUE
0.400157400356462,-0.975781645905426,0.006,0.01,1,"ERC2","GSE214411","Myeloid",TRUE
0.400157400356462,-2.58753467949393,0.006,0.01,1,"UCHL1","GSE214411","Myeloid",TRUE
0.400431648180121,-2.77659104195952,0.006,0.01,1,"ABCB9","GSE214411","Myeloid",TRUE
0.400508245456667,-2.81843839475949,0.007,0.011,1,"CCDC24","GSE214411","Myeloid",TRUE
0.400599413125936,-0.066815205884091,0.185,0.194,1,"NEK6","GSE214411","Myeloid",TRUE
0.400706008924459,-2.25031795525747,0.006,0.01,1,"ZNF790-AS1","GSE214411","Myeloid",TRUE
0.400831031184996,0.876500629848874,0.047,0.039,1,"HIC2","GSE214411","Myeloid",TRUE
0.400848921257604,3.14477076579108,0.003,0.001,1,"LDLRAD1","GSE214411","Myeloid",TRUE
0.400848921257604,3.47912101351568,0.003,0.001,1,"IL5RA","GSE214411","Myeloid",TRUE
0.400848921257604,3.19362520708236,0.003,0.001,1,"EFHB","GSE214411","Myeloid",TRUE
0.400848921257604,1.61587397376857,0.003,0.001,1,"SNRK-AS1","GSE214411","Myeloid",TRUE
0.400848921257604,3.21127088631945,0.003,0.001,1,"AC141928.1","GSE214411","Myeloid",TRUE
0.400848921257604,3.3587636190134,0.003,0.001,1,"NIPAL1","GSE214411","Myeloid",TRUE
0.400848921257604,1.05874612944193,0.003,0.001,1,"FHDC1","GSE214411","Myeloid",TRUE
0.400848921257604,1.06243943483014,0.003,0.001,1,"KLRG2","GSE214411","Myeloid",TRUE
0.400848921257604,0.857202771345325,0.003,0.001,1,"NAT2","GSE214411","Myeloid",TRUE
0.400848921257604,2.17160625572054,0.003,0.001,1,"RP11-722E23.2","GSE214411","Myeloid",TRUE
0.400848921257604,1.9475478653425,0.003,0.001,1,"RP11-101E5.1","GSE214411","Myeloid",TRUE
0.400848921257604,3.7783111010522,0.003,0.001,1,"LRRN4CL","GSE214411","Myeloid",TRUE
0.400848921257604,0.949809771698568,0.003,0.001,1,"RP11-757G1.6","GSE214411","Myeloid",TRUE
0.400848921257604,1.05484876257429,0.003,0.001,1,"POU2F3","GSE214411","Myeloid",TRUE
0.400848921257604,1.67188762992164,0.003,0.001,1,"LINC00264","GSE214411","Myeloid",TRUE
0.400848921257604,1.41050322254032,0.003,0.001,1,"ELOVL3","GSE214411","Myeloid",TRUE
0.400848921257604,1.1435960092574,0.003,0.001,1,"RP11-1017G21.4","GSE214411","Myeloid",TRUE
0.400848921257604,3.52836394511958,0.003,0.001,1,"SOX8","GSE214411","Myeloid",TRUE
0.400848921257604,1.96100912223072,0.003,0.001,1,"CTD-3126B10.1","GSE214411","Myeloid",TRUE
0.400848921257604,1.320905179122,0.003,0.001,1,"USP6","GSE214411","Myeloid",TRUE
0.400848921257604,1.22898711070855,0.003,0.001,1,"PITPNM3","GSE214411","Myeloid",TRUE
0.400848921257604,1.81234421993132,0.003,0.001,1,"CIRBP-AS1","GSE214411","Myeloid",TRUE
0.400848921257604,1.14391563428417,0.003,0.001,1,"SULT2B1","GSE214411","Myeloid",TRUE
0.400848921257604,2.5415122859119,0.003,0.001,1,"SEPT5","GSE214411","Myeloid",TRUE
0.400903831475166,0.0216200979682345,0.292,0.299,1,"CMPK1","GSE214411","Myeloid",TRUE
0.400976234081026,1.11392603136111,0.005,0.008,1,"ZNF837","GSE214411","Myeloid",TRUE
0.401255069097941,-0.221928007584219,0.006,0.01,1,"CD6","GSE214411","Myeloid",TRUE
0.401269638674768,0.758635108500821,0.005,0.008,1,"RP11-231D20.2","GSE214411","Myeloid",TRUE
0.401388566749594,-0.823604985941353,0.015,0.02,1,"ZNF585B","GSE214411","Myeloid",TRUE
0.401396496197127,1.88032643566341,0.003,0.001,1,"RP11-345P4.10","GSE214411","Myeloid",TRUE
0.401396496197127,2.73754271051595,0.003,0.001,1,"CNKSR1","GSE214411","Myeloid",TRUE
0.401396496197127,2.68607551135823,0.003,0.001,1,"CYP2J2","GSE214411","Myeloid",TRUE
0.401396496197127,1.03460051940577,0.003,0.001,1,"AC241377.2","GSE214411","Myeloid",TRUE
0.401396496197127,3.63173081260463,0.003,0.001,1,"KCNS3","GSE214411","Myeloid",TRUE
0.401396496197127,3.60478548222078,0.003,0.001,1,"ACTG2","GSE214411","Myeloid",TRUE
0.401396496197127,0.796069227807081,0.003,0.001,1,"LBX2","GSE214411","Myeloid",TRUE
0.401396496197127,2.39567773075473,0.003,0.001,1,"LRRN1","GSE214411","Myeloid",TRUE
0.401396496197127,1.22399123177062,0.003,0.001,1,"AC022007.5","GSE214411","Myeloid",TRUE
0.401396496197127,1.80606640532275,0.003,0.001,1,"KLF15","GSE214411","Myeloid",TRUE
0.401396496197127,3.7703088468774,0.003,0.001,1,"GLRB","GSE214411","Myeloid",TRUE
0.401396496197127,0.941362334920713,0.003,0.001,1,"TSLP","GSE214411","Myeloid",TRUE
0.401396496197127,2.98375351797518,0.003,0.001,1,"EGFL8","GSE214411","Myeloid",TRUE
0.401396496197127,0.736480708134021,0.003,0.001,1,"RP1-234P15.4","GSE214411","Myeloid",TRUE
0.401396496197127,2.88797663240473,0.003,0.001,1,"HOXA3","GSE214411","Myeloid",TRUE
0.401396496197127,3.59419899822922,0.003,0.001,1,"PCDH19","GSE214411","Myeloid",TRUE
0.401396496197127,0.700594654504284,0.003,0.001,1,"RP3-461F17.3","GSE214411","Myeloid",TRUE
0.401396496197127,3.55787554154119,0.003,0.001,1,"RP11-341G23.4","GSE214411","Myeloid",TRUE
0.401396496197127,0.834600662926084,0.003,0.001,1,"CTD-3075F15.1","GSE214411","Myeloid",TRUE
0.401396496197127,3.55409660831921,0.003,0.001,1,"SERPINA6","GSE214411","Myeloid",TRUE
0.401396496197127,1.82150535067843,0.003,0.001,1,"SERPINA3","GSE214411","Myeloid",TRUE
0.401396496197127,3.11791144207711,0.003,0.001,1,"SBK1","GSE214411","Myeloid",TRUE
0.401396496197127,1.03834688869098,0.003,0.001,1,"RCVRN","GSE214411","Myeloid",TRUE
0.401396496197127,0.674291484896893,0.003,0.001,1,"RP11-227G15.10","GSE214411","Myeloid",TRUE
0.401396496197127,2.2991108166941,0.003,0.001,1,"KIAA1755","GSE214411","Myeloid",TRUE
0.401396496197127,0.630619151687201,0.003,0.001,1,"RP3-402G11.27","GSE214411","Myeloid",TRUE
0.401731942918233,0.0811284723537018,0.357,0.359,1,"SMS","GSE214411","Myeloid",TRUE
0.401792020806782,-0.412891581858404,0.014,0.019,1,"CEP76","GSE214411","Myeloid",TRUE
0.40180458072182,-0.013110903004784,0.006,0.01,1,"DGCR6","GSE214411","Myeloid",TRUE
0.401944519916974,0.9713361799085,0.003,0.001,1,"RP1-224A6.9","GSE214411","Myeloid",TRUE
0.401944519916974,1.90963023588588,0.003,0.001,1,"PRKAA2","GSE214411","Myeloid",TRUE
0.401944519916974,2.41579435867854,0.003,0.001,1,"SV2A","GSE214411","Myeloid",TRUE
0.401944519916974,0.756947043754751,0.003,0.001,1,"RP11-439E19.9","GSE214411","Myeloid",TRUE
0.401944519916974,1.1856490987366,0.003,0.001,1,"LINC00211","GSE214411","Myeloid",TRUE
0.401944519916974,2.8625657945612,0.003,0.001,1,"AC017002.2","GSE214411","Myeloid",TRUE
0.401944519916974,0.478289565180543,0.003,0.001,1,"C3orf35","GSE214411","Myeloid",TRUE
0.401944519916974,1.65487178031519,0.003,0.001,1,"CNTN3","GSE214411","Myeloid",TRUE
0.401944519916974,0.263940095034794,0.003,0.001,1,"FGFR3","GSE214411","Myeloid",TRUE
0.401944519916974,1.88965055094184,0.003,0.001,1,"ARHGEF28","GSE214411","Myeloid",TRUE
0.401944519916974,0.821966822583747,0.003,0.001,1,"RP4-625H18.2","GSE214411","Myeloid",TRUE
0.401944519916974,1.57204127856013,0.003,0.001,1,"PGAM2","GSE214411","Myeloid",TRUE
0.401944519916974,1.0950195301143,0.003,0.001,1,"SLC26A4","GSE214411","Myeloid",TRUE
0.401944519916974,0.481228736633854,0.003,0.001,1,"RAB40AL","GSE214411","Myeloid",TRUE
0.401944519916974,0.352797625988678,0.003,0.001,1,"DLGAP2","GSE214411","Myeloid",TRUE
0.401944519916974,1.15635595673249,0.003,0.001,1,"NEFM","GSE214411","Myeloid",TRUE
0.401944519916974,1.71332696692268,0.003,0.001,1,"RP11-867G23.4","GSE214411","Myeloid",TRUE
0.401944519916974,0.149386996137573,0.003,0.001,1,"CCDC65","GSE214411","Myeloid",TRUE
0.401944519916974,0.510546596553953,0.003,0.001,1,"RP11-571M6.17","GSE214411","Myeloid",TRUE
0.401944519916974,1.54765655971513,0.003,0.001,1,"CBLN3","GSE214411","Myeloid",TRUE
0.401944519916974,0.107415195908382,0.003,0.001,1,"RP11-547D23.1","GSE214411","Myeloid",TRUE
0.401944519916974,0.750899513212472,0.003,0.001,1,"RP6-65G23.3","GSE214411","Myeloid",TRUE
0.401944519916974,0.838638487005568,0.003,0.001,1,"LDHAL6B","GSE214411","Myeloid",TRUE
0.401944519916974,2.14654607442787,0.003,0.001,1,"RP11-502I4.3","GSE214411","Myeloid",TRUE
0.401944519916974,2.12156990654057,0.003,0.001,1,"SDR42E1","GSE214411","Myeloid",TRUE
0.401944519916974,1.17662780995466,0.003,0.001,1,"NECAB2","GSE214411","Myeloid",TRUE
0.401944519916974,1.62525112462979,0.003,0.001,1,"RP11-1228E12.2","GSE214411","Myeloid",TRUE
0.401944519916974,0.666773990527755,0.003,0.001,1,"RP11-420A6.2","GSE214411","Myeloid",TRUE
0.401944519916974,0.538679015588658,0.003,0.001,1,"RP11-47L3.1","GSE214411","Myeloid",TRUE
0.401944519916974,0.777635142392203,0.003,0.001,1,"PPM1E","GSE214411","Myeloid",TRUE
0.401944519916974,1.53565271849082,0.003,0.001,1,"ASIP","GSE214411","Myeloid",TRUE
0.401944519916974,0.661249325148063,0.003,0.001,1,"ZNF491","GSE214411","Myeloid",TRUE
0.401944519916974,1.90113165180382,0.003,0.001,1,"COX6B2","GSE214411","Myeloid",TRUE
0.401980917170052,-0.846029869482787,0.013,0.018,1,"RP11-598F7.3","GSE214411","Myeloid",TRUE
0.401980917170052,-0.825363155209327,0.013,0.018,1,"NT5DC3","GSE214411","Myeloid",TRUE
0.401988798179821,-0.101455026157444,0.283,0.251,1,"HIC1","GSE214411","Myeloid",TRUE
0.401997225506429,-0.182342739566555,0.062,0.071,1,"ALG8","GSE214411","Myeloid",TRUE
0.402008498166254,0.549210892769014,0.065,0.056,1,"MIR3142HG","GSE214411","Myeloid",TRUE
0.402354543640013,-1.87417693900026,0.006,0.01,1,"FAM155A","GSE214411","Myeloid",TRUE
0.402492992262171,-0.126818307893435,0.003,0.001,1,"C1orf158","GSE214411","Myeloid",TRUE
0.402492992262171,-0.121458962713458,0.003,0.001,1,"RP4-561L24.3","GSE214411","Myeloid",TRUE
0.402492992262171,0.155446926510102,0.003,0.001,1,"RP11-384C4.7","GSE214411","Myeloid",TRUE
0.402492992262171,0.525158982310733,0.003,0.001,1,"RP11-490M8.1","GSE214411","Myeloid",TRUE
0.402492992262171,0.300583893345616,0.003,0.001,1,"ASTL","GSE214411","Myeloid",TRUE
0.402492992262171,-0.658730524424311,0.003,0.001,1,"HOXD8","GSE214411","Myeloid",TRUE
0.402492992262171,0.14982347058297,0.003,0.001,1,"EFCC1","GSE214411","Myeloid",TRUE
0.402492992262171,-0.16597840671888,0.003,0.001,1,"CTD-2260A17.3","GSE214411","Myeloid",TRUE
0.402492992262171,0.168912097378849,0.003,0.001,1,"XXbac-BPG157A10.21","GSE214411","Myeloid",TRUE
0.402492992262171,-0.0213259132345742,0.003,0.001,1,"EPHA7","GSE214411","Myeloid",TRUE
0.402492992262171,0.476664061511746,0.003,0.001,1,"KIAA1549","GSE214411","Myeloid",TRUE
0.402492992262171,0.323947470117607,0.003,0.001,1,"LINC00894","GSE214411","Myeloid",TRUE
0.402492992262171,-0.189008285933101,0.003,0.001,1,"SLC35G5","GSE214411","Myeloid",TRUE
0.402492992262171,-0.480433541102778,0.003,0.001,1,"CA8","GSE214411","Myeloid",TRUE
0.402492992262171,0.196096613471637,0.003,0.001,1,"RAD21-AS1","GSE214411","Myeloid",TRUE
0.402492992262171,0.410465406066312,0.003,0.001,1,"RP11-408O19.5","GSE214411","Myeloid",TRUE
0.402492992262171,0.543001282994021,0.003,0.001,1,"AP006285.2","GSE214411","Myeloid",TRUE
0.402492992262171,-0.550703201849386,0.003,0.001,1,"MS4A2","GSE214411","Myeloid",TRUE
0.402492992262171,-0.122309083236452,0.003,0.001,1,"FAM90A1","GSE214411","Myeloid",TRUE
0.402492992262171,0.391236454970464,0.003,0.001,1,"RP11-996F15.5","GSE214411","Myeloid",TRUE
0.402492992262171,0.309636721710195,0.003,0.001,1,"NXPH4","GSE214411","Myeloid",TRUE
0.402492992262171,0.271852212276835,0.003,0.001,1,"RASSF9","GSE214411","Myeloid",TRUE
0.402492992262171,-2.27369312390787,0.003,0.001,1,"SPG20-AS1","GSE214411","Myeloid",TRUE
0.402492992262171,0.35296941841235,0.003,0.001,1,"RP11-65B7.2","GSE214411","Myeloid",TRUE
0.402492992262171,-0.757789999980949,0.003,0.001,1,"MCF2L-AS1","GSE214411","Myeloid",TRUE
0.402492992262171,0.353907244886633,0.003,0.001,1,"TGM1","GSE214411","Myeloid",TRUE
0.402492992262171,0.274035561010793,0.003,0.001,1,"CTD-2026K11.6","GSE214411","Myeloid",TRUE
0.402492992262171,0.397913190850202,0.003,0.001,1,"RP11-452L6.8","GSE214411","Myeloid",TRUE
0.402492992262171,-0.178917127329523,0.003,0.001,1,"RP11-542M13.3","GSE214411","Myeloid",TRUE
0.402492992262171,0.603740605348998,0.003,0.001,1,"PNMT","GSE214411","Myeloid",TRUE
0.402492992262171,0.432822173581945,0.003,0.001,1,"RP3-461P17.10","GSE214411","Myeloid",TRUE
0.402492992262171,-0.0963574029482679,0.003,0.001,1,"ZNF571-AS1","GSE214411","Myeloid",TRUE
0.402492992262171,-0.214629912676628,0.003,0.001,1,"CTB-186G2.1","GSE214411","Myeloid",TRUE
0.402492992262171,0.0460537646763637,0.003,0.001,1,"TMEM145","GSE214411","Myeloid",TRUE
0.402492992262171,-2.63877684252514,0.003,0.001,1,"AC007228.11","GSE214411","Myeloid",TRUE
0.402492992262171,0.189708965009071,0.003,0.001,1,"SYCE3","GSE214411","Myeloid",TRUE
0.402492992262171,-0.829544711147101,0.003,0.001,1,"CTD-3088G3.6","GSE214411","Myeloid",TRUE
0.402495493224826,0.358538212488669,0.485,0.494,1,"ID2","GSE214411","Myeloid",TRUE
0.40262969428543,-1.32780469496852,0.006,0.01,1,"RP11-159D12.2","GSE214411","Myeloid",TRUE
0.402656886773171,1.14532194750049,0.013,0.01,1,"CD8A","GSE214411","Myeloid",TRUE
0.402841264040565,-1.0840441515608,0.007,0.011,1,"AC007365.3","GSE214411","Myeloid",TRUE
0.402841264040565,-1.12341947056172,0.007,0.011,1,"IZUMO1","GSE214411","Myeloid",TRUE
0.403415938804071,0.630446640164148,0.02,0.015,1,"PIGZ","GSE214411","Myeloid",TRUE
0.403544121149511,-0.850494618790655,0.013,0.018,1,"ZNF691","GSE214411","Myeloid",TRUE
0.403579332312203,-1.015728359133,0.011,0.015,1,"SSC5D","GSE214411","Myeloid",TRUE
0.403708963576579,-0.392851603043678,0.013,0.017,1,"C16orf74","GSE214411","Myeloid",TRUE
0.40373142431486,-0.382344337682929,0.006,0.01,1,"THNSL1","GSE214411","Myeloid",TRUE
0.403837960641856,-1.57558576829044,0.009,0.013,1,"IGSF21","GSE214411","Myeloid",TRUE
0.403910987988503,0.250327886110846,0.013,0.017,1,"SLC25A25-AS1","GSE214411","Myeloid",TRUE
0.403955014450276,-0.230141297321719,0.012,0.016,1,"RP11-452L6.5","GSE214411","Myeloid",TRUE
0.404140897423689,-0.51167048793274,0.007,0.011,1,"RP11-295P9.13","GSE214411","Myeloid",TRUE
0.404140897423689,0.680278383804454,0.007,0.011,1,"RP11-446N19.1","GSE214411","Myeloid",TRUE
0.404282965519651,-0.59209994003553,0.006,0.01,1,"NME5","GSE214411","Myeloid",TRUE
0.404282965519651,1.71738426650447,0.006,0.01,1,"RP11-526I2.5","GSE214411","Myeloid",TRUE
0.40451742421463,0.166048699780076,0.013,0.017,1,"LTBP2","GSE214411","Myeloid",TRUE
0.404558905099485,-0.861047628879408,0.006,0.01,1,"ATXN7L2","GSE214411","Myeloid",TRUE
0.404558905099485,-0.615921007426889,0.006,0.01,1,"CRISP3","GSE214411","Myeloid",TRUE
0.404583038348255,-1.96279987350986,0.008,0.012,1,"STARD9","GSE214411","Myeloid",TRUE
0.404818427267836,0.39869176621143,0.165,0.174,1,"UBN1","GSE214411","Myeloid",TRUE
0.404834957304081,1.3868825137496,0.006,0.01,1,"TTC26","GSE214411","Myeloid",TRUE
0.405014143988149,-0.102435957856131,0.097,0.107,1,"CARM1","GSE214411","Myeloid",TRUE
0.405324768173713,-0.28007498386007,0.008,0.012,1,"SDR42E2","GSE214411","Myeloid",TRUE
0.405350026796926,0.479407680696197,0.023,0.018,1,"TBC1D22B","GSE214411","Myeloid",TRUE
0.405419709318702,0.561501711003588,0.033,0.04,1,"C1R","GSE214411","Myeloid",TRUE
0.40544303669712,-0.477609024728148,0.007,0.011,1,"RPGRIP1L","GSE214411","Myeloid",TRUE
0.405448463170098,-0.602006603011959,0.008,0.012,1,"HOXB3","GSE214411","Myeloid",TRUE
0.405572191929545,-0.810103609608237,0.008,0.012,1,"RP11-119B16.2","GSE214411","Myeloid",TRUE
0.405663789463879,-1.35390434152906,0.006,0.01,1,"WDR35","GSE214411","Myeloid",TRUE
0.405960456700621,-1.69890871802533,0.009,0.013,1,"ADAMTS10","GSE214411","Myeloid",TRUE
0.406042673638712,-1.20513502248822,0.01,0.014,1,"RP11-667K14.3","GSE214411","Myeloid",TRUE
0.406048830582544,-0.717386262291263,0.012,0.016,1,"ADCY6","GSE214411","Myeloid",TRUE
0.406151854899137,0.356824152127169,0.05,0.058,1,"MBNL3","GSE214411","Myeloid",TRUE
0.406216906988433,0.197656565719193,0.006,0.01,1,"RP11-10L12.4","GSE214411","Myeloid",TRUE
0.406258568037338,-1.12604347370434,0.012,0.016,1,"ANKRD29","GSE214411","Myeloid",TRUE
0.406348631165552,0.0679702427589832,0.278,0.289,1,"MPP1","GSE214411","Myeloid",TRUE
0.406492004545971,-0.446114842434373,0.053,0.06,1,"LINC00847","GSE214411","Myeloid",TRUE
0.406561928841643,0.170165583026175,0.199,0.213,1,"NUCB2","GSE214411","Myeloid",TRUE
0.406681429285968,-0.137502151583112,0.013,0.018,1,"ARMC9","GSE214411","Myeloid",TRUE
0.406724941195077,-0.3064654808751,0.029,0.035,1,"SCRN3","GSE214411","Myeloid",TRUE
0.406741062698424,0.361786559873912,0.041,0.049,1,"FAM160B1","GSE214411","Myeloid",TRUE
0.406770474522831,1.77769786808992,0.006,0.01,1,"C1orf74","GSE214411","Myeloid",TRUE
0.407117455339237,-0.823209342757476,0.045,0.052,1,"SMPD1","GSE214411","Myeloid",TRUE
0.407306680904331,0.23664392309986,0.014,0.019,1,"CMBL","GSE214411","Myeloid",TRUE
0.407306683443153,-2.04666947285733,0.008,0.012,1,"ANKHD1-EIF4EBP3","GSE214411","Myeloid",TRUE
0.407324491902034,-0.292096319489962,0.006,0.01,1,"RP11-355B11.2","GSE214411","Myeloid",TRUE
0.407489036754805,-0.0857465375361253,0.02,0.015,1,"ZBTB5","GSE214411","Myeloid",TRUE
0.407520519856227,-0.0755087533473566,0.196,0.201,1,"ATP6V1H","GSE214411","Myeloid",TRUE
0.407531666473227,0.95252220087872,0.007,0.011,1,"RP11-138I1.2","GSE214411","Myeloid",TRUE
0.407554828513656,-1.7498203021463,0.008,0.012,1,"PENK","GSE214411","Myeloid",TRUE
0.40756592003892,-0.192872393530514,0.142,0.126,1,"KBTBD8","GSE214411","Myeloid",TRUE
0.407615883557864,-1.42204434927859,0.009,0.013,1,"RP5-827C21.4","GSE214411","Myeloid",TRUE
0.40779319543316,-0.740416728529183,0.007,0.011,1,"PDGFRL","GSE214411","Myeloid",TRUE
0.407878958960005,1.44635324907372,0.006,0.01,1,"GRB7","GSE214411","Myeloid",TRUE
0.40796417138417,-0.310425692857793,0.013,0.017,1,"SAMD11","GSE214411","Myeloid",TRUE
0.408009701956442,0.260744946409962,0.053,0.044,1,"MS4A14","GSE214411","Myeloid",TRUE
0.408054824387801,0.155858208535182,0.007,0.011,1,"RP5-1091N2.9","GSE214411","Myeloid",TRUE
0.408054824387801,0.971755013153678,0.007,0.011,1,"RHPN2","GSE214411","Myeloid",TRUE
0.408059266644287,-0.102572187004581,0.032,0.039,1,"EPT1","GSE214411","Myeloid",TRUE
0.40808960070443,-0.200413650869136,0.009,0.013,1,"NMNAT3","GSE214411","Myeloid",TRUE
0.40808960070443,-1.29287892812282,0.009,0.013,1,"RUNX1T1","GSE214411","Myeloid",TRUE
0.408108806840316,-0.100238370508001,0.239,0.243,1,"TIAL1","GSE214411","Myeloid",TRUE
0.408135775145278,0.0654786790742731,0.24,0.247,1,"PHF11","GSE214411","Myeloid",TRUE
0.408149113876049,-1.12768383961959,0.012,0.016,1,"CAV2","GSE214411","Myeloid",TRUE
0.408280179673856,0.139211706339885,0.368,0.344,1,"KDELR2","GSE214411","Myeloid",TRUE
0.408299804249847,-1.24103263446218,0.008,0.012,1,"C14orf28","GSE214411","Myeloid",TRUE
0.408316553319567,-0.0628209092472689,0.007,0.011,1,"ROBO1","GSE214411","Myeloid",TRUE
0.4083787269013,0.216364517900287,0.353,0.362,1,"CNDP2","GSE214411","Myeloid",TRUE
0.408440009923467,-0.0337481189763704,0.154,0.136,1,"SIPA1L1","GSE214411","Myeloid",TRUE
0.408453254399915,-0.341026431116535,0.014,0.019,1,"RP11-88E10.5","GSE214411","Myeloid",TRUE
0.408536354493989,0.274087785128645,0.013,0.01,1,"UBOX5","GSE214411","Myeloid",TRUE
0.408582375276768,-0.307045219993515,0.011,0.015,1,"RSPH1","GSE214411","Myeloid",TRUE
0.408621964069921,-0.2131377892205,0.042,0.05,1,"MAGEH1","GSE214411","Myeloid",TRUE
0.408780458613067,-0.840999239844537,0.012,0.016,1,"CLDN23","GSE214411","Myeloid",TRUE
0.408796905027413,-1.87179923744424,0.008,0.012,1,"PCAT19","GSE214411","Myeloid",TRUE
0.408800733305298,-1.39258124207144,0.011,0.015,1,"ARMC2","GSE214411","Myeloid",TRUE
0.408800791071096,-0.952350325641932,0.009,0.013,1,"ZHX1-C8orf76","GSE214411","Myeloid",TRUE
0.408800791071096,-0.980705526973964,0.009,0.013,1,"KLC2","GSE214411","Myeloid",TRUE
0.408835872276673,-0.937758259362417,0.014,0.019,1,"BIVM","GSE214411","Myeloid",TRUE
0.408840311043887,-0.472247914022216,0.007,0.011,1,"TMSB15A","GSE214411","Myeloid",TRUE
0.409049725223647,-0.732843912533933,0.04,0.047,1,"POLR1C","GSE214411","Myeloid",TRUE
0.409148030696976,0.820845140776777,0.035,0.029,1,"SLC10A7","GSE214411","Myeloid",TRUE
0.409190529463403,0.180602945510234,0.087,0.075,1,"PITPNC1","GSE214411","Myeloid",TRUE
0.409218703417316,0.264091908215411,0.014,0.019,1,"CCL19","GSE214411","Myeloid",TRUE
0.409218703417316,0.872030752039265,0.014,0.019,1,"LHFP","GSE214411","Myeloid",TRUE
0.409260712957242,0.484111730808338,0.1,0.088,1,"ABCF2","GSE214411","Myeloid",TRUE
0.409267092850918,1.65482623640204,0.006,0.01,1,"IKZF3","GSE214411","Myeloid",TRUE
0.409270058942187,0.49391897701137,0.228,0.236,1,"RAB18","GSE214411","Myeloid",TRUE
0.409388491253231,0.0608346414824483,0.013,0.017,1,"GNG12","GSE214411","Myeloid",TRUE
0.409412384333626,-0.0646637453703081,0.012,0.016,1,"C20orf85","GSE214411","Myeloid",TRUE
0.409432024101795,0.122826668318748,0.059,0.051,1,"NPDC1","GSE214411","Myeloid",TRUE
0.40950788917715,0.00800950389896382,0.078,0.088,1,"ZNF146","GSE214411","Myeloid",TRUE
0.409545056531186,1.41567019204533,0.006,0.01,1,"PSPN","GSE214411","Myeloid",TRUE
0.409987746530404,0.230260157042316,0.009,0.013,1,"AP003774.1","GSE214411","Myeloid",TRUE
0.41002995867991,0.285490643096173,0.214,0.196,1,"BAG6","GSE214411","Myeloid",TRUE
0.410044890788111,-0.200235284408894,0.012,0.016,1,"AC009005.2","GSE214411","Myeloid",TRUE
0.410093725441224,1.20977140144367,0.015,0.02,1,"TBC1D24","GSE214411","Myeloid",TRUE
0.410151453713946,-0.0263283927834941,0.007,0.011,1,"CACNA1D","GSE214411","Myeloid",TRUE
0.410151453713946,-0.184018004421701,0.007,0.011,1,"RP11-624M8.1","GSE214411","Myeloid",TRUE
0.41027763280511,0.202123166132727,0.175,0.156,1,"AGPAT2","GSE214411","Myeloid",TRUE
0.410355654974094,-1.66112255227894,0.01,0.014,1,"ADGRG1","GSE214411","Myeloid",TRUE
0.4103748061039,-0.757953663277078,0.07,0.078,1,"RAPGEF6","GSE214411","Myeloid",TRUE
0.410413981823741,-1.30916147327859,0.007,0.011,1,"NEK11","GSE214411","Myeloid",TRUE
0.4105677695897,0.284099781631546,0.068,0.076,1,"MAP2K4","GSE214411","Myeloid",TRUE
0.410988131666938,0.846080752364058,0.011,0.015,1,"CACNB4","GSE214411","Myeloid",TRUE
0.411039131877262,-0.162032785755911,0.01,0.014,1,"MTL5","GSE214411","Myeloid",TRUE
0.411039131877262,-0.476738228414082,0.01,0.014,1,"RP11-567M16.6","GSE214411","Myeloid",TRUE
0.411287807794504,0.0809993986554325,0.008,0.012,1,"VASN","GSE214411","Myeloid",TRUE
0.411414585627397,0.0316035792410552,0.013,0.018,1,"TSPAN5","GSE214411","Myeloid",TRUE
0.411728119260036,0.712856072020074,0.007,0.011,1,"AC079630.4","GSE214411","Myeloid",TRUE
0.411828471497546,-0.165715798790898,0.04,0.047,1,"WARS2","GSE214411","Myeloid",TRUE
0.411865033300502,0.287431140693154,0.011,0.015,1,"AC004951.6","GSE214411","Myeloid",TRUE
0.411891130848977,0.546313813502127,0.009,0.013,1,"XXbac-BPG299F13.17","GSE214411","Myeloid",TRUE
0.412008331489729,-0.458957845707183,0.132,0.141,1,"SLC25A28","GSE214411","Myeloid",TRUE
0.412129421878216,0.436680822129474,0.009,0.013,1,"IQCK","GSE214411","Myeloid",TRUE
0.412274053009011,0.637591874764324,0.042,0.035,1,"FAM8A1","GSE214411","Myeloid",TRUE
0.412334638762043,0.0502651589730192,0.084,0.092,1,"PEAK1","GSE214411","Myeloid",TRUE
0.412367794637664,-0.701820227853493,0.009,0.013,1,"XYLB","GSE214411","Myeloid",TRUE
0.412408703162792,-0.34830456661155,0.039,0.046,1,"PDE3B","GSE214411","Myeloid",TRUE
0.412413051832917,-0.355448315349529,0.03,0.036,1,"ZNF804A","GSE214411","Myeloid",TRUE
0.412449373965972,0.149932942302953,0.1,0.109,1,"SMG7","GSE214411","Myeloid",TRUE
0.412517798576393,-0.484068130477546,0.007,0.011,1,"C11orf80","GSE214411","Myeloid",TRUE
0.412517798576393,2.01386734041492,0.007,0.011,1,"AVIL","GSE214411","Myeloid",TRUE
0.412523437257526,-0.541145047812589,0.011,0.015,1,"PGA5","GSE214411","Myeloid",TRUE
0.412743043802062,-0.785526256586992,0.011,0.015,1,"METTL20","GSE214411","Myeloid",TRUE
0.412844785292531,0.607239149309895,0.009,0.013,1,"DDO","GSE214411","Myeloid",TRUE
0.412865038255598,0.090599278098443,0.013,0.01,1,"GRK4","GSE214411","Myeloid",TRUE
0.412916803200822,0.325455751629569,0.106,0.117,1,"ZNF91","GSE214411","Myeloid",TRUE
0.412937442242274,-0.102003991706879,0.264,0.275,1,"POLE4","GSE214411","Myeloid",TRUE
0.41296271960821,-0.419513853361076,0.011,0.015,1,"ATP6V0C","GSE214411","Myeloid",TRUE
0.413227036587794,-0.558833016608265,0.035,0.041,1,"PPM1N","GSE214411","Myeloid",TRUE
0.413416369611608,-0.343514379063318,0.026,0.032,1,"PEX11G","GSE214411","Myeloid",TRUE
0.413572099633561,1.13950732855848,0.007,0.011,1,"TPST1","GSE214411","Myeloid",TRUE
0.413641216420712,0.531839736173345,0.104,0.114,1,"SOS2","GSE214411","Myeloid",TRUE
0.413712134001766,-0.351441712011361,0.12,0.128,1,"TRAF3","GSE214411","Myeloid",TRUE
0.413842115234049,1.83177787776616,0.011,0.015,1,"KIAA0825","GSE214411","Myeloid",TRUE
0.414008666128032,0.531483529084213,0.01,0.014,1,"HOOK1","GSE214411","Myeloid",TRUE
0.41403869124834,0.276565934282339,0.009,0.013,1,"SMO","GSE214411","Myeloid",TRUE
0.414089181790029,0.538776082108922,0.013,0.017,1,"IQGAP3","GSE214411","Myeloid",TRUE
0.414215657274095,-0.12432646458676,0.207,0.212,1,"CYB5B","GSE214411","Myeloid",TRUE
0.414237616430292,-0.321822739590567,0.01,0.014,1,"FAM198A","GSE214411","Myeloid",TRUE
0.414298277155867,0.430702706489638,0.038,0.044,1,"PHLPP1","GSE214411","Myeloid",TRUE
0.414506078276937,2.15591120598986,0.017,0.013,1,"TCEA3","GSE214411","Myeloid",TRUE
0.41459222791913,-0.222934986497191,0.087,0.096,1,"SLC25A46","GSE214411","Myeloid",TRUE
0.41491232746944,0.850383205086206,0.034,0.041,1,"KIF9","GSE214411","Myeloid",TRUE
0.414924916572681,-1.13337167224079,0.013,0.01,1,"CAMK2N1","GSE214411","Myeloid",TRUE
0.415035897884497,-0.309424762933135,0.04,0.048,1,"EDRF1","GSE214411","Myeloid",TRUE
0.415234637703152,-0.263033121552886,0.009,0.013,1,"EXPH5","GSE214411","Myeloid",TRUE
0.41547407170048,1.37500922111364,0.009,0.013,1,"ZNF8","GSE214411","Myeloid",TRUE
0.415535617711858,0.457925231282031,0.146,0.13,1,"WDR74","GSE214411","Myeloid",TRUE
0.415612890310127,1.54140621640032,0.01,0.014,1,"DNALI1","GSE214411","Myeloid",TRUE
0.41581905751622,0.14699580219388,0.429,0.406,1,"CASP1","GSE214411","Myeloid",TRUE
0.415931665313634,-0.0238339033760848,0.337,0.339,1,"PPP2CA","GSE214411","Myeloid",TRUE
0.41638755083937,-0.259056432882065,0.054,0.061,1,"SPRYD3","GSE214411","Myeloid",TRUE
0.41641902803554,0.016442903971166,0.075,0.084,1,"ADCY3","GSE214411","Myeloid",TRUE
0.416731073834896,-0.335113672913618,0.083,0.071,1,"MAN2B1","GSE214411","Myeloid",TRUE
0.416769332481714,-0.311633453940533,0.05,0.058,1,"TAF6","GSE214411","Myeloid",TRUE
0.416836363051773,0.983291619481311,0.067,0.058,1,"DUSP8","GSE214411","Myeloid",TRUE
0.417026778382307,0.278552171492927,0.288,0.296,1,"GABARAP","GSE214411","Myeloid",TRUE
0.417130003295435,-0.436488816023644,0.054,0.061,1,"ACAP3","GSE214411","Myeloid",TRUE
0.417152391896354,0.693912886694903,0.009,0.013,1,"ZNF436","GSE214411","Myeloid",TRUE
0.4172207800197,0.0527134728436023,0.01,0.014,1,"RP11-258C19.7","GSE214411","Myeloid",TRUE
0.417378983130559,-0.116280560407715,0.151,0.133,1,"VHL","GSE214411","Myeloid",TRUE
0.41741075454709,-0.410218866347371,0.038,0.044,1,"ASAP2","GSE214411","Myeloid",TRUE
0.417495232008315,0.942138362975045,0.021,0.016,1,"RP6-99M1.3","GSE214411","Myeloid",TRUE
0.418775583186292,0.301575208424335,0.04,0.048,1,"UGGT2","GSE214411","Myeloid",TRUE
0.418879241596233,0.418610293441644,0.212,0.222,1,"RPS6KA1","GSE214411","Myeloid",TRUE
0.41897423410268,0.0582261007987679,0.047,0.054,1,"INAFM1","GSE214411","Myeloid",TRUE
0.419165244339932,0.588327013936764,0.017,0.013,1,"TSPAN2","GSE214411","Myeloid",TRUE
0.419213844339878,-0.346375686178699,0.06,0.068,1,"UBE2V1","GSE214411","Myeloid",TRUE
0.419598920976865,0.693426188496394,0.097,0.086,1,"LPCAT3","GSE214411","Myeloid",TRUE
0.419697879640385,0.374617564740015,0.301,0.28,1,"ZSWIM6","GSE214411","Myeloid",TRUE
0.419806963856407,0.303186345455495,0.011,0.015,1,"MAL2","GSE214411","Myeloid",TRUE
0.420487010285636,-0.094839518637126,0.086,0.095,1,"QTRT1","GSE214411","Myeloid",TRUE
0.420833327050661,-0.272500143742599,0.056,0.064,1,"XRRA1","GSE214411","Myeloid",TRUE
0.421034662656512,-0.0766087730577154,0.111,0.1,1,"PIEZO1","GSE214411","Myeloid",TRUE
0.421148689296803,-0.433615396511549,0.111,0.118,1,"CDYL","GSE214411","Myeloid",TRUE
0.421226382028691,-0.449403874850554,0.095,0.104,1,"INO80","GSE214411","Myeloid",TRUE
0.421493727319924,1.00582402430372,0.092,0.083,1,"FN1","GSE214411","Myeloid",TRUE
0.421568278097827,0.512688137503981,0.036,0.03,1,"ORAOV1","GSE214411","Myeloid",TRUE
0.421719430788777,0.0915019485556372,0.078,0.069,1,"KIAA0922","GSE214411","Myeloid",TRUE
0.421821868319998,-0.357134217719807,0.095,0.103,1,"EIF2B3","GSE214411","Myeloid",TRUE
0.422319739236031,-0.631764487492592,0.042,0.049,1,"HSD3B7","GSE214411","Myeloid",TRUE
0.422343255478645,-0.674445704320137,0.059,0.067,1,"LSM14B","GSE214411","Myeloid",TRUE
0.422473010038831,-0.060395413809311,0.855,0.939,1,"RPS3A","GSE214411","Myeloid",TRUE
0.422565414708305,0.239663448133214,0.161,0.173,1,"TMEM127","GSE214411","Myeloid",TRUE
0.422770008447122,0.880843887881888,0.173,0.157,1,"MSL1","GSE214411","Myeloid",TRUE
0.422956348533447,0.0304589868736116,0.047,0.054,1,"DNAJC5B","GSE214411","Myeloid",TRUE
0.423037251793124,1.32363119880809,0.017,0.013,1,"AARSD1","GSE214411","Myeloid",TRUE
0.423205242970456,-0.0330028505182591,0.158,0.167,1,"ATG5","GSE214411","Myeloid",TRUE
0.423444223665164,-0.0886695801168087,0.07,0.077,1,"FAM76A","GSE214411","Myeloid",TRUE
0.42344752634228,0.265326666303396,0.04,0.048,1,"ZNF76","GSE214411","Myeloid",TRUE
0.423628054452818,-0.113453926190546,0.053,0.044,1,"KCNK13","GSE214411","Myeloid",TRUE
0.423639277087974,-0.694389533960424,0.112,0.12,1,"MED16","GSE214411","Myeloid",TRUE
0.42389207212572,0.520180295779659,0.043,0.036,1,"ZNF10","GSE214411","Myeloid",TRUE
0.423967737200093,0.329900939124429,0.07,0.06,1,"TNKS","GSE214411","Myeloid",TRUE
0.424025252295369,0.340601601825982,0.111,0.121,1,"SPINT1","GSE214411","Myeloid",TRUE
0.424754234256573,0.281701134841526,0.175,0.182,1,"PUM2","GSE214411","Myeloid",TRUE
0.425032679006958,0.0833297754012354,0.151,0.136,1,"METTL21A","GSE214411","Myeloid",TRUE
0.425067120421706,1.12507609689827,0.028,0.022,1,"RIC8B","GSE214411","Myeloid",TRUE
0.425141532457713,-0.20222117733272,0.135,0.144,1,"SPTAN1","GSE214411","Myeloid",TRUE
0.425340394375067,0.157803693928687,0.255,0.23,1,"COPS5","GSE214411","Myeloid",TRUE
0.42563300122991,0.289634384668325,0.129,0.114,1,"LMBR1L","GSE214411","Myeloid",TRUE
0.42667952255007,0.678282339830591,0.011,0.007,1,"IL20RA","GSE214411","Myeloid",TRUE
0.426779834954383,0.421266364819145,0.118,0.103,1,"PNPLA2","GSE214411","Myeloid",TRUE
0.427372681137716,0.0968003654982166,0.068,0.059,1,"ATXN1L","GSE214411","Myeloid",TRUE
0.427403939771549,-0.341175780908924,0.12,0.129,1,"CADM1","GSE214411","Myeloid",TRUE
0.428688609857136,-0.815621966733048,0.035,0.041,1,"ANKRD36","GSE214411","Myeloid",TRUE
0.428774935631381,1.51770195746396,0.011,0.007,1,"TSNARE1","GSE214411","Myeloid",TRUE
0.42879769350786,0.399606853102093,0.098,0.086,1,"UFSP2","GSE214411","Myeloid",TRUE
0.428814055068525,0.500467471073395,0.123,0.111,1,"PLEKHF2","GSE214411","Myeloid",TRUE
0.428927655480884,0.86060420234767,0.157,0.144,1,"DYNLT3","GSE214411","Myeloid",TRUE
0.428928929517357,0.141678158120644,0.049,0.056,1,"ADCK4","GSE214411","Myeloid",TRUE
0.429107934166048,0.214820231194046,0.369,0.341,1,"COX17","GSE214411","Myeloid",TRUE
0.429163422389065,0.131203994036121,0.293,0.293,1,"LYPLA1","GSE214411","Myeloid",TRUE
0.429330956789328,0.0638534150126382,0.219,0.199,1,"SH3BP1","GSE214411","Myeloid",TRUE
0.429519599874591,1.06137905312189,0.021,0.016,1,"RP11-166O4.6","GSE214411","Myeloid",TRUE
0.429637000587908,-0.0345037986090895,0.031,0.025,1,"RP11-352M15.2","GSE214411","Myeloid",TRUE
0.429731502869146,-0.0509508233839178,0.036,0.042,1,"RP11-196G11.6","GSE214411","Myeloid",TRUE
0.42976280561335,-0.251954589717464,0.046,0.053,1,"TADA2B","GSE214411","Myeloid",TRUE
0.429787505181331,-0.468519484098486,0.026,0.032,1,"CARKD","GSE214411","Myeloid",TRUE
0.430018135164443,-0.525171760352831,0.017,0.013,1,"MGAM","GSE214411","Myeloid",TRUE
0.430087602220773,1.18899556143237,0.011,0.007,1,"BACH2","GSE214411","Myeloid",TRUE
0.430087602220773,0.653639207339196,0.011,0.007,1,"JADE3","GSE214411","Myeloid",TRUE
0.430312516852057,-0.418300232654422,0.154,0.16,1,"ASCC3","GSE214411","Myeloid",TRUE
0.430350415268075,0.191695750787911,0.011,0.007,1,"KLHL17","GSE214411","Myeloid",TRUE
0.430525127751076,0.283127792683681,0.177,0.159,1,"PAF1","GSE214411","Myeloid",TRUE
0.430532008437207,0.115466773547589,0.204,0.214,1,"LLPH","GSE214411","Myeloid",TRUE
0.430745545269045,-0.403073513944765,0.06,0.051,1,"C1orf132","GSE214411","Myeloid",TRUE
0.43086138119034,-0.209148651846276,0.119,0.126,1,"RFC2","GSE214411","Myeloid",TRUE
0.43109352631775,0.951121385139315,0.04,0.047,1,"ACYP1","GSE214411","Myeloid",TRUE
0.431241215503277,-0.105228949007318,0.159,0.145,1,"MRPS22","GSE214411","Myeloid",TRUE
0.431339514899762,0.564511081194647,0.092,0.082,1,"RP11-796E2.4","GSE214411","Myeloid",TRUE
0.43140259922012,-1.041669536809,0.011,0.007,1,"GPAT2","GSE214411","Myeloid",TRUE
0.432061477661823,0.175997787745804,0.107,0.095,1,"CHFR","GSE214411","Myeloid",TRUE
0.432161182982827,0.213481050874258,0.064,0.072,1,"RALGAPB","GSE214411","Myeloid",TRUE
0.432486321016633,-0.233455600981481,0.048,0.055,1,"TMEM159","GSE214411","Myeloid",TRUE
0.43265290586351,-0.115649286484309,0.026,0.032,1,"MATR3.1","GSE214411","Myeloid",TRUE
0.432784656763401,0.226027315541778,0.239,0.246,1,"LYSMD2","GSE214411","Myeloid",TRUE
0.433071792728454,-0.274357491896028,0.126,0.135,1,"PIKFYVE","GSE214411","Myeloid",TRUE
0.433335875335158,-0.155167833775008,0.174,0.182,1,"AGPAT3","GSE214411","Myeloid",TRUE
0.433349621288813,0.253819531918164,0.166,0.174,1,"ATP2C1","GSE214411","Myeloid",TRUE
0.433408524133006,-0.720939314434443,0.023,0.029,1,"FAM122C","GSE214411","Myeloid",TRUE
0.433502176983245,-0.617300352306823,0.069,0.059,1,"LLNLR-245B6.1","GSE214411","Myeloid",TRUE
0.433645667393467,-0.218680409967706,0.174,0.181,1,"FBXW7","GSE214411","Myeloid",TRUE
0.433722724390221,-0.435452415292711,0.024,0.03,1,"RNF25","GSE214411","Myeloid",TRUE
0.43397878046337,-0.205889654739721,0.272,0.273,1,"OLA1","GSE214411","Myeloid",TRUE
0.434096246107575,-0.182528136240623,0.044,0.051,1,"RP11-126K1.6","GSE214411","Myeloid",TRUE
0.434218392887061,0.238922521165253,0.292,0.266,1,"TBC1D1","GSE214411","Myeloid",TRUE
0.434377836664134,0.06064109837621,0.358,0.36,1,"RANBP1","GSE214411","Myeloid",TRUE
0.434400524844533,0.621993913302838,0.122,0.11,1,"UTP11L","GSE214411","Myeloid",TRUE
0.434679787939139,1.16356318199206,0.045,0.038,1,"PADI2","GSE214411","Myeloid",TRUE
0.434963671376016,0.170059103559666,0.024,0.019,1,"NEU4","GSE214411","Myeloid",TRUE
0.435138404834828,-0.109593494376824,0.14,0.127,1,"BCCIP","GSE214411","Myeloid",TRUE
0.435526827501233,0.0604369288120457,0.06,0.052,1,"ACSS2","GSE214411","Myeloid",TRUE
0.435834762554432,0.952697831204084,0.061,0.053,1,"TMEM263","GSE214411","Myeloid",TRUE
0.435951266970821,-0.0700126582168368,0.079,0.087,1,"TIMM44","GSE214411","Myeloid",TRUE
0.4360021177785,0.205571635824789,0.024,0.019,1,"TCFL5","GSE214411","Myeloid",TRUE
0.436574056094526,-0.198442020697496,0.174,0.179,1,"RP11-1143G9.4","GSE214411","Myeloid",TRUE
0.436664223362636,0.00969026684621666,0.04,0.033,1,"PANX1","GSE214411","Myeloid",TRUE
0.436918463352417,0.121792700677323,0.146,0.131,1,"RNF126","GSE214411","Myeloid",TRUE
0.436950977321919,-0.458121769575235,0.011,0.007,1,"ADRB3","GSE214411","Myeloid",TRUE
0.437389044776334,-0.202787806668829,0.037,0.043,1,"NOP9","GSE214411","Myeloid",TRUE
0.437628600729077,-0.0973046300015312,0.084,0.073,1,"LINC01003","GSE214411","Myeloid",TRUE
0.437644869411975,-0.245162336284983,0.111,0.119,1,"OCEL1","GSE214411","Myeloid",TRUE
0.438001958128095,1.14781520189395,0.014,0.011,1,"C1orf53","GSE214411","Myeloid",TRUE
0.438289022636524,-0.415327685500972,0.062,0.07,1,"TWSG1","GSE214411","Myeloid",TRUE
0.438434484113333,0.313216962314922,0.024,0.03,1,"SPIN2B","GSE214411","Myeloid",TRUE
0.438499029552059,0.222762149173934,0.086,0.075,1,"CNOT3","GSE214411","Myeloid",TRUE
0.438729050249913,-0.42211520396831,0.045,0.052,1,"ZFYVE27","GSE214411","Myeloid",TRUE
0.438749644145081,-0.0462691627048795,0.024,0.03,1,"AMMECR1","GSE214411","Myeloid",TRUE
0.438846012217046,-0.317207091928975,0.023,0.029,1,"DNAJC27","GSE214411","Myeloid",TRUE
0.438952132710213,0.382836436459771,0.024,0.019,1,"AC004069.2","GSE214411","Myeloid",TRUE
0.439178299045427,-0.293667673146119,0.28,0.282,1,"STT3B","GSE214411","Myeloid",TRUE
0.439473911310887,-0.704270977257379,0.024,0.019,1,"SRCAP","GSE214411","Myeloid",TRUE
0.439843218939622,-0.216239675208254,0.067,0.075,1,"LRCH1","GSE214411","Myeloid",TRUE
0.440000377205315,-0.264671171262647,0.176,0.159,1,"RASGRP3","GSE214411","Myeloid",TRUE
0.440135667954653,-0.273576838289149,0.035,0.041,1,"FCMR","GSE214411","Myeloid",TRUE
0.440159021289081,0.487559688337738,0.22,0.204,1,"N4BP1","GSE214411","Myeloid",TRUE
0.440272815083479,0.54469006617322,0.062,0.054,1,"LAPTM4B","GSE214411","Myeloid",TRUE
0.440515980247212,-0.601666497338636,0.146,0.15,1,"SMIM4","GSE214411","Myeloid",TRUE
0.440809866806838,0.836054393649719,0.008,0.005,1,"PHOSPHO1","GSE214411","Myeloid",TRUE
0.440960859209725,0.0398030079767531,0.127,0.112,1,"TXLNA","GSE214411","Myeloid",TRUE
0.441057029372416,-0.0898950955787496,0.36,0.36,1,"NANS","GSE214411","Myeloid",TRUE
0.441085748083693,0.283497661083295,0.355,0.335,1,"PRNP","GSE214411","Myeloid",TRUE
0.441120044766144,1.25290251962698,0.008,0.005,1,"HEPH","GSE214411","Myeloid",TRUE
0.441133516139817,-0.24293946067771,0.153,0.161,1,"DCAF13","GSE214411","Myeloid",TRUE
0.441165241783435,0.374673958376991,0.104,0.092,1,"DLEU2","GSE214411","Myeloid",TRUE
0.441345203597838,0.294030642176204,0.04,0.033,1,"ZNF140","GSE214411","Myeloid",TRUE
0.441600972724148,-0.349819171529013,0.08,0.087,1,"TRAPPC6B","GSE214411","Myeloid",TRUE
0.441740767938765,1.38508245927115,0.008,0.005,1,"GATA2-AS1","GSE214411","Myeloid",TRUE
0.44182299750134,1.03216939314014,0.134,0.121,1,"FBXO33","GSE214411","Myeloid",TRUE
0.441838984839781,0.274099366612776,0.396,0.395,1,"PLIN2","GSE214411","Myeloid",TRUE
0.442051328603375,0.560290719761841,0.008,0.005,1,"IQCJ-SCHIP1","GSE214411","Myeloid",TRUE
0.442051328603375,2.14659515692884,0.008,0.005,1,"RNASE4","GSE214411","Myeloid",TRUE
0.442223949310218,0.167610316675439,0.023,0.029,1,"VWA5A","GSE214411","Myeloid",TRUE
0.442272430490301,0.0540553316070862,0.39,0.367,1,"CHORDC1","GSE214411","Myeloid",TRUE
0.442308825283956,0.798136510322665,0.036,0.042,1,"TRMT61A","GSE214411","Myeloid",TRUE
0.442362006420066,0.808966948834937,0.008,0.005,1,"DLEU7-AS1","GSE214411","Myeloid",TRUE
0.442376604690213,0.137951707191321,0.484,0.501,1,"EIF3A","GSE214411","Myeloid",TRUE
0.44238517369265,-0.455974414840443,0.023,0.029,1,"ZNF219","GSE214411","Myeloid",TRUE
0.442449783328791,-0.151908615661807,0.08,0.07,1,"SPIB","GSE214411","Myeloid",TRUE
0.442466063074208,0.682032572358469,0.102,0.112,1,"HIST1H1C","GSE214411","Myeloid",TRUE
0.442599108615154,0.259251516074535,0.095,0.104,1,"DYM","GSE214411","Myeloid",TRUE
0.442672809114282,1.69891717439143,0.008,0.005,1,"FAM167B","GSE214411","Myeloid",TRUE
0.442672809114282,0.739433491778009,0.008,0.005,1,"CTD-3113P16.11","GSE214411","Myeloid",TRUE
0.442770040913435,-0.0526140470534979,0.15,0.135,1,"STAG1","GSE214411","Myeloid",TRUE
0.442798096317174,0.311506298863968,0.076,0.085,1,"NUTM2A-AS1","GSE214411","Myeloid",TRUE
0.442983736651126,2.6994537777372,0.008,0.005,1,"RAPGEFL1","GSE214411","Myeloid",TRUE
0.443000862887567,0.361104459298457,0.128,0.113,1,"PI4KB","GSE214411","Myeloid",TRUE
0.443017027100697,-0.380336063170878,0.024,0.03,1,"CAD","GSE214411","Myeloid",TRUE
0.443094162292639,-0.211521122289447,0.099,0.107,1,"ZCCHC9","GSE214411","Myeloid",TRUE
0.443119351780096,-0.111363386002815,0.327,0.336,1,"ZC3HAV1","GSE214411","Myeloid",TRUE
0.443201285380463,-0.0960760751387539,0.129,0.137,1,"ST14","GSE214411","Myeloid",TRUE
0.443249941563235,0.879045870071758,0.014,0.011,1,"IL18RAP","GSE214411","Myeloid",TRUE
0.443294788995624,1.9387510778422,0.008,0.005,1,"LAMA2","GSE214411","Myeloid",TRUE
0.443605966112716,2.53290153094041,0.008,0.005,1,"COBLL1","GSE214411","Myeloid",TRUE
0.443656602583885,0.293586175021163,0.08,0.089,1,"USP24","GSE214411","Myeloid",TRUE
0.444060615327073,-0.52499828553375,0.058,0.065,1,"HDAC8","GSE214411","Myeloid",TRUE
0.444139368377508,0.310770207389995,0.063,0.071,1,"PPME1","GSE214411","Myeloid",TRUE
0.444349394264644,-0.554136854820875,0.177,0.182,1,"TMEM50B","GSE214411","Myeloid",TRUE
0.444540245747736,1.54726679259031,0.008,0.005,1,"STMN3","GSE214411","Myeloid",TRUE
0.444670298713776,0.931819330074566,0.028,0.034,1,"RAD18","GSE214411","Myeloid",TRUE
0.444699107747661,0.0700228534219072,0.069,0.06,1,"SFT2D3","GSE214411","Myeloid",TRUE
0.444850756173676,-0.235283936656123,0.066,0.074,1,"CAMTA2","GSE214411","Myeloid",TRUE
0.444851921602971,0.968090252764285,0.008,0.005,1,"CTA-204B4.2","GSE214411","Myeloid",TRUE
0.444882868731155,0.0059707970803613,0.147,0.155,1,"NCBP3","GSE214411","Myeloid",TRUE
0.444951851283936,0.197158749316807,0.103,0.092,1,"RGS14","GSE214411","Myeloid",TRUE
0.444995525866335,0.0861875879922235,0.391,0.407,1,"PFDN2","GSE214411","Myeloid",TRUE
0.445287582982194,-0.0620124182808302,0.132,0.14,1,"ESYT1","GSE214411","Myeloid",TRUE
0.445343572972142,0.0631586154429353,0.025,0.031,1,"TOM1L2","GSE214411","Myeloid",TRUE
0.445475647066083,1.76953239737879,0.008,0.005,1,"C2orf44","GSE214411","Myeloid",TRUE
0.445475647066083,1.95938256957711,0.008,0.005,1,"ATP6V0D2","GSE214411","Myeloid",TRUE
0.445724773546761,-0.603909054210318,0.032,0.026,1,"TMEM191C","GSE214411","Myeloid",TRUE
0.445796858963088,3.71814859806983,0.005,0.003,1,"LRRC26","GSE214411","Myeloid",TRUE
0.44600222277259,0.838090331570118,0.014,0.011,1,"SHC2","GSE214411","Myeloid",TRUE
0.446099870628621,-1.25921925225211,0.008,0.005,1,"RP11-98I9.4","GSE214411","Myeloid",TRUE
0.446185758184471,3.70486665584009,0.005,0.003,1,"OPRK1","GSE214411","Myeloid",TRUE
0.446236604017148,-0.108268266470666,0.081,0.089,1,"SEPHS1","GSE214411","Myeloid",TRUE
0.446412169107828,0.920294672197564,0.008,0.005,1,"LRRC46","GSE214411","Myeloid",TRUE
0.446466542579905,-0.398228807818377,0.106,0.114,1,"ZFAND2B","GSE214411","Myeloid",TRUE
0.446471843909777,0.991799251267584,0.018,0.014,1,"PRR15","GSE214411","Myeloid",TRUE
0.446486055857706,-0.336993040606844,0.025,0.02,1,"AARS2","GSE214411","Myeloid",TRUE
0.446562547717675,0.620190683123886,0.075,0.066,1,"POLG2","GSE214411","Myeloid",TRUE
0.446574850513781,2.15395848031213,0.005,0.003,1,"TRGC2","GSE214411","Myeloid",TRUE
0.446574850513781,1.30898727312474,0.005,0.003,1,"PRSS3","GSE214411","Myeloid",TRUE
0.446835874705342,0.143071486736992,0.565,0.599,1,"METRNL","GSE214411","Myeloid",TRUE
0.446992601363251,-0.53318874094285,0.123,0.13,1,"NRAS","GSE214411","Myeloid",TRUE
0.447037139282707,0.0458788825334677,0.008,0.005,1,"RP11-351D16.3","GSE214411","Myeloid",TRUE
0.447201188783896,0.283773329325254,0.097,0.106,1,"ACTL6A","GSE214411","Myeloid",TRUE
0.447221947338543,0.100277793406796,0.022,0.026,1,"PARD6G-AS1","GSE214411","Myeloid",TRUE
0.447235651710426,0.0916876572592704,0.181,0.163,1,"HIGD1A","GSE214411","Myeloid",TRUE
0.447349810906367,-0.643028511025311,0.008,0.005,1,"ZFP69","GSE214411","Myeloid",TRUE
0.447353614218284,1.28431705389536,0.005,0.003,1,"AC104653.1","GSE214411","Myeloid",TRUE
0.447353614218284,3.07374233740119,0.005,0.003,1,"CADPS2","GSE214411","Myeloid",TRUE
0.447353614218284,2.32756371549293,0.005,0.003,1,"ASS1","GSE214411","Myeloid",TRUE
0.447353614218284,1.32280225828528,0.005,0.003,1,"HMSD","GSE214411","Myeloid",TRUE
0.447399781009979,-0.840095132327658,0.023,0.029,1,"DEPDC5","GSE214411","Myeloid",TRUE
0.447442107036597,-0.48108347148969,0.043,0.036,1,"FBXO45","GSE214411","Myeloid",TRUE
0.447743285454028,3.02962317783864,0.005,0.003,1,"ANO7","GSE214411","Myeloid",TRUE
0.447743285454028,2.9758348385382,0.005,0.003,1,"ZC4H2","GSE214411","Myeloid",TRUE
0.447913469362279,-0.481934553921842,0.032,0.038,1,"S1PR2","GSE214411","Myeloid",TRUE
0.447975527045476,-0.304028448062905,0.008,0.005,1,"RP11-1277A3.1","GSE214411","Myeloid",TRUE
0.447983225289263,-0.931211752370803,0.022,0.028,1,"CPTP","GSE214411","Myeloid",TRUE
0.448053456258583,-0.367889549932607,0.032,0.038,1,"AC083843.1","GSE214411","Myeloid",TRUE
0.448101131373246,0.262715679582282,0.208,0.215,1,"MFF","GSE214411","Myeloid",TRUE
0.448133149518806,0.771351357617369,0.005,0.003,1,"BTNL8","GSE214411","Myeloid",TRUE
0.448133149518806,-1.78792660755794,0.005,0.003,1,"RP11-63L7.5","GSE214411","Myeloid",TRUE
0.448133149518806,2.47978222537347,0.005,0.003,1,"NINL","GSE214411","Myeloid",TRUE
0.448148165936972,0.212968306681976,0.116,0.103,1,"SMIM3","GSE214411","Myeloid",TRUE
0.448303206871797,0.604679661768198,0.014,0.011,1,"HIST3H2BB","GSE214411","Myeloid",TRUE
0.448398465281471,-0.89328057720683,0.024,0.019,1,"GATSL3","GSE214411","Myeloid",TRUE
0.448523206342398,2.03960583931439,0.005,0.003,1,"RP11-6F2.5","GSE214411","Myeloid",TRUE
0.448523206342398,2.55258554666088,0.005,0.003,1,"RP4-563E14.1","GSE214411","Myeloid",TRUE
0.448523206342398,0.754300403519563,0.005,0.003,1,"WTIP","GSE214411","Myeloid",TRUE
0.448543834385391,-0.755837549065806,0.057,0.064,1,"ZUFSP","GSE214411","Myeloid",TRUE
0.448689821766778,0.461461984327814,0.049,0.041,1,"BTBD19","GSE214411","Myeloid",TRUE
0.448742232703528,-0.591504026183192,0.036,0.042,1,"RP5-832C2.5","GSE214411","Myeloid",TRUE
0.448865721639974,0.122367443525961,0.037,0.031,1,"EPOR","GSE214411","Myeloid",TRUE
0.448913455854385,2.40209894593954,0.005,0.003,1,"SEC24B-AS1","GSE214411","Myeloid",TRUE
0.448913455854385,0.644667579753773,0.005,0.003,1,"MEF2C-AS1","GSE214411","Myeloid",TRUE
0.448913455854385,0.916964774906826,0.005,0.003,1,"KCNK5","GSE214411","Myeloid",TRUE
0.449451471019333,0.199265624701237,0.033,0.039,1,"DOCK1","GSE214411","Myeloid",TRUE
0.449499633396644,-0.104668313763446,0.021,0.025,1,"TARSL2","GSE214411","Myeloid",TRUE
0.449507552594889,-0.35711603753711,0.029,0.023,1,"RPTOR","GSE214411","Myeloid",TRUE
0.44969453266088,0.857773430724174,0.005,0.003,1,"FGF2","GSE214411","Myeloid",TRUE
0.44969453266088,0.795609004215289,0.005,0.003,1,"NKX3-1","GSE214411","Myeloid",TRUE
0.44969453266088,-0.485220756048013,0.005,0.003,1,"GOLGA6L10","GSE214411","Myeloid",TRUE
0.44969453266088,0.206071961638751,0.005,0.003,1,"SYCP2","GSE214411","Myeloid",TRUE
0.44969453266088,1.62752037282865,0.005,0.003,1,"ZNF256","GSE214411","Myeloid",TRUE
0.44969453266088,1.47797576564166,0.005,0.003,1,"RP1-100J12.1","GSE214411","Myeloid",TRUE
0.44990443630656,-0.278742659946443,0.056,0.062,1,"ZNF195","GSE214411","Myeloid",TRUE
0.449989159258717,0.666043683402918,0.049,0.057,1,"ITGA9","GSE214411","Myeloid",TRUE
0.450085359813559,1.1057191866655,0.005,0.003,1,"ITGA2","GSE214411","Myeloid",TRUE
0.450085359813559,-0.358318352254032,0.005,0.003,1,"NTN4","GSE214411","Myeloid",TRUE
0.450085359813559,1.31050065831477,0.005,0.003,1,"SALL1","GSE214411","Myeloid",TRUE
0.450476379370975,-1.28944113872897,0.005,0.003,1,"RP4-773N10.4","GSE214411","Myeloid",TRUE
0.450476379370975,0.398897021262453,0.005,0.003,1,"DNAH11","GSE214411","Myeloid",TRUE
0.450476379370975,0.425854762143312,0.005,0.003,1,"RP11-334J6.6","GSE214411","Myeloid",TRUE
0.450476379370975,-0.496716826339642,0.005,0.003,1,"CNTN1","GSE214411","Myeloid",TRUE
0.450867591261719,1.04109230722814,0.005,0.003,1,"S100A2","GSE214411","Myeloid",TRUE
0.450867591261719,-0.181919649737048,0.005,0.003,1,"GRTP1","GSE214411","Myeloid",TRUE
0.450867591261719,0.26562543570571,0.005,0.003,1,"ZNF582-AS1","GSE214411","Myeloid",TRUE
0.450921283354609,-0.159545699370065,0.022,0.017,1,"PYCR1","GSE214411","Myeloid",TRUE
0.450960045779854,0.805201354137723,0.029,0.023,1,"SARS2","GSE214411","Myeloid",TRUE
0.451142030135578,-0.510332054882856,0.024,0.03,1,"STARD5","GSE214411","Myeloid",TRUE
0.451222294321339,0.525247751744117,0.041,0.035,1,"MMP25","GSE214411","Myeloid",TRUE
0.45125899541418,-1.52898500069687,0.005,0.003,1,"ZKSCAN7","GSE214411","Myeloid",TRUE
0.45125899541418,0.109307398125861,0.005,0.003,1,"TMEM132E","GSE214411","Myeloid",TRUE
0.45153792875221,0.564410611720005,0.097,0.086,1,"STYX","GSE214411","Myeloid",TRUE
0.451561196753491,-0.487389470841705,0.032,0.038,1,"LIG4","GSE214411","Myeloid",TRUE
0.451650591756551,-0.00314130743218843,0.005,0.003,1,"HCG20","GSE214411","Myeloid",TRUE
0.451650591756551,-1.38963292619765,0.005,0.003,1,"LINC01569","GSE214411","Myeloid",TRUE
0.451701639292321,0.271249518923528,0.082,0.072,1,"NACC1","GSE214411","Myeloid",TRUE
0.452279916437845,0.747458482959146,0.2,0.215,1,"PELI1","GSE214411","Myeloid",TRUE
0.452307754802865,-0.620368029519589,0.137,0.144,1,"SLC35A4","GSE214411","Myeloid",TRUE
0.452848186294365,0.641701894599318,0.037,0.043,1,"COG6","GSE214411","Myeloid",TRUE
0.452957802905314,-0.907349076276375,0.021,0.025,1,"OXCT2","GSE214411","Myeloid",TRUE
0.452974221815245,0.0544295395065051,0.022,0.026,1,"PTCD1","GSE214411","Myeloid",TRUE
0.453022076678862,0.0562075920787746,0.771,0.865,1,"RPL5","GSE214411","Myeloid",TRUE
0.453462739476321,-0.800874228046932,0.022,0.028,1,"SPRY1","GSE214411","Myeloid",TRUE
0.453717861516157,-0.715522168680634,0.04,0.046,1,"RRNAD1","GSE214411","Myeloid",TRUE
0.453766070667313,0.267254340957132,0.115,0.124,1,"TNPO3","GSE214411","Myeloid",TRUE
0.453824686634472,-1.06891307366907,0.021,0.025,1,"AK9","GSE214411","Myeloid",TRUE
0.453919472492141,0.370731635344208,0.022,0.017,1,"DDR1","GSE214411","Myeloid",TRUE
0.454335689902978,-0.324005249139891,0.083,0.09,1,"ENGASE","GSE214411","Myeloid",TRUE
0.454426523953697,0.3609676217374,0.185,0.166,1,"RLIM","GSE214411","Myeloid",TRUE
0.454434892934146,0.357150675810192,0.438,0.479,1,"CXCL16","GSE214411","Myeloid",TRUE
0.454437233796862,-0.135213506234832,0.212,0.221,1,"KARS","GSE214411","Myeloid",TRUE
0.454444413316402,0.0143208736846065,0.119,0.126,1,"ORAI3","GSE214411","Myeloid",TRUE
0.454736660393632,0.450297950978866,0.228,0.238,1,"LRP10","GSE214411","Myeloid",TRUE
0.455104075774139,0.444863909234256,0.018,0.014,1,"SLC41A1","GSE214411","Myeloid",TRUE
0.455477778616479,-0.154996023004976,0.171,0.179,1,"RNF5","GSE214411","Myeloid",TRUE
0.455883523221889,1.11740264441432,0.023,0.029,1,"LMO7","GSE214411","Myeloid",TRUE
0.456267075183333,0.120250664073121,0.331,0.308,1,"MTHFD2","GSE214411","Myeloid",TRUE
0.456692032283718,-0.230535363095067,0.025,0.02,1,"NEURL1","GSE214411","Myeloid",TRUE
0.45673262751119,-0.157316368423383,0.265,0.269,1,"NME1","GSE214411","Myeloid",TRUE
0.456741699037846,-0.0900453779798172,0.044,0.037,1,"PLEK2","GSE214411","Myeloid",TRUE
0.457197025551796,0.294278876634967,0.081,0.071,1,"ARSB","GSE214411","Myeloid",TRUE
0.457304053837635,1.10121076187417,0.022,0.028,1,"ANKRD16","GSE214411","Myeloid",TRUE
0.457324465571411,-0.0869391113907545,0.034,0.04,1,"ZNF548","GSE214411","Myeloid",TRUE
0.457402978839449,0.113431293705185,0.041,0.048,1,"ZNF84","GSE214411","Myeloid",TRUE
0.457429906202812,0.300288945160439,0.161,0.148,1,"SPATA13","GSE214411","Myeloid",TRUE
0.457650071869203,-0.834385170562323,0.021,0.025,1,"PIAS3","GSE214411","Myeloid",TRUE
0.45770511037028,0.17481003988596,0.208,0.189,1,"CMC1","GSE214411","Myeloid",TRUE
0.457772874112111,-0.30162138306849,0.093,0.101,1,"KAT5","GSE214411","Myeloid",TRUE
0.458256657080198,-0.33656788731936,0.096,0.105,1,"PMPCA","GSE214411","Myeloid",TRUE
0.458260320311979,0.203306618727805,0.025,0.02,1,"ROBO3","GSE214411","Myeloid",TRUE
0.458302627134868,0.207755852484141,0.134,0.12,1,"PANK3","GSE214411","Myeloid",TRUE
0.4585187619548,-0.23710944721896,0.1,0.107,1,"ATP2B4","GSE214411","Myeloid",TRUE
0.458783753464835,-0.388267150567321,0.025,0.02,1,"CAB39L","GSE214411","Myeloid",TRUE
0.458815424110667,0.343130583290997,0.022,0.017,1,"TMEM54","GSE214411","Myeloid",TRUE
0.458915797073803,0.687142685002969,0.049,0.042,1,"DHRS1","GSE214411","Myeloid",TRUE
0.458940122278834,0.287486112639427,0.075,0.066,1,"CEP83","GSE214411","Myeloid",TRUE
0.459080050896703,0.141447881809007,0.077,0.086,1,"RRP1","GSE214411","Myeloid",TRUE
0.459152201945985,-0.668547821498274,0.048,0.054,1,"PARP6","GSE214411","Myeloid",TRUE
0.459155597592608,0.0682567685980164,0.206,0.216,1,"EIF4EBP2","GSE214411","Myeloid",TRUE
0.459271656121045,0.156190691222279,0.188,0.195,1,"SS18L2","GSE214411","Myeloid",TRUE
0.459286878127879,-0.130460965693202,0.13,0.138,1,"TOLLIP","GSE214411","Myeloid",TRUE
0.459925408610847,0.477641696849994,0.042,0.036,1,"CTNNAL1","GSE214411","Myeloid",TRUE
0.460034248059932,0.0997393256005092,0.051,0.058,1,"ZCCHC24","GSE214411","Myeloid",TRUE
0.460150348993536,-0.16093998958898,0.04,0.034,1,"VAV2","GSE214411","Myeloid",TRUE
0.460323000464446,-1.39569256777884,0.022,0.028,1,"ASB3","GSE214411","Myeloid",TRUE
0.460485170093248,0.100253089062008,0.412,0.414,1,"ARGLU1","GSE214411","Myeloid",TRUE
0.46059888723684,-0.201640632943111,0.061,0.069,1,"SMPD4","GSE214411","Myeloid",TRUE
0.460762919444048,0.125445208451619,0.205,0.183,1,"RSU1","GSE214411","Myeloid",TRUE
0.460816470584076,0.858557728115398,0.037,0.031,1,"AKT3","GSE214411","Myeloid",TRUE
0.460849112240869,0.068217286973304,0.084,0.092,1,"GMEB1","GSE214411","Myeloid",TRUE
0.461177380377555,0.112217186790135,0.2,0.208,1,"DENND3","GSE214411","Myeloid",TRUE
0.461209563440063,0.140257400129926,0.558,0.601,1,"PDIA3","GSE214411","Myeloid",TRUE
0.461335893010971,-0.858941164562185,0.034,0.04,1,"HIRA","GSE214411","Myeloid",TRUE
0.461618498348031,-0.218190309242462,0.196,0.202,1,"BTBD7","GSE214411","Myeloid",TRUE
0.461869484606471,-0.942624440688757,0.04,0.046,1,"EFCAB2","GSE214411","Myeloid",TRUE
0.462042908547739,-0.761661723291035,0.031,0.037,1,"AC147651.4","GSE214411","Myeloid",TRUE
0.462256532956639,0.0629791117153754,0.261,0.236,1,"EIF4G3","GSE214411","Myeloid",TRUE
0.462422926361026,-0.535047938155447,0.084,0.091,1,"USP5","GSE214411","Myeloid",TRUE
0.462720832381819,0.217111911870546,0.294,0.262,1,"ACP1","GSE214411","Myeloid",TRUE
0.46305377786613,0.993077808457975,0.171,0.162,1,"HCAR3","GSE214411","Myeloid",TRUE
0.463054564910328,0.268852688354952,0.022,0.026,1,"ZNF296","GSE214411","Myeloid",TRUE
0.463079155184699,0.19962344918067,0.051,0.043,1,"FLT3","GSE214411","Myeloid",TRUE
0.463094289406428,0.632593335177919,0.081,0.071,1,"EPC2","GSE214411","Myeloid",TRUE
0.46344149555562,-0.137847416263223,0.097,0.105,1,"SPATS2","GSE214411","Myeloid",TRUE
0.463952261744303,-0.264201161656252,0.199,0.203,1,"CEBPZ","GSE214411","Myeloid",TRUE
0.463990313260122,0.359570593883116,0.257,0.237,1,"HPRT1","GSE214411","Myeloid",TRUE
0.464056288420075,-0.407733910585621,0.121,0.129,1,"VRK3","GSE214411","Myeloid",TRUE
0.464077232327001,-1.0397616552969,0.019,0.023,1,"POLR2J2","GSE214411","Myeloid",TRUE
0.464222230038023,-0.720315733583581,0.082,0.088,1,"TIMM23","GSE214411","Myeloid",TRUE
0.464466820290181,-0.100516169210076,0.17,0.174,1,"PHYKPL","GSE214411","Myeloid",TRUE
0.464926683403843,0.280225714491276,0.094,0.083,1,"SMCR8","GSE214411","Myeloid",TRUE
0.465065701810859,0.012696353284221,0.193,0.2,1,"MFSD10","GSE214411","Myeloid",TRUE
0.465154812896951,0.0080785503259424,0.187,0.193,1,"PRPF38A","GSE214411","Myeloid",TRUE
0.465174306624701,-0.599246715138354,0.032,0.038,1,"NCAPG2","GSE214411","Myeloid",TRUE
0.465312354230656,-0.478449257173695,0.055,0.061,1,"MTM1","GSE214411","Myeloid",TRUE
0.465844015140128,-0.126441447898177,0.359,0.36,1,"BRD4","GSE214411","Myeloid",TRUE
0.465897306578139,-0.266756516933206,0.066,0.073,1,"MOV10","GSE214411","Myeloid",TRUE
0.465956949882285,0.0877313181636623,0.316,0.333,1,"GNS","GSE214411","Myeloid",TRUE
0.466006508322173,-0.0890910417630222,0.075,0.083,1,"RABGGTA","GSE214411","Myeloid",TRUE
0.466087454782817,2.20007383002813,0.012,0.008,1,"SNHG18","GSE214411","Myeloid",TRUE
0.466399782040972,-0.922862124437519,0.018,0.022,1,"CARF","GSE214411","Myeloid",TRUE
0.46653119329632,-0.215536653754056,0.052,0.059,1,"DNAJC11","GSE214411","Myeloid",TRUE
0.466678923154438,0.714029625399011,0.066,0.058,1,"PLCXD1","GSE214411","Myeloid",TRUE
0.466786431198222,0.62088068551154,0.022,0.017,1,"AC074117.10","GSE214411","Myeloid",TRUE
0.466945418937873,0.0326599381401786,0.031,0.036,1,"TDRD7","GSE214411","Myeloid",TRUE
0.467183521175992,0.0408884640836714,0.544,0.558,1,"C19orf43","GSE214411","Myeloid",TRUE
0.467393922354646,0.15845200170734,0.161,0.146,1,"ARID3A","GSE214411","Myeloid",TRUE
0.467657590414585,0.177525067640899,0.447,0.438,1,"EIF5A","GSE214411","Myeloid",TRUE
0.467995737270466,0.462742567060815,0.077,0.069,1,"SNHG9","GSE214411","Myeloid",TRUE
0.468016990814859,-0.0874266531652088,0.018,0.014,1,"CTB-113D17.1","GSE214411","Myeloid",TRUE
0.468032509789978,0.471071780284534,0.111,0.121,1,"YTHDF1","GSE214411","Myeloid",TRUE
0.468390417928226,0.256636698629924,0.152,0.137,1,"MED30","GSE214411","Myeloid",TRUE
0.468639657321221,0.118869919643579,0.084,0.075,1,"CNEP1R1","GSE214411","Myeloid",TRUE
0.468830225583881,0.828138181050921,0.087,0.097,1,"SLC26A2","GSE214411","Myeloid",TRUE
0.468900073719226,0.278074947862983,0.032,0.038,1,"TMIGD3","GSE214411","Myeloid",TRUE
0.469138990486482,-0.12758124946094,0.215,0.224,1,"TIPRL","GSE214411","Myeloid",TRUE
0.469234315658389,0.862471430562353,0.012,0.008,1,"CD247","GSE214411","Myeloid",TRUE
0.469288024048564,-0.641393017202873,0.03,0.035,1,"SGK494","GSE214411","Myeloid",TRUE
0.469674411377491,-1.31559600898743,0.001,0.002,1,"RP3-510D11.2","GSE214411","Myeloid",TRUE
0.469674411377491,-1.64359061246878,0.001,0.002,1,"RP4-635E18.8","GSE214411","Myeloid",TRUE
0.469674411377491,-1.35941319559924,0.001,0.002,1,"CLDN19","GSE214411","Myeloid",TRUE
0.469674411377491,-1.60301191910603,0.001,0.002,1,"TMEM56-RWDD3","GSE214411","Myeloid",TRUE
0.469674411377491,-2.28496916675561,0.001,0.002,1,"RP11-188D8.1","GSE214411","Myeloid",TRUE
0.469674411377491,-1.54018177322411,0.001,0.002,1,"RP11-190A12.8","GSE214411","Myeloid",TRUE
0.469674411377491,-2.2778485987555,0.001,0.002,1,"RP1-15D23.2","GSE214411","Myeloid",TRUE
0.469674411377491,-1.36392811980125,0.001,0.002,1,"PM20D1","GSE214411","Myeloid",TRUE
0.469674411377491,-1.5648433837938,0.001,0.002,1,"RP11-1399P15.1","GSE214411","Myeloid",TRUE
0.469674411377491,-2.18937544356421,0.001,0.002,1,"AC008277.1","GSE214411","Myeloid",TRUE
0.469674411377491,-1.39656674307667,0.001,0.002,1,"RAPGEF4","GSE214411","Myeloid",TRUE
0.469674411377491,-1.31222095440181,0.001,0.002,1,"AC013264.2","GSE214411","Myeloid",TRUE
0.469674411377491,-1.5665843800784,0.001,0.002,1,"ERBB4","GSE214411","Myeloid",TRUE
0.469674411377491,-1.119236613628,0.001,0.002,1,"TUBA4B","GSE214411","Myeloid",TRUE
0.469674411377491,-1.22396922287822,0.001,0.002,1,"COL4A4","GSE214411","Myeloid",TRUE
0.469674411377491,-1.50234286426314,0.001,0.002,1,"DLEC1","GSE214411","Myeloid",TRUE
0.469674411377491,-0.97653160629468,0.001,0.002,1,"ENTPD3","GSE214411","Myeloid",TRUE
0.469674411377491,-0.824824435090083,0.001,0.002,1,"ABI3BP","GSE214411","Myeloid",TRUE
0.469674411377491,-1.16340230316266,0.001,0.002,1,"ESYT3","GSE214411","Myeloid",TRUE
0.469674411377491,-1.30379131048649,0.001,0.002,1,"JAKMIP1","GSE214411","Myeloid",TRUE
0.469674411377491,-2.93065015168205,0.001,0.002,1,"AC021106.1","GSE214411","Myeloid",TRUE
0.469674411377491,-1.11695149730388,0.001,0.002,1,"RP11-700J17.2","GSE214411","Myeloid",TRUE
0.469674411377491,-1.28814498485597,0.001,0.002,1,"RP11-692D12.1","GSE214411","Myeloid",TRUE
0.469674411377491,-1.82489398061246,0.001,0.002,1,"RP11-326I11.4","GSE214411","Myeloid",TRUE
0.469674411377491,-0.910190431517764,0.001,0.002,1,"PDLIM3","GSE214411","Myeloid",TRUE
0.469674411377491,-1.37821084506456,0.001,0.002,1,"IL31RA","GSE214411","Myeloid",TRUE
0.469674411377491,-1.41296956477276,0.001,0.002,1,"LRRC70","GSE214411","Myeloid",TRUE
0.469674411377491,-1.16357178686306,0.001,0.002,1,"SV2C","GSE214411","Myeloid",TRUE
0.469674411377491,-1.4641101763842,0.001,0.002,1,"CTD-2007H13.3","GSE214411","Myeloid",TRUE
0.469674411377491,-1.58014917198413,0.001,0.002,1,"SLC23A1","GSE214411","Myeloid",TRUE
0.469674411377491,-3.20651251361092,0.001,0.002,1,"MZB1","GSE214411","Myeloid",TRUE
0.469674411377491,-1.09959834721046,0.001,0.002,1,"PCDHB16","GSE214411","Myeloid",TRUE
0.469674411377491,-1.22599015274769,0.001,0.002,1,"PCDHB14","GSE214411","Myeloid",TRUE
0.469674411377491,-1.38856672191199,0.001,0.002,1,"RP11-457M11.5","GSE214411","Myeloid",TRUE
0.469674411377491,-1.06442881006492,0.001,0.002,1,"PACSIN1","GSE214411","Myeloid",TRUE
0.469674411377491,-1.59781121912854,0.001,0.002,1,"DAAM2","GSE214411","Myeloid",TRUE
0.469674411377491,-1.4763961573951,0.001,0.002,1,"CLIC5","GSE214411","Myeloid",TRUE
0.469674411377491,-1.34201716417923,0.001,0.002,1,"RP11-505P4.6","GSE214411","Myeloid",TRUE
0.469674411377491,-0.935750270430281,0.001,0.002,1,"RNF217-AS1","GSE214411","Myeloid",TRUE
0.469674411377491,-3.99200519664968,0.001,0.002,1,"RSPO3","GSE214411","Myeloid",TRUE
0.469674411377491,-2.56859627358533,0.001,0.002,1,"RP3-406A7.7","GSE214411","Myeloid",TRUE
0.469674411377491,-1.78867419226138,0.001,0.002,1,"GVQW2","GSE214411","Myeloid",TRUE
0.469674411377491,-2.24154437150612,0.001,0.002,1,"RGS17","GSE214411","Myeloid",TRUE
0.469674411377491,-1.60195851644896,0.001,0.002,1,"ELFN1-AS1","GSE214411","Myeloid",TRUE
0.469674411377491,-0.999874578520073,0.001,0.002,1,"AC002454.1","GSE214411","Myeloid",TRUE
0.469674411377491,-1.19400565724241,0.001,0.002,1,"TAS2R4","GSE214411","Myeloid",TRUE
0.469674411377491,-1.10283263985217,0.001,0.002,1,"ASIC3","GSE214411","Myeloid",TRUE
0.469674411377491,-1.72538054531966,0.001,0.002,1,"PTCHD1","GSE214411","Myeloid",TRUE
0.469674411377491,-3.09751463093787,0.001,0.002,1,"RP1-315G1.3","GSE214411","Myeloid",TRUE
0.469674411377491,-0.947447626591083,0.001,0.002,1,"CTD-2336O2.3","GSE214411","Myeloid",TRUE
0.469674411377491,-1.30427099417334,0.001,0.002,1,"AF131216.1","GSE214411","Myeloid",TRUE
0.469674411377491,-2.59565344852443,0.001,0.002,1,"LRRC56","GSE214411","Myeloid",TRUE
0.469674411377491,-1.22402231484081,0.001,0.002,1,"RAG1","GSE214411","Myeloid",TRUE
0.469674411377491,-1.37818973969567,0.001,0.002,1,"TMEM133","GSE214411","Myeloid",TRUE
0.469674411377491,-1.03686472417311,0.001,0.002,1,"ARMC4","GSE214411","Myeloid",TRUE
0.469674411377491,-3.21153754855528,0.001,0.002,1,"TEAD4","GSE214411","Myeloid",TRUE
0.469674411377491,-0.903412816165361,0.001,0.002,1,"RP11-370I10.12","GSE214411","Myeloid",TRUE
0.469674411377491,-3.88991173769684,0.001,0.002,1,"MYO1A","GSE214411","Myeloid",TRUE
0.469674411377491,-3.19316200901808,0.001,0.002,1,"KIF5A","GSE214411","Myeloid",TRUE
0.469674411377491,-1.14504473413247,0.001,0.002,1,"B4GALNT1","GSE214411","Myeloid",TRUE
0.469674411377491,-1.32374933737269,0.001,0.002,1,"DNAH10","GSE214411","Myeloid",TRUE
0.469674411377491,-3.14163497808614,0.001,0.002,1,"LINC00426","GSE214411","Myeloid",TRUE
0.469674411377491,-1.97961484467872,0.001,0.002,1,"CTD-2213F21.2","GSE214411","Myeloid",TRUE
0.469674411377491,-0.753814132760491,0.001,0.002,1,"AC005477.1","GSE214411","Myeloid",TRUE
0.469674411377491,-3.52283040513121,0.001,0.002,1,"RP11-109N23.4","GSE214411","Myeloid",TRUE
0.469674411377491,-1.37462988870386,0.001,0.002,1,"GSC","GSE214411","Myeloid",TRUE
0.469674411377491,-2.52417232952577,0.001,0.002,1,"BCL11B","GSE214411","Myeloid",TRUE
0.469674411377491,-0.949065219043815,0.001,0.002,1,"LINC00638","GSE214411","Myeloid",TRUE
0.469674411377491,-2.70472135496597,0.001,0.002,1,"SEMA6D","GSE214411","Myeloid",TRUE
0.469674411377491,-1.26096340689319,0.001,0.002,1,"RP11-295H24.4","GSE214411","Myeloid",TRUE
0.469674411377491,-2.23992500100848,0.001,0.002,1,"CTD-3110H11.1","GSE214411","Myeloid",TRUE
0.469674411377491,-1.21038898669978,0.001,0.002,1,"SCG3","GSE214411","Myeloid",TRUE
0.469674411377491,-1.5421756205267,0.001,0.002,1,"RP11-60L3.1","GSE214411","Myeloid",TRUE
0.469674411377491,-0.807479976798657,0.001,0.002,1,"LA16c-380H5.6","GSE214411","Myeloid",TRUE
0.469674411377491,-1.09395661664128,0.001,0.002,1,"RP11-72I8.1","GSE214411","Myeloid",TRUE
0.469674411377491,-1.39697296840511,0.001,0.002,1,"RP11-264B17.2","GSE214411","Myeloid",TRUE
0.469674411377491,-1.11197995309615,0.001,0.002,1,"RP11-297C4.3","GSE214411","Myeloid",TRUE
0.469674411377491,-1.77489074140882,0.001,0.002,1,"RP11-1072A3.4","GSE214411","Myeloid",TRUE
0.469674411377491,-1.29924245004149,0.001,0.002,1,"RP11-46D6.1","GSE214411","Myeloid",TRUE
0.469674411377491,-2.6148025813447,0.001,0.002,1,"DYNLRB2","GSE214411","Myeloid",TRUE
0.469674411377491,-1.21874966081471,0.001,0.002,1,"SLC52A1","GSE214411","Myeloid",TRUE
0.469674411377491,-1.44842489926557,0.001,0.002,1,"VTN","GSE214411","Myeloid",TRUE
0.469674411377491,-1.01888142665146,0.001,0.002,1,"AC015849.19","GSE214411","Myeloid",TRUE
0.469674411377491,-3.62875299344487,0.001,0.002,1,"RP11-358B23.5","GSE214411","Myeloid",TRUE
0.469674411377491,-1.29367091993506,0.001,0.002,1,"FAM171A2","GSE214411","Myeloid",TRUE
0.469674411377491,-3.0662717760121,0.001,0.002,1,"CTD-2047H16.5","GSE214411","Myeloid",TRUE
0.469674411377491,-3.4575890853942,0.001,0.002,1,"OXT","GSE214411","Myeloid",TRUE
0.469674411377491,-1.42066533694325,0.001,0.002,1,"CTD-2653D5.1","GSE214411","Myeloid",TRUE
0.469674411377491,-1.73720487188983,0.001,0.002,1,"ZNF709","GSE214411","Myeloid",TRUE
0.469674411377491,-1.32590103089684,0.001,0.002,1,"CTD-3222D19.12","GSE214411","Myeloid",TRUE
0.469674411377491,-3.66910954534666,0.001,0.002,1,"ZNF536","GSE214411","Myeloid",TRUE
0.469674411377491,-1.28585557225913,0.001,0.002,1,"SYNE4","GSE214411","Myeloid",TRUE
0.469674411377491,-1.04827359983777,0.001,0.002,1,"CTB-129P6.4","GSE214411","Myeloid",TRUE
0.469674411377491,-1.1347667874496,0.001,0.002,1,"FAM71E1","GSE214411","Myeloid",TRUE
0.469674411377491,-1.81320492544685,0.001,0.002,1,"AC006547.15","GSE214411","Myeloid",TRUE
0.469674411377491,-1.42773882045792,0.001,0.002,1,"CTA-390C10.9","GSE214411","Myeloid",TRUE
0.469674411377491,-1.02727988524108,0.001,0.002,1,"EFCAB6","GSE214411","Myeloid",TRUE
0.469674411377491,-1.52391220989099,0.001,0.002,1,"RP6-109B7.4","GSE214411","Myeloid",TRUE
0.469674411377491,-1.26193829812563,0.001,0.002,1,"CH507-9B2.8","GSE214411","Myeloid",TRUE
0.469674411377491,-0.942138982895194,0.001,0.002,1,"RP4-680D5.9","GSE214411","Myeloid",TRUE
0.469674411377491,-3.5512033568624,0.001,0.002,1,"RP11-398A8.5","GSE214411","Myeloid",TRUE
0.469674411377491,-1.95593681585905,0.001,0.002,1,"C10orf105","GSE214411","Myeloid",TRUE
0.469674411377491,-1.02841111464175,0.001,0.002,1,"DOCK4-AS1","GSE214411","Myeloid",TRUE
0.469773499211778,0.0529470825295211,0.177,0.185,1,"PRDM2","GSE214411","Myeloid",TRUE
0.469792404439965,0.471916836924421,0.1,0.09,1,"MIR3945HG","GSE214411","Myeloid",TRUE
0.470081702602909,-0.284881156681471,0.149,0.159,1,"DOCK4","GSE214411","Myeloid",TRUE
0.470367122178708,-0.88831740284488,0.001,0.002,1,"C1orf210","GSE214411","Myeloid",TRUE
0.470367122178708,-1.68635990755172,0.001,0.002,1,"LINC01140","GSE214411","Myeloid",TRUE
0.470367122178708,-1.39026801337793,0.001,0.002,1,"RTCA-AS1","GSE214411","Myeloid",TRUE
0.470367122178708,-0.80673903002452,0.001,0.002,1,"RP11-289H16.1","GSE214411","Myeloid",TRUE
0.470367122178708,-0.866550094467263,0.001,0.002,1,"OCLM","GSE214411","Myeloid",TRUE
0.470367122178708,-0.960875637918038,0.001,0.002,1,"LINC00299","GSE214411","Myeloid",TRUE
0.470367122178708,-1.14935465993384,0.001,0.002,1,"RP11-440D17.3","GSE214411","Myeloid",TRUE
0.470367122178708,-3.15055745760589,0.001,0.002,1,"AC012360.4","GSE214411","Myeloid",TRUE
0.470367122178708,-0.836653185355619,0.001,0.002,1,"CHRNA1","GSE214411","Myeloid",TRUE
0.470367122178708,-1.26815693868786,0.001,0.002,1,"RP11-266J6.2","GSE214411","Myeloid",TRUE
0.470367122178708,-0.660763669695298,0.001,0.002,1,"PRRT3-AS1","GSE214411","Myeloid",TRUE
0.470367122178708,-0.538429523093344,0.001,0.002,1,"ERICH6-AS1","GSE214411","Myeloid",TRUE
0.470367122178708,-0.736428504143808,0.001,0.002,1,"CXCL13","GSE214411","Myeloid",TRUE
0.470367122178708,-0.685010826234372,0.001,0.002,1,"WDFY3-AS1","GSE214411","Myeloid",TRUE
0.470367122178708,-0.876319570818801,0.001,0.002,1,"RP11-6E9.4","GSE214411","Myeloid",TRUE
0.470367122178708,-2.4555301840655,0.001,0.002,1,"RP11-10K16.1","GSE214411","Myeloid",TRUE
0.470367122178708,-0.757993325700077,0.001,0.002,1,"AHRR","GSE214411","Myeloid",TRUE
0.470367122178708,-2.32989634487228,0.001,0.002,1,"LINC01513","GSE214411","Myeloid",TRUE
0.470367122178708,-0.925010521652435,0.001,0.002,1,"PCDHGB7","GSE214411","Myeloid",TRUE
0.470367122178708,-1.08816083124778,0.001,0.002,1,"SPINK1","GSE214411","Myeloid",TRUE
0.470367122178708,-0.719517306975462,0.001,0.002,1,"ZBTB9","GSE214411","Myeloid",TRUE
0.470367122178708,-0.902276333188917,0.001,0.002,1,"ARMC12","GSE214411","Myeloid",TRUE
0.470367122178708,-2.77860337568442,0.001,0.002,1,"SLC26A8","GSE214411","Myeloid",TRUE
0.470367122178708,-0.897729601022046,0.001,0.002,1,"RP11-2E11.6","GSE214411","Myeloid",TRUE
0.470367122178708,-1.22175273470527,0.001,0.002,1,"TMEM27","GSE214411","Myeloid",TRUE
0.470367122178708,-0.805751863156195,0.001,0.002,1,"RP13-314C10.5","GSE214411","Myeloid",TRUE
0.470367122178708,-0.73270480916712,0.001,0.002,1,"SHROOM4","GSE214411","Myeloid",TRUE
0.470367122178708,-0.761261792063239,0.001,0.002,1,"SCARA5","GSE214411","Myeloid",TRUE
0.470367122178708,-3.36556703614555,0.001,0.002,1,"TRPM3","GSE214411","Myeloid",TRUE
0.470367122178708,-0.868517152498065,0.001,0.002,1,"AKAP2","GSE214411","Myeloid",TRUE
0.470367122178708,-0.95906703512979,0.001,0.002,1,"LHX6","GSE214411","Myeloid",TRUE
0.470367122178708,-0.844105416990947,0.001,0.002,1,"RP11-492E3.51","GSE214411","Myeloid",TRUE
0.470367122178708,-1.04172405599455,0.001,0.002,1,"AP000442.1","GSE214411","Myeloid",TRUE
0.470367122178708,-0.742732206543046,0.001,0.002,1,"TACR2","GSE214411","Myeloid",TRUE
0.470367122178708,-0.746523405621707,0.001,0.002,1,"RP11-705C15.4","GSE214411","Myeloid",TRUE
0.470367122178708,-1.04866070488933,0.001,0.002,1,"RP11-180M15.6","GSE214411","Myeloid",TRUE
0.470367122178708,-0.76463543247095,0.001,0.002,1,"RP11-630C16.2","GSE214411","Myeloid",TRUE
0.470367122178708,-1.38413645953962,0.001,0.002,1,"DPY19L2","GSE214411","Myeloid",TRUE
0.470367122178708,-3.30732525234678,0.001,0.002,1,"NAV3","GSE214411","Myeloid",TRUE
0.470367122178708,-0.981950813490529,0.001,0.002,1,"FRY-AS1","GSE214411","Myeloid",TRUE
0.470367122178708,-0.623543529009382,0.001,0.002,1,"RP11-245D16.4","GSE214411","Myeloid",TRUE
0.470367122178708,-0.50295627462968,0.001,0.002,1,"LRFN5","GSE214411","Myeloid",TRUE
0.470367122178708,-0.783297039881431,0.001,0.002,1,"KCNK10","GSE214411","Myeloid",TRUE
0.470367122178708,-1.48010881527488,0.001,0.002,1,"RP11-680F8.3","GSE214411","Myeloid",TRUE
0.470367122178708,-0.996110175442951,0.001,0.002,1,"LTK","GSE214411","Myeloid",TRUE
0.470367122178708,-2.64299969714608,0.001,0.002,1,"PRTG","GSE214411","Myeloid",TRUE
0.470367122178708,-0.78458458729239,0.001,0.002,1,"AC100830.5","GSE214411","Myeloid",TRUE
0.470367122178708,-1.00378373683579,0.001,0.002,1,"AC009065.4","GSE214411","Myeloid",TRUE
0.470367122178708,-2.66069638420278,0.001,0.002,1,"RP11-715J22.2","GSE214411","Myeloid",TRUE
0.470367122178708,-0.883080069623791,0.001,0.002,1,"CTD-2288F12.1","GSE214411","Myeloid",TRUE
0.470367122178708,-0.719689957966635,0.001,0.002,1,"TMC5","GSE214411","Myeloid",TRUE
0.470367122178708,-1.20858225848353,0.001,0.002,1,"STX1B","GSE214411","Myeloid",TRUE
0.470367122178708,-0.745653041103479,0.001,0.002,1,"MAFTRR","GSE214411","Myeloid",TRUE
0.470367122178708,-0.727725539907585,0.001,0.002,1,"RP5-1050D4.3","GSE214411","Myeloid",TRUE
0.470367122178708,-3.12970695935153,0.001,0.002,1,"LLGL1","GSE214411","Myeloid",TRUE
0.470367122178708,-2.48699766625221,0.001,0.002,1,"TTC25","GSE214411","Myeloid",TRUE
0.470367122178708,-1.66595053742015,0.001,0.002,1,"RP11-927P21.1","GSE214411","Myeloid",TRUE
0.470367122178708,-0.834026877949549,0.001,0.002,1,"DNAI2","GSE214411","Myeloid",TRUE
0.470367122178708,-2.01175361206449,0.001,0.002,1,"RP11-78A19.3","GSE214411","Myeloid",TRUE
0.470367122178708,-0.810992125516533,0.001,0.002,1,"AL049794.1","GSE214411","Myeloid",TRUE
0.470367122178708,-1.18957380233847,0.001,0.002,1,"SYNDIG1","GSE214411","Myeloid",TRUE
0.470367122178708,-0.50248020109821,0.001,0.002,1,"FGF22","GSE214411","Myeloid",TRUE
0.470367122178708,-1.06608225019156,0.001,0.002,1,"MISP","GSE214411","Myeloid",TRUE
0.470367122178708,-0.891401794929847,0.001,0.002,1,"APC2","GSE214411","Myeloid",TRUE
0.470367122178708,-0.641643365783693,0.001,0.002,1,"JSRP1","GSE214411","Myeloid",TRUE
0.470367122178708,-0.852480381402401,0.001,0.002,1,"CTD-2521M24.5","GSE214411","Myeloid",TRUE
0.470367122178708,-0.70452355585217,0.001,0.002,1,"CTC-459F4.1","GSE214411","Myeloid",TRUE
0.470367122178708,-1.36266485527579,0.001,0.002,1,"PLEKHF1","GSE214411","Myeloid",TRUE
0.470367122178708,-1.15458572307089,0.001,0.002,1,"FXYD7","GSE214411","Myeloid",TRUE
0.470367122178708,-0.679534847398491,0.001,0.002,1,"CTC-301O7.4","GSE214411","Myeloid",TRUE
0.470367122178708,-0.943180907447626,0.001,0.002,1,"AC006946.15","GSE214411","Myeloid",TRUE
0.470367122178708,-0.873844526940625,0.001,0.002,1,"AC000068.9","GSE214411","Myeloid",TRUE
0.470367122178708,-0.69730221105609,0.001,0.002,1,"RSPH14","GSE214411","Myeloid",TRUE
0.470367122178708,-0.879384532440447,0.001,0.002,1,"SHANK3","GSE214411","Myeloid",TRUE
0.470367122178708,-1.03221555514353,0.001,0.002,1,"HSF2BP","GSE214411","Myeloid",TRUE
0.470367122178708,-0.981660164260309,0.001,0.002,1,"AC010082.2","GSE214411","Myeloid",TRUE
0.470367122178708,-0.94987441378098,0.001,0.002,1,"AC104024.1","GSE214411","Myeloid",TRUE
0.470367122178708,-0.885782261826135,0.001,0.002,1,"RP11-156K13.3","GSE214411","Myeloid",TRUE
0.470812141684046,1.7708341755302,0.012,0.008,1,"AC093495.4","GSE214411","Myeloid",TRUE
0.471000002548706,0.048273634280144,0.109,0.097,1,"YKT6","GSE214411","Myeloid",TRUE
0.471060396801521,-0.277978199896324,0.001,0.002,1,"SLC45A1","GSE214411","Myeloid",TRUE
0.471060396801521,-0.690519015091192,0.001,0.002,1,"KDF1","GSE214411","Myeloid",TRUE
0.471060396801521,-0.410732190509685,0.001,0.002,1,"PODN","GSE214411","Myeloid",TRUE
0.471060396801521,0.163923927902108,0.001,0.002,1,"RGS4","GSE214411","Myeloid",TRUE
0.471060396801521,-0.564871196591815,0.001,0.002,1,"RP11-466F5.8","GSE214411","Myeloid",TRUE
0.471060396801521,0.63204087712818,0.001,0.002,1,"RP1-79C4.4","GSE214411","Myeloid",TRUE
0.471060396801521,-0.324549855103973,0.001,0.002,1,"TMEM178A","GSE214411","Myeloid",TRUE
0.471060396801521,-0.521152494640027,0.001,0.002,1,"AC007743.1","GSE214411","Myeloid",TRUE
0.471060396801521,-0.368177562443773,0.001,0.002,1,"ADD2","GSE214411","Myeloid",TRUE
0.471060396801521,-0.142545429902878,0.001,0.002,1,"IL1RL1","GSE214411","Myeloid",TRUE
0.471060396801521,-0.0515664283695125,0.001,0.002,1,"RP11-394I13.2","GSE214411","Myeloid",TRUE
0.471060396801521,-0.378928031304868,0.001,0.002,1,"RP11-647K16.1","GSE214411","Myeloid",TRUE
0.471060396801521,-0.441858409458364,0.001,0.002,1,"SPEG","GSE214411","Myeloid",TRUE
0.471060396801521,1.95146203572487,0.001,0.002,1,"SLC51A","GSE214411","Myeloid",TRUE
0.471060396801521,-0.453249672546281,0.001,0.002,1,"CNGA1","GSE214411","Myeloid",TRUE
0.471060396801521,-0.61124060938946,0.001,0.002,1,"DDIT4L","GSE214411","Myeloid",TRUE
0.471060396801521,-0.614659579161929,0.001,0.002,1,"FAM218A","GSE214411","Myeloid",TRUE
0.471060396801521,2.89440793509355,0.001,0.002,1,"PROB1","GSE214411","Myeloid",TRUE
0.471060396801521,-0.261207026462114,0.001,0.002,1,"PCDHB4","GSE214411","Myeloid",TRUE
0.471060396801521,-0.375793692682958,0.001,0.002,1,"ZBTB12","GSE214411","Myeloid",TRUE
0.471060396801521,0.517929552930429,0.001,0.002,1,"RP3-486I3.7","GSE214411","Myeloid",TRUE
0.471060396801521,-0.49022587930653,0.001,0.002,1,"RSPH4A","GSE214411","Myeloid",TRUE
0.471060396801521,1.18378295970989,0.001,0.002,1,"SRRM3","GSE214411","Myeloid",TRUE
0.471060396801521,-0.308831768939053,0.001,0.002,1,"SSPO","GSE214411","Myeloid",TRUE
0.471060396801521,1.27337025986165,0.001,0.002,1,"AC008060.7","GSE214411","Myeloid",TRUE
0.471060396801521,0.292029524230412,0.001,0.002,1,"RP11-431N15.2","GSE214411","Myeloid",TRUE
0.471060396801521,0.266848572206584,0.001,0.002,1,"AKAP14","GSE214411","Myeloid",TRUE
0.471060396801521,0.749800868297775,0.001,0.002,1,"SLC26A7","GSE214411","Myeloid",TRUE
0.471060396801521,-0.542783124592659,0.001,0.002,1,"RP11-532M24.1","GSE214411","Myeloid",TRUE
0.471060396801521,-0.311001598034272,0.001,0.002,1,"IGHEP2","GSE214411","Myeloid",TRUE
0.471060396801521,0.123407214725637,0.001,0.002,1,"TMEM246","GSE214411","Myeloid",TRUE
0.471060396801521,2.24308907521774,0.001,0.002,1,"PALM2","GSE214411","Myeloid",TRUE
0.471060396801521,1.97817449328354,0.001,0.002,1,"SPTBN2","GSE214411","Myeloid",TRUE
0.471060396801521,-0.0479633337990908,0.001,0.002,1,"FAM181B","GSE214411","Myeloid",TRUE
0.471060396801521,-0.383241741107757,0.001,0.002,1,"DLG2","GSE214411","Myeloid",TRUE
0.471060396801521,-0.548861449622368,0.001,0.002,1,"PHYHIPL","GSE214411","Myeloid",TRUE
0.471060396801521,-0.455191262371514,0.001,0.002,1,"SYNPO2L","GSE214411","Myeloid",TRUE
0.471060396801521,1.04246696430607,0.001,0.002,1,"NRIP2","GSE214411","Myeloid",TRUE
0.471060396801521,0.104994375854066,0.001,0.002,1,"CLEC6A","GSE214411","Myeloid",TRUE
0.471060396801521,-0.571991469724631,0.001,0.002,1,"HMGA2","GSE214411","Myeloid",TRUE
0.471060396801521,1.36175506078803,0.001,0.002,1,"KCNC2","GSE214411","Myeloid",TRUE
0.471060396801521,0.699053892016784,0.001,0.002,1,"HCAR1","GSE214411","Myeloid",TRUE
0.471060396801521,-0.0807482716466543,0.001,0.002,1,"RP11-46H11.3","GSE214411","Myeloid",TRUE
0.471060396801521,0.224703808172091,0.001,0.002,1,"FAM216B","GSE214411","Myeloid",TRUE
0.471060396801521,-0.748413337609387,0.001,0.002,1,"TSC22D1-AS1","GSE214411","Myeloid",TRUE
0.471060396801521,-0.355965647058892,0.001,0.002,1,"RP11-54H7.4","GSE214411","Myeloid",TRUE
0.471060396801521,2.61194324158723,0.001,0.002,1,"SALL2","GSE214411","Myeloid",TRUE
0.471060396801521,-0.366959811007375,0.001,0.002,1,"MIPOL1","GSE214411","Myeloid",TRUE
0.471060396801521,-0.490433210397068,0.001,0.002,1,"TOMM20L","GSE214411","Myeloid",TRUE
0.471060396801521,-0.369640195717056,0.001,0.002,1,"RP5-1021I20.1","GSE214411","Myeloid",TRUE
0.471060396801521,-0.146207695384119,0.001,0.002,1,"AK7","GSE214411","Myeloid",TRUE
0.471060396801521,-0.493037685721076,0.001,0.002,1,"CYP46A1","GSE214411","Myeloid",TRUE
0.471060396801521,1.68110494725625,0.001,0.002,1,"BEGAIN","GSE214411","Myeloid",TRUE
0.471060396801521,1.48443830159938,0.001,0.002,1,"RGS11","GSE214411","Myeloid",TRUE
0.471060396801521,0.619125042896352,0.001,0.002,1,"CHST6","GSE214411","Myeloid",TRUE
0.471060396801521,1.84092560606865,0.001,0.002,1,"CPNE7","GSE214411","Myeloid",TRUE
0.471060396801521,0.923952286173207,0.001,0.002,1,"EFNB3","GSE214411","Myeloid",TRUE
0.471060396801521,-0.399122347992702,0.001,0.002,1,"CTD-2020K17.4","GSE214411","Myeloid",TRUE
0.471060396801521,0.576689111231484,0.001,0.002,1,"LAMA1","GSE214411","Myeloid",TRUE
0.471060396801521,0.967777806675958,0.001,0.002,1,"SNHG22","GSE214411","Myeloid",TRUE
0.471060396801521,-0.468702198561695,0.001,0.002,1,"RP11-706P11.2","GSE214411","Myeloid",TRUE
0.471060396801521,0.331800272057815,0.001,0.002,1,"SERPINB3","GSE214411","Myeloid",TRUE
0.471060396801521,0.976853194734284,0.001,0.002,1,"FERMT1","GSE214411","Myeloid",TRUE
0.471060396801521,1.11100819862177,0.001,0.002,1,"SLC13A3","GSE214411","Myeloid",TRUE
0.471060396801521,0.131638624885768,0.001,0.002,1,"LINC00176","GSE214411","Myeloid",TRUE
0.471060396801521,0.570240826947752,0.001,0.002,1,"MADCAM1","GSE214411","Myeloid",TRUE
0.471060396801521,0.876062044513777,0.001,0.002,1,"AC114271.2","GSE214411","Myeloid",TRUE
0.471060396801521,2.60461321078917,0.001,0.002,1,"USHBP1","GSE214411","Myeloid",TRUE
0.471060396801521,-0.182428884023052,0.001,0.002,1,"AC002398.11","GSE214411","Myeloid",TRUE
0.471060396801521,2.5398246207475,0.001,0.002,1,"NOVA2","GSE214411","Myeloid",TRUE
0.471060396801521,-0.462617227703653,0.001,0.002,1,"PNMAL1","GSE214411","Myeloid",TRUE
0.471060396801521,-0.380945117705549,0.001,0.002,1,"PNMAL2","GSE214411","Myeloid",TRUE
0.471060396801521,2.09805380767488,0.001,0.002,1,"AC006942.4","GSE214411","Myeloid",TRUE
0.471060396801521,-0.294525469492708,0.001,0.002,1,"CTD-2619J13.13","GSE214411","Myeloid",TRUE
0.471060396801521,-0.173602643499089,0.001,0.002,1,"CRYBB2","GSE214411","Myeloid",TRUE
0.471060396801521,0.0294206397641048,0.001,0.002,1,"MOV10L1","GSE214411","Myeloid",TRUE
0.471060396801521,1.72699902788109,0.001,0.002,1,"MAPK8IP2","GSE214411","Myeloid",TRUE
0.471060396801521,0.129887090522267,0.001,0.002,1,"CH507-513H4.3","GSE214411","Myeloid",TRUE
0.471060396801521,-0.463025809689483,0.001,0.002,1,"AP000251.3","GSE214411","Myeloid",TRUE
0.471060396801521,-0.413472445675184,0.001,0.002,1,"GRM7-AS1","GSE214411","Myeloid",TRUE
0.471060396801521,0.763632140573588,0.001,0.002,1,"MUC5B","GSE214411","Myeloid",TRUE
0.471060396801521,-0.537107727720358,0.001,0.002,1,"TXNDC2","GSE214411","Myeloid",TRUE
0.471110640572206,0.196392242224756,0.075,0.083,1,"RP11-792A8.4","GSE214411","Myeloid",TRUE
0.471338733668254,-0.386529610407551,0.012,0.008,1,"CTA-384D8.36","GSE214411","Myeloid",TRUE
0.471697232784272,-0.311463511239476,0.02,0.024,1,"TIAM2","GSE214411","Myeloid",TRUE
0.472396079671088,0.0721918523172735,0.608,0.643,1,"COX6C","GSE214411","Myeloid",TRUE
0.472785596123501,-0.0379157175278739,0.288,0.285,1,"EP300","GSE214411","Myeloid",TRUE
0.472940838683168,0.675256125245899,0.207,0.192,1,"PCGF5","GSE214411","Myeloid",TRUE
0.473075142823268,0.240322435291204,0.032,0.038,1,"ZNF197","GSE214411","Myeloid",TRUE
0.473317984315149,-0.262942076350408,0.127,0.135,1,"TMC8","GSE214411","Myeloid",TRUE
0.473629875316488,0.166530871414198,0.098,0.088,1,"MCOLN2","GSE214411","Myeloid",TRUE
0.473699905601246,0.027558582360744,0.122,0.13,1,"MEPCE","GSE214411","Myeloid",TRUE
0.473737691039783,0.348694177189811,0.228,0.238,1,"CREBBP","GSE214411","Myeloid",TRUE
0.473857358261517,-1.09228353082744,0.019,0.023,1,"PACRGL","GSE214411","Myeloid",TRUE
0.473996874216173,-0.0538856356342259,0.062,0.07,1,"CDCA4","GSE214411","Myeloid",TRUE
0.47411271813496,0.244488093279798,0.198,0.209,1,"TSPYL2","GSE214411","Myeloid",TRUE
0.474166747574924,-0.0615482038929085,0.048,0.054,1,"NAA30","GSE214411","Myeloid",TRUE
0.474277765960867,-0.161297647625778,0.105,0.093,1,"ZSWIM8","GSE214411","Myeloid",TRUE
0.474698128882236,-0.0850129919155602,0.091,0.099,1,"ANAPC10","GSE214411","Myeloid",TRUE
0.474769487291519,1.66531478361595,0.012,0.008,1,"LINC01220","GSE214411","Myeloid",TRUE
0.474993918324053,0.386358502140941,0.034,0.029,1,"ALDH1A2","GSE214411","Myeloid",TRUE
0.475298627236215,0.385787087809506,0.075,0.067,1,"PREP","GSE214411","Myeloid",TRUE
0.475359924946343,0.515006883641315,0.031,0.037,1,"EXOC8","GSE214411","Myeloid",TRUE
0.475442406600772,0.236526358922386,0.021,0.025,1,"RMI2","GSE214411","Myeloid",TRUE
0.475724247301794,-0.938265335912466,0.029,0.034,1,"MVK","GSE214411","Myeloid",TRUE
0.475742951654658,0.0380957498594694,0.144,0.128,1,"AHI1","GSE214411","Myeloid",TRUE
0.475871617522212,0.0281207894919318,0.02,0.024,1,"PRLR","GSE214411","Myeloid",TRUE
0.476054407528643,0.401232827756688,0.105,0.113,1,"KLF9","GSE214411","Myeloid",TRUE
0.476156584953691,1.20971563062912,0.053,0.06,1,"ANKRD42","GSE214411","Myeloid",TRUE
0.476435147629884,1.00276510797901,0.022,0.018,1,"CBX7","GSE214411","Myeloid",TRUE
0.477097048565755,-0.203135587269361,0.114,0.123,1,"NPLOC4","GSE214411","Myeloid",TRUE
0.477415412538468,0.0501968974393467,0.161,0.168,1,"ODC1","GSE214411","Myeloid",TRUE
0.477417830709607,-0.0443951436774732,0.012,0.008,1,"FBXO31","GSE214411","Myeloid",TRUE
0.477599866674161,1.04848178832775,0.157,0.144,1,"HSDL2","GSE214411","Myeloid",TRUE
0.477683108892685,-0.753636226009246,0.012,0.008,1,"IRF6","GSE214411","Myeloid",TRUE
0.477787822520477,1.52040886119955,0.015,0.012,1,"SLC16A5","GSE214411","Myeloid",TRUE
0.477825254177377,0.486574151824983,0.452,0.441,1,"RSRP1","GSE214411","Myeloid",TRUE
0.477915364065966,0.0533791812488937,0.031,0.036,1,"TUBGCP6","GSE214411","Myeloid",TRUE
0.477995991898198,0.441525454497286,0.038,0.032,1,"PFKFB4","GSE214411","Myeloid",TRUE
0.478250974251765,-0.323551049123663,0.095,0.103,1,"ATP5S","GSE214411","Myeloid",TRUE
0.47855409886691,-0.553265137365632,0.038,0.043,1,"CABLES1","GSE214411","Myeloid",TRUE
0.478794719769274,0.372129531531095,0.072,0.079,1,"SIRT6","GSE214411","Myeloid",TRUE
0.478961813668422,0.361841294583447,0.182,0.169,1,"ITGB1BP1","GSE214411","Myeloid",TRUE
0.479083910903446,-0.315548342138799,0.03,0.035,1,"MEN1","GSE214411","Myeloid",TRUE
0.479321857261524,0.29414753352334,0.039,0.044,1,"DYNC2LI1","GSE214411","Myeloid",TRUE
0.479325326446286,-0.965914294100697,0.016,0.02,1,"RP11-517P14.2","GSE214411","Myeloid",TRUE
0.479506193856524,0.489419966252585,0.169,0.179,1,"RCN1","GSE214411","Myeloid",TRUE
0.47961159523598,0.0227104910178078,0.18,0.183,1,"BRMS1","GSE214411","Myeloid",TRUE
0.479728436264875,-0.0332422459293715,0.214,0.221,1,"MPLKIP","GSE214411","Myeloid",TRUE
0.47986201391716,-0.000472919362888291,0.015,0.012,1,"CBWD7","GSE214411","Myeloid",TRUE
0.479926220147907,2.02776555141939,0.023,0.019,1,"HIST1H2BC","GSE214411","Myeloid",TRUE
0.480257780116772,0.516148509842847,0.251,0.235,1,"DNAJB9","GSE214411","Myeloid",TRUE
0.480323611346739,0.062059800777214,0.015,0.012,1,"MBNL1-AS1","GSE214411","Myeloid",TRUE
0.480398502088754,0.904146857986469,0.022,0.018,1,"GPR162","GSE214411","Myeloid",TRUE
0.480431870278694,0.0783084714791134,0.02,0.024,1,"MEST","GSE214411","Myeloid",TRUE
0.480555984187959,-0.528582902576713,0.06,0.067,1,"UBFD1","GSE214411","Myeloid",TRUE
0.481142726258303,0.247774497735441,0.202,0.186,1,"DESI1","GSE214411","Myeloid",TRUE
0.481179936057315,0.101489332668391,0.296,0.274,1,"LACTB","GSE214411","Myeloid",TRUE
0.481394388499381,0.0522429722229685,0.066,0.058,1,"AC009404.2","GSE214411","Myeloid",TRUE
0.481474682869754,0.403825921887975,0.428,0.4,1,"RAB1A","GSE214411","Myeloid",TRUE
0.481506521171161,1.49084943908213,0.027,0.022,1,"DEFB1","GSE214411","Myeloid",TRUE
0.481530940580644,-0.967585487173538,0.063,0.069,1,"TAF1B","GSE214411","Myeloid",TRUE
0.48171299559785,0.388449717415464,0.02,0.024,1,"FBXO46","GSE214411","Myeloid",TRUE
0.48175419480096,0.30286035179082,0.213,0.194,1,"SPTY2D1","GSE214411","Myeloid",TRUE
0.481758567306533,0.513991240034475,0.208,0.189,1,"ATXN7","GSE214411","Myeloid",TRUE
0.482002146969696,0.699702382374981,0.119,0.128,1,"GALC","GSE214411","Myeloid",TRUE
0.482209549881894,0.00116977269196461,0.137,0.125,1,"FAM110A","GSE214411","Myeloid",TRUE
0.482552423407742,0.302064756208582,0.031,0.036,1,"POLA1","GSE214411","Myeloid",TRUE
0.482552565102468,0.625632616525571,0.16,0.148,1,"ANKRD13A","GSE214411","Myeloid",TRUE
0.482635224568566,0.34581785163002,0.015,0.012,1,"KRTCAP3","GSE214411","Myeloid",TRUE
0.482811720700356,0.346561240310152,0.019,0.023,1,"METTL21B","GSE214411","Myeloid",TRUE
0.483099865247886,-0.00825321032192505,0.202,0.182,1,"ATG101","GSE214411","Myeloid",TRUE
0.483235670053614,-0.68328589196571,0.027,0.032,1,"HDX","GSE214411","Myeloid",TRUE
0.483280596451029,0.99054350097587,0.019,0.023,1,"ACE","GSE214411","Myeloid",TRUE
0.483440866580264,0.726050149126457,0.211,0.219,1,"APOL6","GSE214411","Myeloid",TRUE
0.483521062056778,0.186030208485109,0.112,0.121,1,"AQR","GSE214411","Myeloid",TRUE
0.483753040616977,0.215079415124938,0.031,0.036,1,"S100A16","GSE214411","Myeloid",TRUE
0.484025088727729,0.72130543570707,0.015,0.012,1,"MXRA8","GSE214411","Myeloid",TRUE
0.484085415725927,0.6505259514046,0.174,0.158,1,"PPP2CB","GSE214411","Myeloid",TRUE
0.484115227717662,0.113662147503467,0.104,0.094,1,"AKAP8","GSE214411","Myeloid",TRUE
0.484199984202932,0.0823722811760539,0.055,0.061,1,"ALDH6A1","GSE214411","Myeloid",TRUE
0.484430412002676,1.63647590999361,0.019,0.015,1,"RP11-327P2.5","GSE214411","Myeloid",TRUE
0.484638235749647,-0.373632477078603,0.019,0.015,1,"SOWAHC","GSE214411","Myeloid",TRUE
0.484757808299897,-0.0332671195781877,0.13,0.137,1,"MTR","GSE214411","Myeloid",TRUE
0.484787126058996,-0.15130836084989,0.079,0.087,1,"HDHD2","GSE214411","Myeloid",TRUE
0.484972968106755,0.0359543367508786,0.137,0.146,1,"GRK6","GSE214411","Myeloid",TRUE
0.485297452444108,0.31304449336052,0.226,0.208,1,"AP3S1","GSE214411","Myeloid",TRUE
0.485702019657067,-0.0160541397943654,0.123,0.109,1,"BRE","GSE214411","Myeloid",TRUE
0.485832980694492,0.0489293604143042,0.182,0.189,1,"SP110","GSE214411","Myeloid",TRUE
0.486262283282849,0.436310650832216,0.433,0.411,1,"LAMTOR5","GSE214411","Myeloid",TRUE
0.486282215169501,0.429070026758721,0.092,0.082,1,"CARD8-AS1","GSE214411","Myeloid",TRUE
0.486302563743744,-1.0135311875406,0.015,0.019,1,"SEPSECS-AS1","GSE214411","Myeloid",TRUE
0.486346344781619,-0.30407385470236,0.015,0.012,1,"ANXA3","GSE214411","Myeloid",TRUE
0.486528398444191,-0.297050131103958,0.07,0.077,1,"SCAP","GSE214411","Myeloid",TRUE
0.486869726229929,0.282149854236822,0.388,0.365,1,"PPP4C","GSE214411","Myeloid",TRUE
0.486939051021036,0.338458585762815,0.305,0.283,1,"CSNK1D","GSE214411","Myeloid",TRUE
0.486941082136374,0.143461364731798,0.017,0.021,1,"AC003075.4","GSE214411","Myeloid",TRUE
0.487520388305996,-0.0340839052781949,0.022,0.018,1,"TLCD2","GSE214411","Myeloid",TRUE
0.487523506523006,-0.730500092608699,0.044,0.037,1,"KCTD13","GSE214411","Myeloid",TRUE
0.48754918245005,-0.244826803645253,0.049,0.054,1,"ST3GAL4","GSE214411","Myeloid",TRUE
0.48774566745242,0.519152659570804,0.05,0.057,1,"GBA2","GSE214411","Myeloid",TRUE
0.487838735894916,-0.370513713276307,0.06,0.067,1,"RNF217","GSE214411","Myeloid",TRUE
0.487953076691247,-0.257856988501859,0.054,0.06,1,"RP6-91H8.3","GSE214411","Myeloid",TRUE
0.487962707434515,1.06203958390075,0.043,0.037,1,"CASK","GSE214411","Myeloid",TRUE
0.488139883699153,0.72098635365169,0.018,0.022,1,"DERL3","GSE214411","Myeloid",TRUE
0.488444215849038,-0.881677311515638,0.046,0.052,1,"POLR1A","GSE214411","Myeloid",TRUE
0.488449842758613,0.264643192481588,0.172,0.162,1,"LTB","GSE214411","Myeloid",TRUE
0.488467960513915,2.42595276687345,0.023,0.019,1,"KHDRBS3","GSE214411","Myeloid",TRUE
0.488549362058861,0.0607947414042984,0.105,0.113,1,"ZNF516","GSE214411","Myeloid",TRUE
0.488721231763409,0.223802387523501,0.017,0.021,1,"TBX19","GSE214411","Myeloid",TRUE
0.488830918745022,0.561002266180205,0.048,0.054,1,"TTLL3","GSE214411","Myeloid",TRUE
0.489117296325262,-0.539226243333439,0.017,0.021,1,"GPR42","GSE214411","Myeloid",TRUE
0.489909943840436,-0.398434055823148,0.017,0.021,1,"WDPCP","GSE214411","Myeloid",TRUE
0.48995495551516,0.0960032594457521,0.128,0.135,1,"DCAF5","GSE214411","Myeloid",TRUE
0.490125975219615,-0.712436330783757,0.078,0.085,1,"VKORC1L1","GSE214411","Myeloid",TRUE
0.490433696644727,0.241899789857811,0.126,0.132,1,"DCUN1D5","GSE214411","Myeloid",TRUE
0.490476869502279,-0.603814058866248,0.019,0.015,1,"CTC-529I10.2","GSE214411","Myeloid",TRUE
0.490492217317199,-0.0181586682854453,0.092,0.099,1,"MKL1","GSE214411","Myeloid",TRUE
0.490681043785836,-0.104817329601798,0.037,0.042,1,"UBTD1","GSE214411","Myeloid",TRUE
0.490758722829805,-0.009928435598203,0.203,0.188,1,"NAPRT","GSE214411","Myeloid",TRUE
0.491153421236322,-0.196760628527429,0.049,0.055,1,"RNMTL1","GSE214411","Myeloid",TRUE
0.491516056201442,-0.489523357042022,0.042,0.036,1,"KATNB1","GSE214411","Myeloid",TRUE
0.491627436035478,-0.506288604671795,0.044,0.05,1,"POMC","GSE214411","Myeloid",TRUE
0.491676907459583,0.104551980638174,0.094,0.084,1,"LIX1L","GSE214411","Myeloid",TRUE
0.492049622328396,-1.06522241424149,0.027,0.032,1,"SLC22A23","GSE214411","Myeloid",TRUE
0.492093283624463,-0.0458726887722234,0.017,0.021,1,"FBXO44","GSE214411","Myeloid",TRUE
0.492232170628397,0.122231103838813,0.114,0.103,1,"KLHL15","GSE214411","Myeloid",TRUE
0.492489809749638,-1.48364584852217,0.016,0.02,1,"CDC45","GSE214411","Myeloid",TRUE
0.493177552582918,-0.196019956805606,0.027,0.032,1,"FFAR3","GSE214411","Myeloid",TRUE
0.493432163147468,0.270716220612262,0.491,0.478,1,"SEC62","GSE214411","Myeloid",TRUE
0.494171490826632,0.0904977316598477,0.31,0.312,1,"LUC7L3","GSE214411","Myeloid",TRUE
0.494531379214906,0.102248541304654,0.075,0.082,1,"DPCD","GSE214411","Myeloid",TRUE
0.494613271753554,0.371546997503232,0.412,0.401,1,"TCP1","GSE214411","Myeloid",TRUE
0.494796939517821,-0.200750139330465,0.098,0.105,1,"CIAPIN1","GSE214411","Myeloid",TRUE
0.494941200421664,-0.510680445963708,0.016,0.02,1,"COX7A1","GSE214411","Myeloid",TRUE
0.494968935334408,-0.313936201576541,0.102,0.108,1,"HMBOX1","GSE214411","Myeloid",TRUE
0.495039950450133,0.166098841716115,0.206,0.188,1,"CLPTM1L","GSE214411","Myeloid",TRUE
0.495198503889905,0.17929304179233,0.04,0.047,1,"METTL4","GSE214411","Myeloid",TRUE
0.495278345768209,-0.371509866821615,0.017,0.021,1,"PXN-AS1","GSE214411","Myeloid",TRUE
0.495673806697252,0.350921131169685,0.273,0.252,1,"PDCD5","GSE214411","Myeloid",TRUE
0.495906890921762,0.0961634559349025,0.169,0.154,1,"PRKAG2","GSE214411","Myeloid",TRUE
0.496047496672194,0.110050827004629,0.294,0.276,1,"IPO7","GSE214411","Myeloid",TRUE
0.496122862670537,0.913519795897306,0.035,0.03,1,"TRAPPC5","GSE214411","Myeloid",TRUE
0.496348662821319,0.0349231343471197,0.126,0.113,1,"CDK16","GSE214411","Myeloid",TRUE
0.496579076092444,0.433253089825999,0.016,0.02,1,"TUT1","GSE214411","Myeloid",TRUE
0.496588225699303,0.133346733905571,0.052,0.046,1,"TIMM23B","GSE214411","Myeloid",TRUE
0.496902676434937,2.17863193880569,0.023,0.019,1,"PDCD4-AS1","GSE214411","Myeloid",TRUE
0.497574771525256,2.18443367818737,0.009,0.006,1,"ZNRF3","GSE214411","Myeloid",TRUE
0.49780289352112,-0.0220041227703911,0.037,0.042,1,"SLC25A16","GSE214411","Myeloid",TRUE
0.498212835301786,0.733111603464759,0.178,0.164,1,"TMEM101","GSE214411","Myeloid",TRUE
0.498334117893743,-0.362987898278557,0.082,0.088,1,"YIPF1","GSE214411","Myeloid",TRUE
0.498506284697928,-0.263742958195894,0.009,0.006,1,"RTKN","GSE214411","Myeloid",TRUE
0.498506284697928,0.763644778482216,0.009,0.006,1,"EBF1","GSE214411","Myeloid",TRUE
0.498697008476559,0.0418535643239034,0.142,0.132,1,"CD1E","GSE214411","Myeloid",TRUE
0.498816995026758,0.527145519255674,0.009,0.006,1,"ESAM","GSE214411","Myeloid",TRUE
0.498869671229585,0.213368274691631,0.523,0.54,1,"PLSCR1","GSE214411","Myeloid",TRUE
0.498993961362856,-0.468092913809718,0.014,0.018,1,"ABHD4","GSE214411","Myeloid",TRUE
0.499193145062142,-0.282736241544145,0.107,0.113,1,"INPP4A","GSE214411","Myeloid",TRUE
0.499408267727388,0.474456359849155,0.044,0.038,1,"SH2D3C","GSE214411","Myeloid",TRUE
0.499425202555443,0.926094425371057,0.027,0.022,1,"ZNF821","GSE214411","Myeloid",TRUE
0.499656379444794,0.1950623473321,0.165,0.15,1,"SCYL2","GSE214411","Myeloid",TRUE
0.50010920763339,0.692532819093443,0.023,0.019,1,"MORC4","GSE214411","Myeloid",TRUE
0.500172395054312,0.260977525909523,0.047,0.053,1,"UPRT","GSE214411","Myeloid",TRUE
0.500180390439928,0.174893390422169,0.335,0.337,1,"HDLBP","GSE214411","Myeloid",TRUE
0.500334108433082,-0.100415918203055,0.044,0.05,1,"NAA40","GSE214411","Myeloid",TRUE
0.500486265300727,0.232510365482833,0.37,0.345,1,"SH3GLB1","GSE214411","Myeloid",TRUE
0.500502436312797,-0.0225933485577592,0.144,0.15,1,"KDM2B","GSE214411","Myeloid",TRUE
0.500558263992172,0.400783752172581,0.21,0.217,1,"SDF2","GSE214411","Myeloid",TRUE
0.500973938508009,1.30395999178061,0.061,0.054,1,"EPG5","GSE214411","Myeloid",TRUE
0.500994846307555,2.34014180599871,0.009,0.006,1,"B4GALT1-AS1","GSE214411","Myeloid",TRUE
0.500996367539351,-1.57953180706337,0.015,0.019,1,"BCDIN3D","GSE214411","Myeloid",TRUE
0.501100594775384,-0.0159926971198174,0.181,0.189,1,"KDSR","GSE214411","Myeloid",TRUE
0.501593007554044,-0.0278632783135704,0.227,0.207,1,"ATXN1","GSE214411","Myeloid",TRUE
0.501733324771729,0.716632720760478,0.126,0.119,1,"ID1","GSE214411","Myeloid",TRUE
0.502251805881532,-0.211647372063074,0.053,0.046,1,"SLC9A7","GSE214411","Myeloid",TRUE
0.502266692862754,-0.364399224687183,0.015,0.019,1,"NUDT7","GSE214411","Myeloid",TRUE
0.502746758640627,0.608171456141564,0.016,0.02,1,"HYLS1","GSE214411","Myeloid",TRUE
0.502865578574089,-1.57993687795976,0.009,0.006,1,"GOLGA6L9","GSE214411","Myeloid",TRUE
0.502926842630872,0.110452198287114,0.048,0.041,1,"GOLGA8A","GSE214411","Myeloid",TRUE
0.503052276819494,-0.108664986884926,0.036,0.041,1,"VCPKMT","GSE214411","Myeloid",TRUE
0.503193637386098,0.417227080837012,0.114,0.103,1,"POLDIP3","GSE214411","Myeloid",TRUE
0.503253509861641,0.0225152541851785,0.088,0.079,1,"SASH1","GSE214411","Myeloid",TRUE
0.503350547500941,-0.0349081563114391,0.014,0.018,1,"RNF150","GSE214411","Myeloid",TRUE
0.503417501194704,-0.307859995737959,0.062,0.054,1,"TJAP1","GSE214411","Myeloid",TRUE
0.503586466035199,-0.618452476398238,0.057,0.062,1,"RNF14","GSE214411","Myeloid",TRUE
0.503875558041288,-0.42934766856999,0.05,0.056,1,"FAM228B","GSE214411","Myeloid",TRUE
0.504349988418715,0.016779722627184,0.146,0.154,1,"FAM136A","GSE214411","Myeloid",TRUE
0.504427337707573,-0.270118933069377,0.009,0.006,1,"DARS-AS1","GSE214411","Myeloid",TRUE
0.504490603283985,-0.40322757362159,0.104,0.112,1,"TWF1","GSE214411","Myeloid",TRUE
0.504739996192582,0.215922923987486,0.009,0.006,1,"AC006994.2","GSE214411","Myeloid",TRUE
0.504855713739905,0.110439669476837,0.167,0.154,1,"SMC5","GSE214411","Myeloid",TRUE
0.505052756800177,-0.199760987368716,0.009,0.006,1,"CDK20","GSE214411","Myeloid",TRUE
0.505365619488723,-1.91410523775274,0.009,0.006,1,"PLCG1","GSE214411","Myeloid",TRUE
0.505376678643124,0.305333671657484,0.258,0.243,1,"TLR2","GSE214411","Myeloid",TRUE
0.505568541668203,0.419112580677323,0.061,0.068,1,"SPTBN1","GSE214411","Myeloid",TRUE
0.505677511557335,0.322837469031371,0.035,0.03,1,"HEG1","GSE214411","Myeloid",TRUE
0.505678455601288,-0.649019256392886,0.063,0.055,1,"UNK","GSE214411","Myeloid",TRUE
0.505858990830384,-0.053533532307409,0.233,0.243,1,"CD40","GSE214411","Myeloid",TRUE
0.505870547225766,-0.209117606897234,0.167,0.174,1,"PPP6C","GSE214411","Myeloid",TRUE
0.505921672890919,-0.402241341791672,0.026,0.031,1,"RELL1","GSE214411","Myeloid",TRUE
0.505991650941828,0.219115333461236,0.009,0.006,1,"PTOV1-AS1","GSE214411","Myeloid",TRUE
0.506031429306296,0.173652789026499,0.159,0.165,1,"CPQ","GSE214411","Myeloid",TRUE
0.506052670763355,0.548060514053253,0.016,0.02,1,"PHF13","GSE214411","Myeloid",TRUE
0.50615271096679,-0.534643050059328,0.038,0.032,1,"ZNF26","GSE214411","Myeloid",TRUE
0.506238804800944,-0.327826781086042,0.049,0.055,1,"ZNF318","GSE214411","Myeloid",TRUE
0.506305002202809,0.0769278096778443,0.128,0.136,1,"EDEM3","GSE214411","Myeloid",TRUE
0.506635465439465,0.117407710802174,0.154,0.16,1,"ARL3","GSE214411","Myeloid",TRUE
0.506655843970675,0.175830186236266,0.038,0.043,1,"SRD5A1","GSE214411","Myeloid",TRUE
0.50688093230981,0.866009378088311,0.02,0.016,1,"RPS6KA2","GSE214411","Myeloid",TRUE
0.506939090472431,-0.924263381254591,0.015,0.019,1,"URB2","GSE214411","Myeloid",TRUE
0.506992506342827,1.58292476511291,0.016,0.013,1,"C1QTNF6","GSE214411","Myeloid",TRUE
0.507025783009117,-0.214220132525098,0.055,0.061,1,"ACPP","GSE214411","Myeloid",TRUE
0.507032311975114,-0.587181068411787,0.043,0.049,1,"TNPO2","GSE214411","Myeloid",TRUE
0.507064951634612,-0.937776386160215,0.05,0.056,1,"ACOT7","GSE214411","Myeloid",TRUE
0.507224011243411,-0.427197329490844,0.025,0.03,1,"DIABLO","GSE214411","Myeloid",TRUE
0.507879237528407,-0.00841683214961364,0.286,0.285,1,"COPB1","GSE214411","Myeloid",TRUE
0.507946492863665,-0.418035801690758,0.014,0.018,1,"CTC1","GSE214411","Myeloid",TRUE
0.507946492863665,-0.818513071666551,0.014,0.018,1,"ZNF133","GSE214411","Myeloid",TRUE
0.508385347522197,-0.108387093250103,0.014,0.018,1,"SOX12","GSE214411","Myeloid",TRUE
0.508696086283705,-0.229521432279763,0.028,0.033,1,"URGCP","GSE214411","Myeloid",TRUE
0.50884082269271,0.240675768386203,0.067,0.059,1,"TMEM38B","GSE214411","Myeloid",TRUE
0.508954698861924,0.92457697505413,0.016,0.02,1,"KANK1","GSE214411","Myeloid",TRUE
0.509055658003224,0.330411069700406,0.383,0.387,1,"PTBP3","GSE214411","Myeloid",TRUE
0.509257993874224,-0.0308096480190674,0.139,0.147,1,"HNRNPUL2","GSE214411","Myeloid",TRUE
0.509263652977048,-0.242676830870258,0.014,0.018,1,"BAHCC1","GSE214411","Myeloid",TRUE
0.509422291547065,-0.321591959046025,0.277,0.279,1,"SQRDL","GSE214411","Myeloid",TRUE
0.509701275485273,-0.152771846065666,0.041,0.047,1,"SERGEF","GSE214411","Myeloid",TRUE
0.509734071591167,-0.772524514136922,0.013,0.017,1,"NDUFV2-AS1","GSE214411","Myeloid",TRUE
0.509785448508144,0.644302976521443,0.02,0.016,1,"LINC01136","GSE214411","Myeloid",TRUE
0.510170431316095,0.715112417359713,0.141,0.154,1,"ABTB1","GSE214411","Myeloid",TRUE
0.510187477128338,-0.113011698515374,0.013,0.017,1,"COL15A1","GSE214411","Myeloid",TRUE
0.510307694416604,-0.128720541898641,0.137,0.145,1,"AK6","GSE214411","Myeloid",TRUE
0.510374402968946,-0.313454755219352,0.134,0.141,1,"POLD2","GSE214411","Myeloid",TRUE
0.510448397736607,0.130487187441283,0.363,0.338,1,"EIF4H","GSE214411","Myeloid",TRUE
0.510841267134766,0.201554794421224,0.267,0.244,1,"ARAP1","GSE214411","Myeloid",TRUE
0.511222638072606,-0.119386291594901,0.241,0.243,1,"SRPRA","GSE214411","Myeloid",TRUE
0.511342567851703,0.0121915742357233,0.5,0.513,1,"MINOS1","GSE214411","Myeloid",TRUE
0.511742876372808,-0.058373741150286,0.066,0.059,1,"UTP4","GSE214411","Myeloid",TRUE
0.511812309552628,0.0170746740929211,0.764,0.834,1,"DDX5","GSE214411","Myeloid",TRUE
0.51192457504068,0.259197498212017,0.373,0.353,1,"ARF5","GSE214411","Myeloid",TRUE
0.51202903852379,1.01245186771433,0.013,0.01,1,"PAIP2B","GSE214411","Myeloid",TRUE
0.512319860957702,-0.122668751799428,0.067,0.073,1,"ACSF2","GSE214411","Myeloid",TRUE
0.512483184435154,-0.00749109431111361,0.434,0.435,1,"KTN1","GSE214411","Myeloid",TRUE
0.512771129768244,0.315140363316156,0.243,0.224,1,"LRRC59","GSE214411","Myeloid",TRUE
0.512819061650335,0.408160882954432,0.013,0.01,1,"ZNF79","GSE214411","Myeloid",TRUE
0.512846318425116,-0.244654427137366,0.034,0.039,1,"KIAA1683","GSE214411","Myeloid",TRUE
0.512891599615405,-0.1154736698496,0.031,0.026,1,"ACVR1B","GSE214411","Myeloid",TRUE
0.512980811861273,-0.667657743109674,0.05,0.056,1,"AP3S2","GSE214411","Myeloid",TRUE
0.5130030376626,-0.0411070080086784,0.084,0.074,1,"SLC35A3","GSE214411","Myeloid",TRUE
0.513016295926045,0.148676170936185,0.068,0.06,1,"AP5B1","GSE214411","Myeloid",TRUE
0.513239120482988,-0.0437133013094835,0.812,0.923,1,"RPL21","GSE214411","Myeloid",TRUE
0.513325962129333,0.0795166327651939,0.055,0.048,1,"GMDS","GSE214411","Myeloid",TRUE
0.513700063574058,0.429174721211476,0.077,0.069,1,"PDK3","GSE214411","Myeloid",TRUE
0.513792489453876,-0.128763146003634,0.154,0.158,1,"TBC1D9B","GSE214411","Myeloid",TRUE
0.513870085898941,0.0603651178196349,0.624,0.721,1,"ANXA5","GSE214411","Myeloid",TRUE
0.513873413025574,0.346154733915005,0.013,0.01,1,"FAM95B1","GSE214411","Myeloid",TRUE
0.513993340052705,-0.0472159568185506,0.103,0.111,1,"STT3A","GSE214411","Myeloid",TRUE
0.51435921092991,-0.279707027086178,0.035,0.04,1,"ST6GALNAC2","GSE214411","Myeloid",TRUE
0.51450532819889,-1.0933391466799,0.013,0.017,1,"NOXA1","GSE214411","Myeloid",TRUE
0.514577483417581,-0.239554919060846,0.023,0.019,1,"EVI5L","GSE214411","Myeloid",TRUE
0.514748282550268,0.174010689235619,0.234,0.238,1,"ATF6","GSE214411","Myeloid",TRUE
0.515027420986876,0.000535613811970315,0.084,0.092,1,"ATPAF1","GSE214411","Myeloid",TRUE
0.515033800454566,-0.52632944581605,0.027,0.032,1,"SEPT8","GSE214411","Myeloid",TRUE
0.51522481620983,0.349779709285817,0.099,0.089,1,"MTRF1L","GSE214411","Myeloid",TRUE
0.515228895170998,0.0910135478634122,0.091,0.081,1,"TTC9C","GSE214411","Myeloid",TRUE
0.515411516885742,0.350688439100868,0.02,0.016,1,"TSGA10","GSE214411","Myeloid",TRUE
0.515721238206501,-0.060328405081,0.013,0.01,1,"CTD-2545M3.8","GSE214411","Myeloid",TRUE
0.515876190370369,0.386150866191303,0.014,0.018,1,"MIATNB","GSE214411","Myeloid",TRUE
0.515966856236464,0.632191430422554,0.061,0.054,1,"STAT4","GSE214411","Myeloid",TRUE
0.516280498853948,0.328110712197625,0.103,0.093,1,"CUL4A","GSE214411","Myeloid",TRUE
0.516328661776204,0.105321008356969,0.183,0.188,1,"USP22","GSE214411","Myeloid",TRUE
0.51650950973545,-0.251790641120234,0.075,0.081,1,"SUSD1","GSE214411","Myeloid",TRUE
0.516520361873149,-0.0537293121859475,0.071,0.078,1,"GIT1","GSE214411","Myeloid",TRUE
0.51655723628298,-0.799928832834619,0.013,0.017,1,"RHPN1","GSE214411","Myeloid",TRUE
0.516999684505289,0.264134789122078,0.357,0.354,1,"AHNAK","GSE214411","Myeloid",TRUE
0.517043221168416,-0.458572777225193,0.013,0.01,1,"GIPR","GSE214411","Myeloid",TRUE
0.517242146922244,0.589021190834115,0.013,0.017,1,"TMEM44-AS1","GSE214411","Myeloid",TRUE
0.517330390117718,0.119190712512355,0.189,0.196,1,"TBRG1","GSE214411","Myeloid",TRUE
0.51735634114978,0.57185158108329,0.013,0.017,1,"RP11-490O6.2","GSE214411","Myeloid",TRUE
0.517526109204277,-0.492443955688984,0.013,0.016,1,"RNF175","GSE214411","Myeloid",TRUE
0.517775566771137,-0.231991319412755,0.042,0.036,1,"IQSEC2","GSE214411","Myeloid",TRUE
0.517789824055296,-0.669967718043099,0.026,0.031,1,"NCOA5","GSE214411","Myeloid",TRUE
0.51808029462123,1.06335329503853,0.016,0.013,1,"PLEKHH1","GSE214411","Myeloid",TRUE
0.518110322877038,0.0889637003053645,0.065,0.057,1,"PELI2","GSE214411","Myeloid",TRUE
0.518286277645584,-0.550601402264449,0.025,0.03,1,"FBXW9","GSE214411","Myeloid",TRUE
0.518617009979684,0.0647659915073127,0.197,0.203,1,"DNAJC10","GSE214411","Myeloid",TRUE
0.518701805076878,0.129550887887651,0.043,0.049,1,"AC074289.1","GSE214411","Myeloid",TRUE
0.518801997121085,0.0475786564278233,0.075,0.067,1,"CTB-58E17.1","GSE214411","Myeloid",TRUE
0.519071955940881,-0.183857606263579,0.034,0.039,1,"LZTR1","GSE214411","Myeloid",TRUE
0.519707677429401,0.0774482931867544,0.016,0.013,1,"RP11-110I1.13","GSE214411","Myeloid",TRUE
0.519772891801224,2.8154487635965,0.006,0.004,1,"RAI2","GSE214411","Myeloid",TRUE
0.519772891801224,2.84513836396447,0.006,0.004,1,"F10","GSE214411","Myeloid",TRUE
0.51986424540288,0.210660073985759,0.252,0.26,1,"ALCAM","GSE214411","Myeloid",TRUE
0.520441391316383,0.343246798311791,0.531,0.56,1,"TNFRSF1B","GSE214411","Myeloid",TRUE
0.520489699827381,0.126607270995916,0.604,0.639,1,"UBL5","GSE214411","Myeloid",TRUE
0.520502454390811,-0.192688416480406,0.068,0.075,1,"NAA16","GSE214411","Myeloid",TRUE
0.520574967578712,-0.0596351243779432,0.112,0.12,1,"IARS2","GSE214411","Myeloid",TRUE
0.520664979670047,-0.475377623418946,0.023,0.028,1,"TESPA1","GSE214411","Myeloid",TRUE
0.520693712694991,-0.573964386659321,0.041,0.047,1,"WDR37","GSE214411","Myeloid",TRUE
0.520808727586509,0.0138897260030384,0.058,0.064,1,"PCIF1","GSE214411","Myeloid",TRUE
0.520854210110184,0.0252057674439659,0.352,0.356,1,"DOCK2","GSE214411","Myeloid",TRUE
0.520871706265079,0.554572491475349,0.016,0.013,1,"CLDN10","GSE214411","Myeloid",TRUE
0.521196374064275,0.347807005431237,0.028,0.033,1,"CNPY4","GSE214411","Myeloid",TRUE
0.521312932825463,-0.122726323996734,0.023,0.019,1,"FUK","GSE214411","Myeloid",TRUE
0.521361462920723,0.641371147331688,0.013,0.017,1,"CD34","GSE214411","Myeloid",TRUE
0.521543176638844,-0.31729617257905,0.056,0.049,1,"TAF5L","GSE214411","Myeloid",TRUE
0.521579219193267,1.74688776982836,0.024,0.02,1,"DSP","GSE214411","Myeloid",TRUE
0.521598224744963,0.3690206002094,0.065,0.057,1,"PPP1R16A","GSE214411","Myeloid",TRUE
0.521687168735973,1.11044821783276,0.006,0.004,1,"CPAMD8","GSE214411","Myeloid",TRUE
0.521917061195085,0.497721634248767,0.062,0.055,1,"FEM1A","GSE214411","Myeloid",TRUE
0.522021622370291,0.276180595827031,0.013,0.016,1,"RP11-115C21.2","GSE214411","Myeloid",TRUE
0.52205625280522,0.270362919425865,0.155,0.141,1,"STK11","GSE214411","Myeloid",TRUE
0.522087839232508,0.818476028606126,0.014,0.018,1,"GGT1","GSE214411","Myeloid",TRUE
0.522402156410418,0.00297683624172995,0.113,0.104,1,"RP11-386I14.4","GSE214411","Myeloid",TRUE
0.522453893705643,2.25059300215792,0.006,0.004,1,"TTC9","GSE214411","Myeloid",TRUE
0.522503599520676,-0.217447370532583,0.016,0.013,1,"RP11-440L14.1","GSE214411","Myeloid",TRUE
0.522594749641984,0.583117135016947,0.117,0.107,1,"USP25","GSE214411","Myeloid",TRUE
0.522664202861536,-0.254035929288723,0.088,0.095,1,"ZNF276","GSE214411","Myeloid",TRUE
0.522699578231731,1.13498843844081,0.037,0.032,1,"EHF","GSE214411","Myeloid",TRUE
0.522731075394797,-0.0136794674278797,0.148,0.135,1,"U2AF2","GSE214411","Myeloid",TRUE
0.522733271197243,-0.192196672928189,0.013,0.016,1,"LINC00094","GSE214411","Myeloid",TRUE
0.522837473203903,2.20880410832333,0.006,0.004,1,"MAOB","GSE214411","Myeloid",TRUE
0.522837473203903,1.17203312857022,0.006,0.004,1,"CD19","GSE214411","Myeloid",TRUE
0.523023212484003,-0.918405233604601,0.024,0.029,1,"FAM92A1","GSE214411","Myeloid",TRUE
0.523207980423715,0.114531183001313,0.013,0.016,1,"ZNF707","GSE214411","Myeloid",TRUE
0.52354306353934,0.0581232133397471,0.162,0.147,1,"LRRFIP2","GSE214411","Myeloid",TRUE
0.523736803640932,1.45548917389209,0.042,0.037,1,"AGR2","GSE214411","Myeloid",TRUE
0.523854130821954,0.152936164638056,0.192,0.177,1,"SPTSSA","GSE214411","Myeloid",TRUE
0.523942530505698,0.197986394830952,0.083,0.074,1,"ENTPD4","GSE214411","Myeloid",TRUE
0.523989078805362,2.16728998441796,0.006,0.004,1,"PRDM6","GSE214411","Myeloid",TRUE
0.524270053344032,-0.173385413606668,0.261,0.264,1,"PSMD11","GSE214411","Myeloid",TRUE
0.524346990059195,0.0756438664230519,0.013,0.017,1,"CLEC1A","GSE214411","Myeloid",TRUE
0.524373236110921,0.0243985569742584,0.006,0.004,1,"PAQR6","GSE214411","Myeloid",TRUE
0.524373236110921,0.651639272105408,0.006,0.004,1,"SPTBN5","GSE214411","Myeloid",TRUE
0.524605601158773,-0.302881838183056,0.016,0.013,1,"SYCE1L","GSE214411","Myeloid",TRUE
0.524608793430054,0.155435632082185,0.148,0.157,1,"MRPL36","GSE214411","Myeloid",TRUE
0.524757537670111,0.41596607070205,0.006,0.004,1,"C18orf65","GSE214411","Myeloid",TRUE
0.524757537670111,0.339114102001151,0.006,0.004,1,"NCR1","GSE214411","Myeloid",TRUE
0.524839423972944,0.521707763211127,0.016,0.013,1,"RP11-386G11.5","GSE214411","Myeloid",TRUE
0.524864094150142,-1.9605956564165,0.002,0.003,1,"RP11-10C24.2","GSE214411","Myeloid",TRUE
0.524864094150142,-1.70384637811697,0.002,0.003,1,"ACAD11","GSE214411","Myeloid",TRUE
0.524864094150142,-3.72779159068383,0.002,0.003,1,"CHRD","GSE214411","Myeloid",TRUE
0.524864094150142,-2.06924044317383,0.002,0.003,1,"RP11-499E18.1","GSE214411","Myeloid",TRUE
0.524864094150142,-1.29185036132178,0.002,0.003,1,"LINC00957","GSE214411","Myeloid",TRUE
0.524864094150142,-1.90081561703281,0.002,0.003,1,"SEMA3E","GSE214411","Myeloid",TRUE
0.524864094150142,-3.06045031050174,0.002,0.003,1,"CCL21","GSE214411","Myeloid",TRUE
0.524864094150142,-2.89054205362237,0.002,0.003,1,"KDM4D","GSE214411","Myeloid",TRUE
0.524864094150142,-1.887465689601,0.002,0.003,1,"RP11-770J1.5","GSE214411","Myeloid",TRUE
0.524864094150142,-3.53664964180812,0.002,0.003,1,"WFIKKN1","GSE214411","Myeloid",TRUE
0.524864094150142,-1.23887811656575,0.002,0.003,1,"LINC01572","GSE214411","Myeloid",TRUE
0.524864094150142,-1.14415150169972,0.002,0.003,1,"RP11-278A23.1","GSE214411","Myeloid",TRUE
0.524864094150142,-3.47969804083136,0.002,0.003,1,"DUSP15","GSE214411","Myeloid",TRUE
0.524864094150142,-1.45633438875689,0.002,0.003,1,"DNAAF3","GSE214411","Myeloid",TRUE
0.524930005116039,0.813793893128373,0.049,0.056,1,"SNTB2","GSE214411","Myeloid",TRUE
0.52510902748569,-0.431092466468525,0.013,0.016,1,"ARHGAP5-AS1","GSE214411","Myeloid",TRUE
0.525141983403398,0.803267565428591,0.006,0.004,1,"UPK3BL","GSE214411","Myeloid",TRUE
0.525141983403398,0.602580730899417,0.006,0.004,1,"LINC00630","GSE214411","Myeloid",TRUE
0.52520559126439,-0.0252653635636042,0.11,0.115,1,"SCAMP1","GSE214411","Myeloid",TRUE
0.52527402609355,1.0822783646776,0.086,0.095,1,"HIST1H2AC","GSE214411","Myeloid",TRUE
0.525408196166699,-0.431366905949987,0.028,0.023,1,"ERCC6","GSE214411","Myeloid",TRUE
0.525433597719777,-1.00506943781279,0.002,0.003,1,"MYOZ3","GSE214411","Myeloid",TRUE
0.525433597719777,-2.75104656338776,0.002,0.003,1,"RASGEF1A","GSE214411","Myeloid",TRUE
0.525433597719777,-1.98859993264846,0.002,0.003,1,"C1QTNF9B-AS1","GSE214411","Myeloid",TRUE
0.525433597719777,-1.40948287674954,0.002,0.003,1,"GLIS2-AS1","GSE214411","Myeloid",TRUE
0.525433597719777,-0.869220819226378,0.002,0.003,1,"GRIK1","GSE214411","Myeloid",TRUE
0.525526573231113,0.749150782893408,0.006,0.004,1,"ROR1","GSE214411","Myeloid",TRUE
0.52591130707346,0.835371145749168,0.006,0.004,1,"ALDH5A1","GSE214411","Myeloid",TRUE
0.52591130707346,1.54212693041278,0.006,0.004,1,"PAK6","GSE214411","Myeloid",TRUE
0.526003417239903,-0.712224469028867,0.002,0.003,1,"FAM132A","GSE214411","Myeloid",TRUE
0.526003417239903,-1.06729851829819,0.002,0.003,1,"NPAS2","GSE214411","Myeloid",TRUE
0.526003417239903,-1.11319925464377,0.002,0.003,1,"SULT1C2","GSE214411","Myeloid",TRUE
0.526003417239903,-2.75794029155923,0.002,0.003,1,"CSPG5","GSE214411","Myeloid",TRUE
0.526003417239903,-1.34836366828978,0.002,0.003,1,"EPHB1","GSE214411","Myeloid",TRUE
0.526003417239903,-1.13426343890591,0.002,0.003,1,"CAMK2N2","GSE214411","Myeloid",TRUE
0.526003417239903,-2.87449754074574,0.002,0.003,1,"MMRN1","GSE214411","Myeloid",TRUE
0.526003417239903,-1.3790170200244,0.002,0.003,1,"GNMT","GSE214411","Myeloid",TRUE
0.526003417239903,-0.846187532431269,0.002,0.003,1,"SEPT7-AS1","GSE214411","Myeloid",TRUE
0.526003417239903,-0.980680418398006,0.002,0.003,1,"RP11-930P14.2","GSE214411","Myeloid",TRUE
0.526003417239903,-1.025753661567,0.002,0.003,1,"LRRC69","GSE214411","Myeloid",TRUE
0.526003417239903,-0.824245392150464,0.002,0.003,1,"RFX3-AS1","GSE214411","Myeloid",TRUE
0.526003417239903,-0.887405123543536,0.002,0.003,1,"ASPN","GSE214411","Myeloid",TRUE
0.526003417239903,-3.71691049629825,0.002,0.003,1,"SOX6","GSE214411","Myeloid",TRUE
0.526003417239903,-1.11230385164548,0.002,0.003,1,"RP11-441O15.3","GSE214411","Myeloid",TRUE
0.526003417239903,-3.08047314716967,0.002,0.003,1,"RP1-292L20.3","GSE214411","Myeloid",TRUE
0.526003417239903,-0.689370934285144,0.002,0.003,1,"PTPN21","GSE214411","Myeloid",TRUE
0.526003417239903,-1.05405563960397,0.002,0.003,1,"RP11-1070N10.3","GSE214411","Myeloid",TRUE
0.526003417239903,-1.43220170729519,0.002,0.003,1,"LINC01597","GSE214411","Myeloid",TRUE
0.526003417239903,-0.86663784685643,0.002,0.003,1,"CTB-31O20.3","GSE214411","Myeloid",TRUE
0.526003417239903,-1.13188403383737,0.002,0.003,1,"SPRED3","GSE214411","Myeloid",TRUE
0.526003417239903,-0.926692164915363,0.002,0.003,1,"LGALS4","GSE214411","Myeloid",TRUE
0.52629618485051,0.634779423498992,0.006,0.004,1,"RP11-65L3.4","GSE214411","Myeloid",TRUE
0.52629618485051,0.298711467615855,0.006,0.004,1,"EPHA4","GSE214411","Myeloid",TRUE
0.526573552450847,-0.173864677735614,0.002,0.003,1,"C9","GSE214411","Myeloid",TRUE
0.526573552450847,1.28619049104055,0.002,0.003,1,"MATN2","GSE214411","Myeloid",TRUE
0.526573552450847,-1.07476505268728,0.002,0.003,1,"FREM1","GSE214411","Myeloid",TRUE
0.526573552450847,-0.734455465239238,0.002,0.003,1,"RP11-216B9.6","GSE214411","Myeloid",TRUE
0.526573552450847,-1.07336073693174,0.002,0.003,1,"RP11-89C3.4","GSE214411","Myeloid",TRUE
0.526573552450847,0.845979874165487,0.002,0.003,1,"PRKG1","GSE214411","Myeloid",TRUE
0.526573552450847,-0.467609217305793,0.002,0.003,1,"RP11-388P9.2","GSE214411","Myeloid",TRUE
0.526573552450847,-0.612624946793603,0.002,0.003,1,"LINC00959","GSE214411","Myeloid",TRUE
0.526573552450847,-0.869175765528471,0.002,0.003,1,"RP11-278C7.4","GSE214411","Myeloid",TRUE
0.526573552450847,-0.302413397025285,0.002,0.003,1,"RP11-93G5.1","GSE214411","Myeloid",TRUE
0.526573552450847,-0.598809662293286,0.002,0.003,1,"NID2","GSE214411","Myeloid",TRUE
0.526573552450847,-0.0121922856941348,0.002,0.003,1,"TMEM63C","GSE214411","Myeloid",TRUE
0.526573552450847,-0.553458163093648,0.002,0.003,1,"CTD-2583P5.3","GSE214411","Myeloid",TRUE
0.526573552450847,0.885857414040447,0.002,0.003,1,"ZNF843","GSE214411","Myeloid",TRUE
0.526573552450847,0.647101922796426,0.002,0.003,1,"TEKT1","GSE214411","Myeloid",TRUE
0.526573552450847,-1.77802044834187,0.002,0.003,1,"KRT15","GSE214411","Myeloid",TRUE
0.526573552450847,-0.718081537326633,0.002,0.003,1,"CELF4","GSE214411","Myeloid",TRUE
0.526573552450847,-1.17210684471984,0.002,0.003,1,"ITCH-AS1","GSE214411","Myeloid",TRUE
0.526573552450847,-0.590199440539129,0.002,0.003,1,"CTD-3105H18.14","GSE214411","Myeloid",TRUE
0.526573552450847,-0.632522162689718,0.002,0.003,1,"LGI4","GSE214411","Myeloid",TRUE
0.526573552450847,-0.758714435661516,0.002,0.003,1,"CTD-2525I3.2","GSE214411","Myeloid",TRUE
0.526573552450847,0.604055852039353,0.002,0.003,1,"RP3-323A16.1","GSE214411","Myeloid",TRUE
0.526573552450847,1.29300503450929,0.002,0.003,1,"SMC1B","GSE214411","Myeloid",TRUE
0.526681206482206,1.61663561462764,0.006,0.004,1,"GARNL3","GSE214411","Myeloid",TRUE
0.526695800140716,-0.235454243286301,0.088,0.078,1,"SGTB","GSE214411","Myeloid",TRUE
0.526847191310238,0.164295019239846,0.314,0.292,1,"AKIRIN1","GSE214411","Myeloid",TRUE
0.526994233662569,0.255835444536608,0.466,0.464,1,"RBM8A","GSE214411","Myeloid",TRUE
0.527066371888361,0.507823716916429,0.006,0.004,1,"IL17RE","GSE214411","Myeloid",TRUE
0.527066371888361,-0.325099733066629,0.006,0.004,1,"RP11-850A17.1","GSE214411","Myeloid",TRUE
0.527066371888361,1.15292639299955,0.006,0.004,1,"RP11-93B14.9","GSE214411","Myeloid",TRUE
0.527126193172913,-1.35901806869407,0.012,0.015,1,"GSTA4","GSE214411","Myeloid",TRUE
0.527144003092311,-0.497870914841972,0.002,0.003,1,"RP3-467K16.4","GSE214411","Myeloid",TRUE
0.527144003092311,-0.43460009819525,0.002,0.003,1,"RP5-943J3.2","GSE214411","Myeloid",TRUE
0.527144003092311,-0.315180842355494,0.002,0.003,1,"RP11-439A17.9","GSE214411","Myeloid",TRUE
0.527144003092311,-0.260770473169382,0.002,0.003,1,"EFR3B","GSE214411","Myeloid",TRUE
0.527144003092311,-0.257959428131344,0.002,0.003,1,"NRXN1","GSE214411","Myeloid",TRUE
0.527144003092311,2.89496319180777,0.002,0.003,1,"SLC4A5","GSE214411","Myeloid",TRUE
0.527144003092311,-0.604827293200328,0.002,0.003,1,"MAATS1","GSE214411","Myeloid",TRUE
0.527144003092311,-0.132128994454003,0.002,0.003,1,"HIST1H4A","GSE214411","Myeloid",TRUE
0.527144003092311,-0.308177256385546,0.002,0.003,1,"ZNF572","GSE214411","Myeloid",TRUE
0.527144003092311,1.33952438707847,0.002,0.003,1,"RP13-582O9.7","GSE214411","Myeloid",TRUE
0.527144003092311,-0.456887588524364,0.002,0.003,1,"SHC3","GSE214411","Myeloid",TRUE
0.527144003092311,-1.86026992363776,0.002,0.003,1,"PIP5KL1","GSE214411","Myeloid",TRUE
0.527144003092311,-0.384800139714538,0.002,0.003,1,"RP11-444D3.1","GSE214411","Myeloid",TRUE
0.527144003092311,-0.498222612426551,0.002,0.003,1,"AQP5","GSE214411","Myeloid",TRUE
0.527144003092311,-0.551062630822644,0.002,0.003,1,"AC000403.4","GSE214411","Myeloid",TRUE
0.527144003092311,-0.191685037059103,0.002,0.003,1,"PPL","GSE214411","Myeloid",TRUE
0.527144003092311,-0.431801017605483,0.002,0.003,1,"OGFR-AS1","GSE214411","Myeloid",TRUE
0.527144003092311,1.25329615155475,0.002,0.003,1,"MAMSTR","GSE214411","Myeloid",TRUE
0.527251923231925,0.773883198575255,0.013,0.016,1,"ZSCAN16","GSE214411","Myeloid",TRUE
0.527451680988658,-1.58726273089238,0.006,0.004,1,"FAT1","GSE214411","Myeloid",TRUE
0.527629106251436,-0.301603922339604,0.135,0.141,1,"NBPF14","GSE214411","Myeloid",TRUE
0.527637254335416,-0.165116507794657,0.135,0.139,1,"MLLT10","GSE214411","Myeloid",TRUE
0.527714768903371,-0.101297161867708,0.002,0.003,1,"GPA33","GSE214411","Myeloid",TRUE
0.527714768903371,0.300784708025138,0.002,0.003,1,"RP11-467P9.1","GSE214411","Myeloid",TRUE
0.527714768903371,-0.0274425593252596,0.002,0.003,1,"SH3RF3-AS1","GSE214411","Myeloid",TRUE
0.527714768903371,-0.337395952318936,0.002,0.003,1,"CLEC3B","GSE214411","Myeloid",TRUE
0.527714768903371,0.703576393355746,0.002,0.003,1,"AL358852.1","GSE214411","Myeloid",TRUE
0.527714768903371,0.427884223623045,0.002,0.003,1,"RP11-467D6.1","GSE214411","Myeloid",TRUE
0.527714768903371,1.18071870806694,0.002,0.003,1,"RP13-216E22.4","GSE214411","Myeloid",TRUE
0.527714768903371,0.307208578185837,0.002,0.003,1,"RP11-56B16.4","GSE214411","Myeloid",TRUE
0.527714768903371,-0.290444355089396,0.002,0.003,1,"CTRL","GSE214411","Myeloid",TRUE
0.527714768903371,0.830160828613629,0.002,0.003,1,"TMEM92","GSE214411","Myeloid",TRUE
0.527714768903371,-0.0294838714658638,0.002,0.003,1,"ZNF132","GSE214411","Myeloid",TRUE
0.527837133702648,-0.059538465844863,0.006,0.004,1,"HIPK1-AS1","GSE214411","Myeloid",TRUE
0.527837133702648,1.80710092628731,0.006,0.004,1,"NEK10","GSE214411","Myeloid",TRUE
0.527837133702648,0.0155105746053117,0.006,0.004,1,"TSKS","GSE214411","Myeloid",TRUE
0.527990583432506,0.166141899068398,0.012,0.015,1,"FXYD1","GSE214411","Myeloid",TRUE
0.52819625906908,0.142456800466521,0.176,0.158,1,"METTL5","GSE214411","Myeloid",TRUE
0.528222729949755,1.34700485149656,0.006,0.004,1,"RP11-514O12.4","GSE214411","Myeloid",TRUE
0.528257974365508,-0.640244162433129,0.034,0.039,1,"SH3PXD2B","GSE214411","Myeloid",TRUE
0.528264628419444,-0.370459424132839,0.119,0.125,1,"HTT","GSE214411","Myeloid",TRUE
0.528285849622478,2.13525393030705,0.002,0.003,1,"AC009501.4","GSE214411","Myeloid",TRUE
0.528285849622478,-0.0466732367326443,0.002,0.003,1,"RP11-646I6.5","GSE214411","Myeloid",TRUE
0.528285849622478,0.612464169993061,0.002,0.003,1,"AC009542.2","GSE214411","Myeloid",TRUE
0.528285849622478,-0.268048212219796,0.002,0.003,1,"ZCCHC12","GSE214411","Myeloid",TRUE
0.528285849622478,1.63003263623602,0.002,0.003,1,"CTD-2516F10.2","GSE214411","Myeloid",TRUE
0.528285849622478,-0.118286616454705,0.002,0.003,1,"RP11-1H15.2","GSE214411","Myeloid",TRUE
0.528285849622478,2.31298638963921,0.002,0.003,1,"MYLK3","GSE214411","Myeloid",TRUE
0.528285849622478,1.61271810899241,0.002,0.003,1,"HIGD1B","GSE214411","Myeloid",TRUE
0.528285849622478,2.32550571932855,0.002,0.003,1,"LINC01502","GSE214411","Myeloid",TRUE
0.528436271400003,-0.476707684650886,0.031,0.036,1,"GPR89A","GSE214411","Myeloid",TRUE
0.528495958592964,-0.255113679165175,0.04,0.046,1,"GPR18","GSE214411","Myeloid",TRUE
0.528608469649273,-1.40630569577454,0.006,0.004,1,"SEMA6C","GSE214411","Myeloid",TRUE
0.528994352720362,0.635150849693503,0.006,0.004,1,"FAM227B","GSE214411","Myeloid",TRUE
0.529255187650269,-0.148083967282361,0.024,0.029,1,"PLEKHH3","GSE214411","Myeloid",TRUE
0.529597804335305,-0.150701684521851,0.012,0.015,1,"B3GLCT","GSE214411","Myeloid",TRUE
0.529717784652434,-0.0798829587808323,0.385,0.385,1,"NUFIP2","GSE214411","Myeloid",TRUE
0.529759425247627,0.270943795547989,0.034,0.039,1,"ZNF789","GSE214411","Myeloid",TRUE
0.529766548653263,-0.516385953774937,0.006,0.004,1,"RP11-890B15.3","GSE214411","Myeloid",TRUE
0.529807775874965,0.331410351062808,0.35,0.359,1,"LINC00493","GSE214411","Myeloid",TRUE
0.529823483392132,0.393537394478472,0.031,0.026,1,"LAT","GSE214411","Myeloid",TRUE
0.529902041915851,-0.130609184959938,0.031,0.035,1,"KIAA1919","GSE214411","Myeloid",TRUE
0.529909689547275,0.0116635447886466,0.034,0.039,1,"TARBP2","GSE214411","Myeloid",TRUE
0.53022440542603,-0.371043433256535,0.103,0.092,1,"CCDC22","GSE214411","Myeloid",TRUE
0.530276930199673,0.168547388895819,0.099,0.089,1,"UBA5","GSE214411","Myeloid",TRUE
0.53042487813813,-0.142568943620471,0.126,0.133,1,"FAM120AOS","GSE214411","Myeloid",TRUE
0.530492954000507,-2.35307133184214,0.01,0.013,1,"LATS2-AS1","GSE214411","Myeloid",TRUE
0.530575569801562,0.167020071961481,0.013,0.017,1,"DCDC2","GSE214411","Myeloid",TRUE
0.530649667973771,0.311792032609825,0.168,0.151,1,"BAD","GSE214411","Myeloid",TRUE
0.530660722753638,-0.269303056248127,0.031,0.026,1,"CD101","GSE214411","Myeloid",TRUE
0.530947228407949,0.0750388253300147,0.103,0.093,1,"ABCB7","GSE214411","Myeloid",TRUE
0.530974387717702,-0.0316207459161761,0.084,0.09,1,"FAM193A","GSE214411","Myeloid",TRUE
0.531160257155581,-0.25308910440553,0.022,0.026,1,"FAM72A","GSE214411","Myeloid",TRUE
0.532489159941016,0.759636834591986,0.073,0.081,1,"TMEM91","GSE214411","Myeloid",TRUE
0.532639788305404,-2.86011616558309,0.01,0.013,1,"TRIM2","GSE214411","Myeloid",TRUE
0.532768819006372,-0.507562265877583,0.034,0.039,1,"MTA3","GSE214411","Myeloid",TRUE
0.533093554851489,0.0236984801782998,0.14,0.147,1,"TINF2","GSE214411","Myeloid",TRUE
0.533209617958529,0.459947302912896,0.217,0.225,1,"STAT2","GSE214411","Myeloid",TRUE
0.533260472579233,-0.0349498420638399,0.307,0.315,1,"GSPT1","GSE214411","Myeloid",TRUE
0.533447709836605,-0.0176085466247045,0.174,0.182,1,"SETD3","GSE214411","Myeloid",TRUE
0.533727371997378,-0.706237680948822,0.022,0.026,1,"ALPK2","GSE214411","Myeloid",TRUE
0.533842754083355,-0.251970566684064,0.167,0.174,1,"PLEKHG2","GSE214411","Myeloid",TRUE
0.533909184938876,0.094110099743471,0.048,0.041,1,"C1RL","GSE214411","Myeloid",TRUE
0.534087395924686,0.319800708361792,0.173,0.18,1,"RNF144B","GSE214411","Myeloid",TRUE
0.534252794402688,-1.90406445330189,0.01,0.013,1,"RP11-97C16.1","GSE214411","Myeloid",TRUE
0.534297138001129,-0.100360595113642,0.087,0.094,1,"KATNA1","GSE214411","Myeloid",TRUE
0.534678710962236,1.74463144300221,0.004,0.002,1,"MCF2L","GSE214411","Myeloid",TRUE
0.534678710962236,3.26386657452557,0.004,0.002,1,"TJP3","GSE214411","Myeloid",TRUE
0.534791010570525,-1.38681689812404,0.01,0.013,1,"ZNF486","GSE214411","Myeloid",TRUE
0.534818844463864,0.0498526636437697,0.335,0.342,1,"TAF1D","GSE214411","Myeloid",TRUE
0.534844018270929,0.884047437888037,0.077,0.07,1,"FBXO21","GSE214411","Myeloid",TRUE
0.534876562114144,-0.579902552916123,0.011,0.014,1,"TTC21A","GSE214411","Myeloid",TRUE
0.535039132997274,-0.237727308351993,0.05,0.056,1,"FSTL1","GSE214411","Myeloid",TRUE
0.535056010128316,-0.0593922604865673,0.012,0.015,1,"LIMCH1","GSE214411","Myeloid",TRUE
0.53519968033882,-0.354396142887194,0.093,0.1,1,"COASY","GSE214411","Myeloid",TRUE
0.535203624768058,1.66708516901402,0.004,0.002,1,"STXBP5-AS1","GSE214411","Myeloid",TRUE
0.535203624768058,2.64873878211229,0.004,0.002,1,"FRRS1L","GSE214411","Myeloid",TRUE
0.535435561977862,0.145044615657992,0.123,0.128,1,"MLLT4","GSE214411","Myeloid",TRUE
0.535475357163582,-0.105203496182303,0.256,0.23,1,"NR1H2","GSE214411","Myeloid",TRUE
0.53572879822703,2.02954338783247,0.004,0.002,1,"FALEC","GSE214411","Myeloid",TRUE
0.53572879822703,1.90820370530608,0.004,0.002,1,"STX19","GSE214411","Myeloid",TRUE
0.53572879822703,1.66483544286551,0.004,0.002,1,"PEG10","GSE214411","Myeloid",TRUE
0.53572879822703,2.59053866808416,0.004,0.002,1,"AP000866.1","GSE214411","Myeloid",TRUE
0.53572879822703,2.22083620608049,0.004,0.002,1,"RASL12","GSE214411","Myeloid",TRUE
0.53572879822703,3.47421791342608,0.004,0.002,1,"AC009110.1","GSE214411","Myeloid",TRUE
0.536114696538304,0.0378425809691487,0.078,0.085,1,"C2orf74","GSE214411","Myeloid",TRUE
0.536137746481433,-0.291545325472002,0.01,0.013,1,"TMEM44","GSE214411","Myeloid",TRUE
0.536137746481433,-0.712327031013495,0.01,0.013,1,"MMP25-AS1","GSE214411","Myeloid",TRUE
0.536203292802481,2.0456526734702,0.027,0.032,1,"SCGB1D4","GSE214411","Myeloid",TRUE
0.536254231133382,1.90448955952119,0.004,0.002,1,"LINC01358","GSE214411","Myeloid",TRUE
0.536254231133382,0.522852475637742,0.004,0.002,1,"RP11-96K19.5","GSE214411","Myeloid",TRUE
0.536254231133382,0.55466321263348,0.004,0.002,1,"EFNA3","GSE214411","Myeloid",TRUE
0.536254231133382,2.46781796290598,0.004,0.002,1,"AC068282.3","GSE214411","Myeloid",TRUE
0.536254231133382,2.40568487568852,0.004,0.002,1,"FGF18","GSE214411","Myeloid",TRUE
0.536254231133382,2.46923839249383,0.004,0.002,1,"LRRC73","GSE214411","Myeloid",TRUE
0.536254231133382,0.56026438472451,0.004,0.002,1,"RP11-318E3.9","GSE214411","Myeloid",TRUE
0.536254231133382,2.34258971494267,0.004,0.002,1,"NANOS1","GSE214411","Myeloid",TRUE
0.536254231133382,0.54648627212769,0.004,0.002,1,"CTD-2515O10.5","GSE214411","Myeloid",TRUE
0.536254231133382,2.68888036604783,0.004,0.002,1,"PLPPR3","GSE214411","Myeloid",TRUE
0.536254231133382,2.54635216700777,0.004,0.002,1,"SEC14L2","GSE214411","Myeloid",TRUE
0.536254231133382,2.9129942240099,0.004,0.002,1,"AP001469.9","GSE214411","Myeloid",TRUE
0.536264937215672,-0.153854406199573,0.073,0.078,1,"ZNF592","GSE214411","Myeloid",TRUE
0.5363007403629,-0.303540461008905,0.022,0.026,1,"SIGLEC14","GSE214411","Myeloid",TRUE
0.53674884288087,-1.03265339152846,0.031,0.036,1,"ZHX2","GSE214411","Myeloid",TRUE
0.53676817281851,0.0556641354739972,0.155,0.166,1,"PKIB","GSE214411","Myeloid",TRUE
0.536779923280918,1.86161456604349,0.004,0.002,1,"SMPDL3B","GSE214411","Myeloid",TRUE
0.536779923280918,0.938379586194082,0.004,0.002,1,"CHN1","GSE214411","Myeloid",TRUE
0.536779923280918,0.458418173840491,0.004,0.002,1,"LINC01215","GSE214411","Myeloid",TRUE
0.536779923280918,1.45820666364651,0.004,0.002,1,"LINC01471","GSE214411","Myeloid",TRUE
0.536779923280918,2.01984434297794,0.004,0.002,1,"PLCH1","GSE214411","Myeloid",TRUE
0.536779923280918,2.79704580415762,0.004,0.002,1,"F2RL2","GSE214411","Myeloid",TRUE
0.536779923280918,1.69814028170588,0.004,0.002,1,"LY6G6C","GSE214411","Myeloid",TRUE
0.536779923280918,1.96967533137166,0.004,0.002,1,"RP5-1120P11.1","GSE214411","Myeloid",TRUE
0.536779923280918,0.339742905267968,0.004,0.002,1,"RP11-225B17.2","GSE214411","Myeloid",TRUE
0.536779923280918,1.66057621118503,0.004,0.002,1,"NPTX2","GSE214411","Myeloid",TRUE
0.536779923280918,2.28832306533778,0.004,0.002,1,"PLAG1","GSE214411","Myeloid",TRUE
0.536779923280918,2.43489937922699,0.004,0.002,1,"ENTPD2","GSE214411","Myeloid",TRUE
0.536779923280918,0.394886425788847,0.004,0.002,1,"RP11-783K16.14","GSE214411","Myeloid",TRUE
0.536779923280918,0.465776175525123,0.004,0.002,1,"CDC42BPG","GSE214411","Myeloid",TRUE
0.536779923280918,0.746914002599081,0.004,0.002,1,"CTD-2588E21.1","GSE214411","Myeloid",TRUE
0.536779923280918,1.1019806852774,0.004,0.002,1,"CTD-2396E7.11","GSE214411","Myeloid",TRUE
0.536805564255311,-0.124063226059077,0.273,0.278,1,"CNIH1","GSE214411","Myeloid",TRUE
0.536834475809144,0.944867119493632,0.021,0.017,1,"ZSCAN5A","GSE214411","Myeloid",TRUE
0.537004444986169,-0.116104514098105,0.126,0.13,1,"IKBKG","GSE214411","Myeloid",TRUE
0.537067047752286,0.136250086460143,0.163,0.164,1,"RP5-1171I10.5","GSE214411","Myeloid",TRUE
0.537118260136043,-0.181397726634819,0.194,0.198,1,"PPA2","GSE214411","Myeloid",TRUE
0.537305874463005,1.48612558899929,0.004,0.002,1,"ANXA9","GSE214411","Myeloid",TRUE
0.537305874463005,1.87735244918783,0.004,0.002,1,"SH3D19","GSE214411","Myeloid",TRUE
0.537305874463005,0.615001408656607,0.004,0.002,1,"SCRG1","GSE214411","Myeloid",TRUE
0.537305874463005,0.420606744442305,0.004,0.002,1,"LINC01010","GSE214411","Myeloid",TRUE
0.537305874463005,2.20987591854076,0.004,0.002,1,"RP11-629O1.2","GSE214411","Myeloid",TRUE
0.537305874463005,1.24073912643343,0.004,0.002,1,"RP13-870H17.3","GSE214411","Myeloid",TRUE
0.537305874463005,0.816449514555514,0.004,0.002,1,"GLI1","GSE214411","Myeloid",TRUE
0.537305874463005,0.808890186320798,0.004,0.002,1,"BAIAP3","GSE214411","Myeloid",TRUE
0.537305874463005,0.0481063234245305,0.004,0.002,1,"RP11-861E21.2","GSE214411","Myeloid",TRUE
0.53746302290942,0.178935544708993,0.011,0.014,1,"MAGIX","GSE214411","Myeloid",TRUE
0.537546355818754,0.813520732636952,0.012,0.015,1,"EMX2OS","GSE214411","Myeloid",TRUE
0.537832084472582,1.61384168728203,0.004,0.002,1,"AC079305.10","GSE214411","Myeloid",TRUE
0.537832084472582,1.1325799860486,0.004,0.002,1,"CYB561D2.1","GSE214411","Myeloid",TRUE
0.537832084472582,-0.317951491544032,0.004,0.002,1,"GFPT2","GSE214411","Myeloid",TRUE
0.537832084472582,0.937603490092853,0.004,0.002,1,"TFR2","GSE214411","Myeloid",TRUE
0.537832084472582,0.200307977155205,0.004,0.002,1,"RASA4B","GSE214411","Myeloid",TRUE
0.537832084472582,-0.302262840078873,0.004,0.002,1,"CXorf65","GSE214411","Myeloid",TRUE
0.537832084472582,-0.0718400014504317,0.004,0.002,1,"VLDLR","GSE214411","Myeloid",TRUE
0.537832084472582,1.87922212468363,0.004,0.002,1,"CCDC62","GSE214411","Myeloid",TRUE
0.537832084472582,-2.22050000098776,0.004,0.002,1,"ENOX1","GSE214411","Myeloid",TRUE
0.537832084472582,0.150196136452235,0.004,0.002,1,"CTD-2008A1.3","GSE214411","Myeloid",TRUE
0.537832084472582,-0.0999386727870251,0.004,0.002,1,"RP11-16E23.5","GSE214411","Myeloid",TRUE
0.537832084472582,0.118059856492559,0.004,0.002,1,"ITGA11","GSE214411","Myeloid",TRUE
0.537832084472582,0.358204549056062,0.004,0.002,1,"BCL6B","GSE214411","Myeloid",TRUE
0.537832084472582,-0.0156802827771365,0.004,0.002,1,"CTC-550B14.7","GSE214411","Myeloid",TRUE
0.538082943172309,-0.415288646228808,0.151,0.156,1,"DENND4B","GSE214411","Myeloid",TRUE
0.538085121864342,0.614184529066526,0.066,0.058,1,"RABL3","GSE214411","Myeloid",TRUE
0.538345270186656,-0.0380359017878131,0.024,0.02,1,"TNFRSF4","GSE214411","Myeloid",TRUE
0.538358094586762,0.0471434510531501,0.09,0.096,1,"RANGRF","GSE214411","Myeloid",TRUE
0.538358553102156,0.277533679503684,0.004,0.002,1,"FAT4","GSE214411","Myeloid",TRUE
0.538358553102156,-0.756820562865075,0.004,0.002,1,"HHIP","GSE214411","Myeloid",TRUE
0.538358553102156,-0.36873122838339,0.004,0.002,1,"DLK2","GSE214411","Myeloid",TRUE
0.538358553102156,-0.236269949673287,0.004,0.002,1,"RASEF","GSE214411","Myeloid",TRUE
0.538358553102156,-1.46813537858619,0.004,0.002,1,"RP11-81H14.2","GSE214411","Myeloid",TRUE
0.538358553102156,-0.690284488717677,0.004,0.002,1,"MEDAG","GSE214411","Myeloid",TRUE
0.538358553102156,0.114657654163915,0.004,0.002,1,"MPRIP-AS1","GSE214411","Myeloid",TRUE
0.538358553102156,0.097334437337997,0.004,0.002,1,"SIGLEC8","GSE214411","Myeloid",TRUE
0.538720171077935,-0.00989782748507162,0.157,0.162,1,"FAM208A","GSE214411","Myeloid",TRUE
0.538751614312506,0.134455410051644,0.101,0.091,1,"FUBP3","GSE214411","Myeloid",TRUE
0.538885280143803,-0.41093935845495,0.004,0.002,1,"RP4-594I10.3","GSE214411","Myeloid",TRUE
0.538885280143803,-1.38982757529778,0.004,0.002,1,"RP11-366L5.1","GSE214411","Myeloid",TRUE
0.538885280143803,-0.493190832454533,0.004,0.002,1,"CTC-338M12.5","GSE214411","Myeloid",TRUE
0.538885280143803,-1.71675967572226,0.004,0.002,1,"CAGE1","GSE214411","Myeloid",TRUE
0.538885280143803,-0.810726763133036,0.004,0.002,1,"NANOS3","GSE214411","Myeloid",TRUE
0.538885280143803,-1.35895150971156,0.004,0.002,1,"CBLC","GSE214411","Myeloid",TRUE
0.538918547399595,-0.0427604694350077,0.093,0.099,1,"SPATA20","GSE214411","Myeloid",TRUE
0.538932690959861,0.27523292007823,0.036,0.041,1,"ZNF185","GSE214411","Myeloid",TRUE
0.538946301174836,-1.01786405957952,0.009,0.012,1,"C3orf33","GSE214411","Myeloid",TRUE
0.538978351695665,-0.444693505088409,0.137,0.141,1,"SNX20","GSE214411","Myeloid",TRUE
0.539170476050833,0.0918822022874366,0.129,0.136,1,"INTS10","GSE214411","Myeloid",TRUE
0.539666443875266,3.10503903993326,0.013,0.011,1,"NNMT","GSE214411","Myeloid",TRUE
0.539723372500247,1.17743361305234,0.017,0.014,1,"RORB","GSE214411","Myeloid",TRUE
0.540018045730169,0.494588536533868,0.453,0.449,1,"STAT3","GSE214411","Myeloid",TRUE
0.540248266173011,0.486063013664573,0.033,0.038,1,"RSAD1","GSE214411","Myeloid",TRUE
0.540319168557219,-0.837640488806199,0.043,0.048,1,"MGC16275","GSE214411","Myeloid",TRUE
0.540412887895792,2.04434097725864,0.017,0.014,1,"LIPN","GSE214411","Myeloid",TRUE
0.540427973839665,-0.0732458439668813,0.093,0.1,1,"STRN4","GSE214411","Myeloid",TRUE
0.540511572803382,0.622115788965292,0.104,0.096,1,"NET1","GSE214411","Myeloid",TRUE
0.540719403522937,-0.551997765995188,0.045,0.05,1,"ENTHD2","GSE214411","Myeloid",TRUE
0.540729381562195,-1.26545297437072,0.01,0.013,1,"RP13-942N8.1","GSE214411","Myeloid",TRUE
0.540818931516563,-0.264041384254697,0.056,0.049,1,"TRABD2A","GSE214411","Myeloid",TRUE
0.540850616782349,-0.244527893898165,0.031,0.036,1,"KTI12","GSE214411","Myeloid",TRUE
0.540864722424218,0.0849664817771938,0.01,0.013,1,"L2HGDH","GSE214411","Myeloid",TRUE
0.541322563801225,-0.431540359134111,0.023,0.028,1,"MAP7","GSE214411","Myeloid",TRUE
0.541374655567256,2.75834788207539,0.01,0.007,1,"RNF152","GSE214411","Myeloid",TRUE
0.541493277650898,-0.848324513498726,0.009,0.012,1,"LINC01011","GSE214411","Myeloid",TRUE
0.541793262718473,1.19092842805158,0.012,0.015,1,"CD3E","GSE214411","Myeloid",TRUE
0.541866885470581,0.793658210455018,0.023,0.028,1,"SSX2IP","GSE214411","Myeloid",TRUE
0.541986378200648,2.13196580975232,0.01,0.007,1,"CNKSR3","GSE214411","Myeloid",TRUE
0.542060082831674,-0.815483386444016,0.009,0.012,1,"ARRDC5","GSE214411","Myeloid",TRUE
0.542240798578129,-2.06943703589296,0.008,0.011,1,"CCDC30","GSE214411","Myeloid",TRUE
0.542371330147706,0.0914245735877085,0.283,0.258,1,"SRSF6","GSE214411","Myeloid",TRUE
0.542446275863585,0.2160040277904,0.403,0.409,1,"WNK1","GSE214411","Myeloid",TRUE
0.542455240300912,-0.771584364505602,0.024,0.029,1,"CRAMP1","GSE214411","Myeloid",TRUE
0.542577770515032,-0.647257595546738,0.04,0.044,1,"SIDT1","GSE214411","Myeloid",TRUE
0.542627192998944,-0.841552922645457,0.009,0.012,1,"RP11-379F4.9","GSE214411","Myeloid",TRUE
0.542836581108141,-0.927580895943954,0.048,0.041,1,"TPCN2","GSE214411","Myeloid",TRUE
0.542841326349089,1.10706290217457,0.093,0.103,1,"IFIT2","GSE214411","Myeloid",TRUE
0.54289693198457,-0.463177091754746,0.01,0.013,1,"DEPDC7","GSE214411","Myeloid",TRUE
0.542991150880284,0.774115215260031,0.04,0.035,1,"RP11-156K23.3","GSE214411","Myeloid",TRUE
0.543131707369213,0.635984816678416,0.022,0.026,1,"MED20","GSE214411","Myeloid",TRUE
0.543818956229833,-0.258957641480912,0.069,0.075,1,"APBB3","GSE214411","Myeloid",TRUE
0.544024794603564,0.300422992158341,0.509,0.548,1,"CSNK1A1","GSE214411","Myeloid",TRUE
0.544287467622187,0.122632437477062,0.358,0.334,1,"RUNX1","GSE214411","Myeloid",TRUE
0.544330281911917,-0.176659035446327,0.009,0.012,1,"RP11-455F5.5","GSE214411","Myeloid",TRUE
0.544374524600843,0.589123109784311,0.067,0.06,1,"THOC5","GSE214411","Myeloid",TRUE
0.544477705883721,1.84368493439806,0.011,0.014,1,"DGKG","GSE214411","Myeloid",TRUE
0.544658853426623,0.556379231016262,0.117,0.107,1,"PDZD8","GSE214411","Myeloid",TRUE
0.544787317607674,0.296055295447681,0.102,0.093,1,"RNF38","GSE214411","Myeloid",TRUE
0.544794339266189,0.675004822594697,0.372,0.365,1,"RAB11FIP1","GSE214411","Myeloid",TRUE
0.544797082719172,0.60495963485253,0.01,0.013,1,"TEAD2","GSE214411","Myeloid",TRUE
0.544977873706228,0.188037547120051,0.487,0.492,1,"EID1","GSE214411","Myeloid",TRUE
0.545020885107753,0.490389213829805,0.017,0.014,1,"NEXN","GSE214411","Myeloid",TRUE
0.545251796075993,0.51700360584774,0.017,0.014,1,"DDX47","GSE214411","Myeloid",TRUE
0.54553078895684,0.342217558469438,0.075,0.068,1,"SLC39A9","GSE214411","Myeloid",TRUE
0.545533934460155,-0.0862679960899502,0.161,0.166,1,"FAM207A","GSE214411","Myeloid",TRUE
0.545667834637593,-0.00219024519202016,0.024,0.02,1,"RP11-332H14.2","GSE214411","Myeloid",TRUE
0.545667834637593,-0.398408958428171,0.024,0.02,1,"DTD2","GSE214411","Myeloid",TRUE
0.545884364299665,0.343425210794129,0.01,0.013,1,"P3H4","GSE214411","Myeloid",TRUE
0.546109735869582,0.893906416674425,0.05,0.044,1,"LMBR1","GSE214411","Myeloid",TRUE
0.546156352720499,2.08254202569311,0.01,0.013,1,"ZNF699","GSE214411","Myeloid",TRUE
0.546252046344108,0.423531560718267,0.334,0.312,1,"SERINC3","GSE214411","Myeloid",TRUE
0.546493232782177,0.933914842235988,0.029,0.024,1,"SCFD2","GSE214411","Myeloid",TRUE
0.546775945745514,-0.15336927847633,0.104,0.094,1,"GALNT2","GSE214411","Myeloid",TRUE
0.546889887002843,-0.630110372271546,0.009,0.012,1,"AC007620.3","GSE214411","Myeloid",TRUE
0.546981568481335,-1.31259004237697,0.003,0.004,1,"TOLLIP-AS1","GSE214411","Myeloid",TRUE
0.546981568481335,-1.70129105236411,0.003,0.004,1,"FBXL14","GSE214411","Myeloid",TRUE
0.546981568481335,-3.46535592329634,0.003,0.004,1,"SOX5","GSE214411","Myeloid",TRUE
0.546981568481335,-1.64287780008636,0.003,0.004,1,"GDPD3","GSE214411","Myeloid",TRUE
0.546981568481335,-1.53319099739297,0.003,0.004,1,"RP11-304F15.3","GSE214411","Myeloid",TRUE
0.546981568481335,-1.25090417570456,0.003,0.004,1,"PPY","GSE214411","Myeloid",TRUE
0.547087233895905,1.0689390557349,0.011,0.014,1,"MSX2","GSE214411","Myeloid",TRUE
0.547100830054664,0.755735684607735,0.017,0.014,1,"SPEF2","GSE214411","Myeloid",TRUE
0.547317712487442,0.542642891087941,0.058,0.052,1,"SUN1","GSE214411","Myeloid",TRUE
0.547419187720746,0.000751052608382707,0.249,0.254,1,"FYTTD1","GSE214411","Myeloid",TRUE
0.547469954326745,0.355265084660566,0.172,0.16,1,"ANKH","GSE214411","Myeloid",TRUE
0.547473208386469,-1.53723645332655,0.003,0.004,1,"TNNT2","GSE214411","Myeloid",TRUE
0.547473208386469,-1.48709046766218,0.003,0.004,1,"RP11-1057B6.1","GSE214411","Myeloid",TRUE
0.547473208386469,-1.38530185356497,0.003,0.004,1,"RP11-293M10.6","GSE214411","Myeloid",TRUE
0.547473208386469,-1.54777389186047,0.003,0.004,1,"CEP295NL","GSE214411","Myeloid",TRUE
0.547664328098408,-0.135038717797654,0.159,0.166,1,"CDK2AP1","GSE214411","Myeloid",TRUE
0.547690704210247,-0.276565362186218,0.121,0.127,1,"UPF1","GSE214411","Myeloid",TRUE
0.547744410925925,0.0383608622543923,0.009,0.012,1,"HTR2B","GSE214411","Myeloid",TRUE
0.547800806693155,0.174897548474872,0.073,0.079,1,"RARS2","GSE214411","Myeloid",TRUE
0.547965066764249,-1.17103961229399,0.003,0.004,1,"RP11-803P9.1","GSE214411","Myeloid",TRUE
0.547965066764249,-0.860305635853008,0.003,0.004,1,"GET4","GSE214411","Myeloid",TRUE
0.547965066764249,-2.29221862849068,0.003,0.004,1,"RP11-395B7.4","GSE214411","Myeloid",TRUE
0.547965066764249,-2.2496650140585,0.003,0.004,1,"CTD-2302E22.6","GSE214411","Myeloid",TRUE
0.547965066764249,-2.86471953337862,0.003,0.004,1,"RP13-516M14.10","GSE214411","Myeloid",TRUE
0.547965066764249,-1.11712622772628,0.003,0.004,1,"TMEM147-AS1","GSE214411","Myeloid",TRUE
0.547967962232576,-0.0508399799133326,0.076,0.083,1,"IMPA1","GSE214411","Myeloid",TRUE
0.547985696247173,-0.593643788624806,0.031,0.035,1,"PRR34-AS1","GSE214411","Myeloid",TRUE
0.548215669654432,-0.820400870730326,0.008,0.011,1,"SLC9B1","GSE214411","Myeloid",TRUE
0.548215669654432,-0.380468033928596,0.008,0.011,1,"LRFN1","GSE214411","Myeloid",TRUE
0.548226353118338,-0.0141241560156593,0.088,0.093,1,"PIP5K1A","GSE214411","Myeloid",TRUE
0.548445749863966,-0.067330689567048,0.029,0.024,1,"IFT46","GSE214411","Myeloid",TRUE
0.54845714344335,-0.755661653651126,0.003,0.004,1,"RP11-443B20.1","GSE214411","Myeloid",TRUE
0.54845714344335,-2.73241371782177,0.003,0.004,1,"JCHAIN","GSE214411","Myeloid",TRUE
0.54845714344335,-1.05731291082552,0.003,0.004,1,"RP11-967K21.1","GSE214411","Myeloid",TRUE
0.54845714344335,-0.771717544221461,0.003,0.004,1,"TTLL9","GSE214411","Myeloid",TRUE
0.54845714344335,-1.02779072646295,0.003,0.004,1,"RP11-756G20.1","GSE214411","Myeloid",TRUE
0.548515264861633,-2.30866760519358,0.008,0.011,1,"RP11-66N11.8","GSE214411","Myeloid",TRUE
0.548664510194684,0.103829510423962,0.197,0.196,1,"SAFB","GSE214411","Myeloid",TRUE
0.548721929708397,0.77731292174804,0.034,0.03,1,"TIMP3","GSE214411","Myeloid",TRUE
0.548738000527498,1.41963408527857,0.01,0.007,1,"WFDC1","GSE214411","Myeloid",TRUE
0.548814940896071,-0.215950832362755,0.008,0.011,1,"RP11-544A12.8","GSE214411","Myeloid",TRUE
0.548918778020967,-0.439858451236635,0.091,0.096,1,"UTP23","GSE214411","Myeloid",TRUE
0.548949438252133,-0.873407673002121,0.003,0.004,1,"LPAR3","GSE214411","Myeloid",TRUE
0.548949438252133,-2.43538854029115,0.003,0.004,1,"RP11-318C24.2","GSE214411","Myeloid",TRUE
0.548949438252133,-0.739319580811699,0.003,0.004,1,"H1FX-AS1","GSE214411","Myeloid",TRUE
0.548949438252133,-0.419295659893415,0.003,0.004,1,"ADAMTS16","GSE214411","Myeloid",TRUE
0.548949438252133,-2.41281388744097,0.003,0.004,1,"FGF9","GSE214411","Myeloid",TRUE
0.548949438252133,-0.690847622869803,0.003,0.004,1,"PLA2G4F","GSE214411","Myeloid",TRUE
0.548949438252133,-1.08627108572106,0.003,0.004,1,"MROH8","GSE214411","Myeloid",TRUE
0.549045744649425,0.276499666664541,0.128,0.118,1,"ZRANB1","GSE214411","Myeloid",TRUE
0.549152651030586,-0.388154939510048,0.01,0.013,1,"LAMC2","GSE214411","Myeloid",TRUE
0.549170082839014,-0.855057968386033,0.009,0.012,1,"SBF2-AS1","GSE214411","Myeloid",TRUE
0.549243799508193,0.132830641198461,0.125,0.114,1,"PRPF19","GSE214411","Myeloid",TRUE
0.549260146216636,-0.0751149540802807,0.031,0.036,1,"PAN2","GSE214411","Myeloid",TRUE
0.549441951018646,-0.918204797990557,0.003,0.004,1,"TAF1A-AS1","GSE214411","Myeloid",TRUE
0.549441951018646,-2.11775829030936,0.003,0.004,1,"RP11-188P20.3","GSE214411","Myeloid",TRUE
0.549441951018646,-0.591152192756243,0.003,0.004,1,"CADPS","GSE214411","Myeloid",TRUE
0.549441951018646,-2.02646416729314,0.003,0.004,1,"GXYLT2","GSE214411","Myeloid",TRUE
0.549441951018646,-0.596887837835177,0.003,0.004,1,"ACTRT3","GSE214411","Myeloid",TRUE
0.549441951018646,-0.691442406385862,0.003,0.004,1,"GYPE","GSE214411","Myeloid",TRUE
0.549441951018646,-1.0703068290886,0.003,0.004,1,"LY6G5B","GSE214411","Myeloid",TRUE
0.549441951018646,-0.689738024744283,0.003,0.004,1,"RP11-1275H24.2","GSE214411","Myeloid",TRUE
0.549441951018646,-1.780537701485,0.003,0.004,1,"RP11-340F14.6","GSE214411","Myeloid",TRUE
0.549441951018646,-1.69650835654131,0.003,0.004,1,"AC009120.11","GSE214411","Myeloid",TRUE
0.549441951018646,-0.810899156729968,0.003,0.004,1,"CORO6","GSE214411","Myeloid",TRUE
0.549441951018646,0.516688578399702,0.003,0.004,1,"RP13-753N3.3","GSE214411","Myeloid",TRUE
0.549572005415968,0.594700405372995,0.013,0.011,1,"OSBPL10","GSE214411","Myeloid",TRUE
0.549648308309016,0.605952609506476,0.017,0.014,1,"AGBL5","GSE214411","Myeloid",TRUE
0.549666028929454,0.319718044341242,0.097,0.106,1,"SPARCL1","GSE214411","Myeloid",TRUE
0.549934681570623,-0.849308275108236,0.003,0.004,1,"CGN","GSE214411","Myeloid",TRUE
0.549934681570623,-0.521435145046354,0.003,0.004,1,"CTA-14H9.5","GSE214411","Myeloid",TRUE
0.549934681570623,-0.453859694089767,0.003,0.004,1,"LINC00327","GSE214411","Myeloid",TRUE
0.549934681570623,-0.369273657647976,0.003,0.004,1,"ARHGAP44","GSE214411","Myeloid",TRUE
0.549934681570623,-0.595785708874534,0.003,0.004,1,"RP11-244M2.1","GSE214411","Myeloid",TRUE
0.549934681570623,1.15134508738592,0.003,0.004,1,"ANKRD24","GSE214411","Myeloid",TRUE
0.549934681570623,-0.906579181625652,0.003,0.004,1,"ZNF20","GSE214411","Myeloid",TRUE
0.549985965749267,0.258772298703658,0.104,0.095,1,"MTHFD1L","GSE214411","Myeloid",TRUE
0.550015200106351,-0.175350920196803,0.075,0.081,1,"TCEAL1","GSE214411","Myeloid",TRUE
0.550311936801058,1.64580134036317,0.009,0.012,1,"ST3GAL4-AS1","GSE214411","Myeloid",TRUE
0.550393193242893,-1.92489982613083,0.007,0.01,1,"CH507-9B2.1","GSE214411","Myeloid",TRUE
0.550427629735483,-0.378198548187542,0.003,0.004,1,"RP5-1024G6.5","GSE214411","Myeloid",TRUE
0.550427629735483,-1.2489834378063,0.003,0.004,1,"LIMS2","GSE214411","Myeloid",TRUE
0.550427629735483,-0.8124043717421,0.003,0.004,1,"RNF32","GSE214411","Myeloid",TRUE
0.550427629735483,-0.551612599295995,0.003,0.004,1,"GLB1L2","GSE214411","Myeloid",TRUE
0.550427629735483,-0.572830439772797,0.003,0.004,1,"LTB4R2","GSE214411","Myeloid",TRUE
0.550427629735483,-0.390124059361543,0.003,0.004,1,"C14orf37","GSE214411","Myeloid",TRUE
0.550427629735483,0.115758772971128,0.003,0.004,1,"RP11-471B22.3","GSE214411","Myeloid",TRUE
0.550427629735483,-0.127230729895147,0.003,0.004,1,"RHBDF1","GSE214411","Myeloid",TRUE
0.550427629735483,-0.466637161605996,0.003,0.004,1,"FAM92B","GSE214411","Myeloid",TRUE
0.550427629735483,0.236963232361293,0.003,0.004,1,"AC137934.1","GSE214411","Myeloid",TRUE
0.550427629735483,-0.32353384670452,0.003,0.004,1,"RP11-78O7.2","GSE214411","Myeloid",TRUE
0.550427629735483,0.792067880362598,0.003,0.004,1,"MEIOC","GSE214411","Myeloid",TRUE
0.550512107081059,-0.442160308276597,0.021,0.024,1,"PJA1","GSE214411","Myeloid",TRUE
0.550535886861778,-0.496377054869964,0.145,0.147,1,"C10orf128","GSE214411","Myeloid",TRUE
0.550614692299691,0.303543966505194,0.008,0.011,1,"SNX22","GSE214411","Myeloid",TRUE
0.550692889908958,0.310269982498832,0.119,0.11,1,"YARS","GSE214411","Myeloid",TRUE
0.550914933036385,-0.721533589371912,0.008,0.011,1,"PRDM11","GSE214411","Myeloid",TRUE
0.550920795340334,-0.507156957553377,0.003,0.004,1,"BNIPL","GSE214411","Myeloid",TRUE
0.550920795340334,0.298087798375525,0.003,0.004,1,"RP11-317P15.4","GSE214411","Myeloid",TRUE
0.550920795340334,-0.511273568045643,0.003,0.004,1,"POLN","GSE214411","Myeloid",TRUE
0.550920795340334,1.14897415113969,0.003,0.004,1,"NDP","GSE214411","Myeloid",TRUE
0.550920795340334,1.68981427290715,0.003,0.004,1,"OLFML2A","GSE214411","Myeloid",TRUE
0.550920795340334,-0.406507588314049,0.003,0.004,1,"RP11-701H24.9","GSE214411","Myeloid",TRUE
0.550920795340334,0.582697250414766,0.003,0.004,1,"TMEM59L","GSE214411","Myeloid",TRUE
0.551144196151064,0.716968053032319,0.013,0.011,1,"DGUOK-AS1","GSE214411","Myeloid",TRUE
0.551252159283368,-0.145812331180324,0.084,0.09,1,"PLAGL2","GSE214411","Myeloid",TRUE
0.551406442812031,0.90605621044327,0.013,0.011,1,"TNFAIP8L3","GSE214411","Myeloid",TRUE
0.551414178211967,-0.316077158614162,0.003,0.004,1,"SLC16A14","GSE214411","Myeloid",TRUE
0.551414178211967,1.75007266902503,0.003,0.004,1,"ADGRL3","GSE214411","Myeloid",TRUE
0.551454958598208,0.109707874436077,0.009,0.012,1,"ZP3","GSE214411","Myeloid",TRUE
0.551504685005333,1.69627092501902,0.017,0.014,1,"INPP4B","GSE214411","Myeloid",TRUE
0.551515656017879,0.746243702801542,0.008,0.011,1,"RP11-262H14.4","GSE214411","Myeloid",TRUE
0.551515656017879,-1.47921191152365,0.008,0.011,1,"ZNF473","GSE214411","Myeloid",TRUE
0.551724160833689,-0.307798989541153,0.049,0.054,1,"RBM15","GSE214411","Myeloid",TRUE
0.551816138184376,-0.426177446444501,0.008,0.011,1,"EML1","GSE214411","Myeloid",TRUE
0.551907778176861,-0.23355744023339,0.003,0.004,1,"TRIM58","GSE214411","Myeloid",TRUE
0.551907778176861,1.48467444981573,0.003,0.004,1,"IL17RD","GSE214411","Myeloid",TRUE
0.551907778176861,1.00309660867302,0.003,0.004,1,"SRPX2","GSE214411","Myeloid",TRUE
0.551907778176861,1.92118125904071,0.003,0.004,1,"C11orf70","GSE214411","Myeloid",TRUE
0.551907778176861,1.82273445446875,0.003,0.004,1,"DKK1","GSE214411","Myeloid",TRUE
0.551907778176861,0.547060984873378,0.003,0.004,1,"OVOL2","GSE214411","Myeloid",TRUE
0.55198354464388,-0.364341820537519,0.151,0.156,1,"LUZP1","GSE214411","Myeloid",TRUE
0.552026906761252,0.53444877173262,0.009,0.012,1,"SPON1","GSE214411","Myeloid",TRUE
0.552132232701935,0.287498018056969,0.178,0.165,1,"IMPA2","GSE214411","Myeloid",TRUE
0.552401595061184,1.49790502354844,0.003,0.004,1,"DNM3","GSE214411","Myeloid",TRUE
0.552401595061184,1.24041415778273,0.003,0.004,1,"TACC2","GSE214411","Myeloid",TRUE
0.552401595061184,1.22462592415515,0.003,0.004,1,"LIPE","GSE214411","Myeloid",TRUE
0.552461216228461,0.743292286468257,0.038,0.033,1,"FASTKD5","GSE214411","Myeloid",TRUE
0.55252682503053,0.176780199316294,0.115,0.105,1,"PLPP5","GSE214411","Myeloid",TRUE
0.552548738237622,0.990560953176938,0.056,0.05,1,"CSAD","GSE214411","Myeloid",TRUE
0.552605559353432,-0.731746369988587,0.072,0.077,1,"GRWD1","GSE214411","Myeloid",TRUE
0.552895628690787,2.31619074203024,0.003,0.004,1,"TTLL7","GSE214411","Myeloid",TRUE
0.552895628690787,2.02399737506687,0.003,0.004,1,"SLC45A3","GSE214411","Myeloid",TRUE
0.553004113287975,-0.192369158803021,0.177,0.18,1,"RPS6KA4","GSE214411","Myeloid",TRUE
0.553055997242179,0.969122708815617,0.01,0.007,1,"CD70","GSE214411","Myeloid",TRUE
0.553319754204419,-0.510540512094837,0.008,0.011,1,"P2RX5","GSE214411","Myeloid",TRUE
0.55354287450538,-0.0284251078282272,0.107,0.097,1,"XPNPEP1","GSE214411","Myeloid",TRUE
0.553722310271529,0.159737034107756,0.296,0.272,1,"PPP4R3A","GSE214411","Myeloid",TRUE
0.553887286376698,0.282264646440827,0.007,0.01,1,"ZNF280C","GSE214411","Myeloid",TRUE
0.554032277848491,-0.240694271937171,0.013,0.011,1,"STXBP1","GSE214411","Myeloid",TRUE
0.554091248096856,0.526968063869467,0.063,0.069,1,"NRROS","GSE214411","Myeloid",TRUE
0.554120120680037,0.335898138544148,0.085,0.077,1,"VPS13D","GSE214411","Myeloid",TRUE
0.55415135070592,-1.14248703539106,0.038,0.042,1,"MARCH3","GSE214411","Myeloid",TRUE
0.554222886549284,-0.317024315127147,0.008,0.011,1,"VAMP1","GSE214411","Myeloid",TRUE
0.554357539425716,-0.204792306047474,0.185,0.189,1,"PRRC2A","GSE214411","Myeloid",TRUE
0.554688685649076,0.597851481790438,0.031,0.036,1,"ORC2","GSE214411","Myeloid",TRUE
0.555048810398373,0.0232372223067943,0.022,0.026,1,"MTRF1","GSE214411","Myeloid",TRUE
0.555126739640423,0.928835873904458,0.008,0.011,1,"RABL2A","GSE214411","Myeloid",TRUE
0.555160552944629,-0.760659183060287,0.007,0.01,1,"CYGB","GSE214411","Myeloid",TRUE
0.555347486776878,0.0339973430152964,0.013,0.011,1,"RP11-344B5.2","GSE214411","Myeloid",TRUE
0.555479092902272,-1.73027228120843,0.007,0.01,1,"ODF3L1","GSE214411","Myeloid",TRUE
0.555479092902272,0.938464026902198,0.007,0.01,1,"C17orf53","GSE214411","Myeloid",TRUE
0.55552004065123,0.591359079664044,0.059,0.053,1,"LPAR2","GSE214411","Myeloid",TRUE
0.555703169661994,0.152058907300491,0.289,0.269,1,"G3BP2","GSE214411","Myeloid",TRUE
0.555718045081683,-0.290562539376972,0.01,0.013,1,"TGFBR3","GSE214411","Myeloid",TRUE
0.555794399193545,-2.46647898137126,0.004,0.005,1,"FNDC5","GSE214411","Myeloid",TRUE
0.555797722092491,1.05729099743347,0.007,0.01,1,"CYB5RL","GSE214411","Myeloid",TRUE
0.555812730298992,0.246523491322198,0.063,0.056,1,"EIF4E3","GSE214411","Myeloid",TRUE
0.556085121929508,0.989084405604141,0.052,0.047,1,"UBALD1","GSE214411","Myeloid",TRUE
0.556116440468349,0.0239209560133338,0.007,0.01,1,"ZNF784","GSE214411","Myeloid",TRUE
0.556120897530401,0.383241645040601,0.033,0.029,1,"FAM120C","GSE214411","Myeloid",TRUE
0.556137343488622,0.850924771241123,0.013,0.011,1,"GPC4","GSE214411","Myeloid",TRUE
0.556435247982855,-0.0185422288972958,0.007,0.01,1,"PGBD5","GSE214411","Myeloid",TRUE
0.556435247982855,-1.88314870442766,0.007,0.01,1,"CCDC74A","GSE214411","Myeloid",TRUE
0.556762851334321,-1.03303494262595,0.006,0.008,1,"FAM65C","GSE214411","Myeloid",TRUE
0.556768158704417,0.481080756684281,0.655,0.703,1,"GLUL","GSE214411","Myeloid",TRUE
0.55680662363784,-0.463888878569415,0.075,0.082,1,"LETM1","GSE214411","Myeloid",TRUE
0.556858870594741,-0.328505990247862,0.017,0.014,1,"CTB-31O20.2","GSE214411","Myeloid",TRUE
0.556900193847004,1.05044775665976,0.009,0.012,1,"TFF3","GSE214411","Myeloid",TRUE
0.55701150536885,0.0160383859050595,0.244,0.227,1,"TMEM131","GSE214411","Myeloid",TRUE
0.557102277635122,-0.790522881605144,0.006,0.008,1,"HIST1H3H","GSE214411","Myeloid",TRUE
0.557102277635122,-1.37570556432565,0.006,0.008,1,"PAN3-AS1","GSE214411","Myeloid",TRUE
0.557102277635122,-0.703120379319908,0.006,0.008,1,"ZNF223","GSE214411","Myeloid",TRUE
0.557106517731313,-1.85287866114029,0.004,0.005,1,"ADAMTS17","GSE214411","Myeloid",TRUE
0.557290381153085,0.546283978909303,0.038,0.033,1,"PCSK5","GSE214411","Myeloid",TRUE
0.55738796669022,-0.10896084653931,0.134,0.121,1,"LATS2","GSE214411","Myeloid",TRUE
0.557392204887558,0.245481688707517,0.007,0.01,1,"TMTC1","GSE214411","Myeloid",TRUE
0.557540530046972,0.880610366886763,0.008,0.011,1,"RTKN2","GSE214411","Myeloid",TRUE
0.557544225625265,-0.897878775489116,0.004,0.005,1,"RP4-657D16.3","GSE214411","Myeloid",TRUE
0.557544225625265,-1.66668243306095,0.004,0.005,1,"PCDHGA10","GSE214411","Myeloid",TRUE
0.557544225625265,-0.876246911388983,0.004,0.005,1,"FRK","GSE214411","Myeloid",TRUE
0.557544225625265,-1.2686927306578,0.004,0.005,1,"SLC29A4","GSE214411","Myeloid",TRUE
0.557544225625265,-1.36228980845125,0.004,0.005,1,"GAL","GSE214411","Myeloid",TRUE
0.557544225625265,-1.0199395469008,0.004,0.005,1,"IGHA1","GSE214411","Myeloid",TRUE
0.557631580529021,-0.207990278479531,0.341,0.344,1,"SEPT6","GSE214411","Myeloid",TRUE
0.557681825333901,-0.890006490960643,0.068,0.074,1,"NSUN4","GSE214411","Myeloid",TRUE
0.557767514408491,-1.21516137474579,0.005,0.007,1,"C9orf139","GSE214411","Myeloid",TRUE
0.557805228950388,1.02457313824874,0.066,0.06,1,"C21orf91","GSE214411","Myeloid",TRUE
0.557867904153269,0.986736844693652,0.034,0.03,1,"XKR8","GSE214411","Myeloid",TRUE
0.55794169838015,-3.07451437694527,0.004,0.006,1,"ACY1","GSE214411","Myeloid",TRUE
0.557982100840274,-0.942226822253444,0.004,0.005,1,"RP11-35G9.5","GSE214411","Myeloid",TRUE
0.558063384544953,-0.469494752146864,0.053,0.058,1,"ZDHHC16","GSE214411","Myeloid",TRUE
0.558069616564364,0.439840062538046,0.135,0.124,1,"KDM6A","GSE214411","Myeloid",TRUE
0.558073619807633,0.00953785264930662,0.041,0.036,1,"MBD5","GSE214411","Myeloid",TRUE
0.558252337475251,-1.60604055334071,0.02,0.023,1,"CLYBL","GSE214411","Myeloid",TRUE
0.558259768759013,-1.63745657642106,0.017,0.014,1,"C4orf36","GSE214411","Myeloid",TRUE
0.558338094492733,-1.27798365326587,0.004,0.006,1,"ANKRD20A4","GSE214411","Myeloid",TRUE
0.558420143254283,-0.81406869279976,0.004,0.005,1,"FXYD2","GSE214411","Myeloid",TRUE
0.558420143254283,-0.885289559244177,0.004,0.005,1,"FAM124A","GSE214411","Myeloid",TRUE
0.558420143254283,-0.268210812998698,0.004,0.005,1,"CTD-3193K9.4","GSE214411","Myeloid",TRUE
0.5585096608134,-0.396282059348742,0.007,0.01,1,"RP11-166P13.3","GSE214411","Myeloid",TRUE
0.558734627456432,-2.98569350412256,0.004,0.006,1,"GPR137C","GSE214411","Myeloid",TRUE
0.558858352745046,-0.863916084032264,0.004,0.005,1,"B4GALNT3","GSE214411","Myeloid",TRUE
0.558858352745046,-0.690815140616118,0.004,0.005,1,"RP11-380B4.3","GSE214411","Myeloid",TRUE
0.558858352745046,-2.35582284339081,0.004,0.005,1,"ZNF396","GSE214411","Myeloid",TRUE
0.558886989650921,-1.29975362211796,0.021,0.017,1,"GFRA2","GSE214411","Myeloid",TRUE
0.55893062568585,0.5127235462269,0.213,0.198,1,"CARD8","GSE214411","Myeloid",TRUE
0.558996735774908,0.280012496780095,0.101,0.092,1,"DUSP11","GSE214411","Myeloid",TRUE
0.559018191292621,-0.0171430519560936,0.031,0.036,1,"WDR4","GSE214411","Myeloid",TRUE
0.559038164690838,-0.712612881869931,0.013,0.011,1,"MYH11","GSE214411","Myeloid",TRUE
0.559131297180539,-2.43015589085718,0.004,0.006,1,"PACSIN3","GSE214411","Myeloid",TRUE
0.559131297180539,-1.07492419917807,0.004,0.006,1,"RP11-59H7.4","GSE214411","Myeloid",TRUE
0.559140949417621,1.71912449272428,0.006,0.008,1,"SLC44A3","GSE214411","Myeloid",TRUE
0.559140949417621,0.955083648421103,0.006,0.008,1,"MPO","GSE214411","Myeloid",TRUE
0.559160818153126,-0.0554572385521483,0.045,0.039,1,"C11orf84","GSE214411","Myeloid",TRUE
0.559167681347427,-0.534481666290749,0.038,0.042,1,"ZWILCH","GSE214411","Myeloid",TRUE
0.55922943621255,-0.0683380416499073,0.093,0.097,1,"NGDN","GSE214411","Myeloid",TRUE
0.559296729190127,-0.800449687809218,0.004,0.005,1,"SNTN","GSE214411","Myeloid",TRUE
0.559296729190127,-0.805304757353375,0.004,0.005,1,"WDR97","GSE214411","Myeloid",TRUE
0.559296729190127,-0.845612193187724,0.004,0.005,1,"DPF3","GSE214411","Myeloid",TRUE
0.559296729190127,-0.384653516450818,0.004,0.005,1,"SLA2","GSE214411","Myeloid",TRUE
0.559308519072723,-0.0239584066878455,0.007,0.01,1,"FBXO32","GSE214411","Myeloid",TRUE
0.559308519072723,-0.257076298271122,0.007,0.01,1,"C11orf98","GSE214411","Myeloid",TRUE
0.5594810798452,-0.11580676487953,0.006,0.008,1,"KCTD21","GSE214411","Myeloid",TRUE
0.559488703302429,0.552029227337323,0.03,0.025,1,"FOXP4","GSE214411","Myeloid",TRUE
0.559628215377492,0.403597320567576,0.007,0.01,1,"LOX","GSE214411","Myeloid",TRUE
0.559656778703488,1.34913247889347,0.008,0.011,1,"PRICKLE2","GSE214411","Myeloid",TRUE
0.559735272466904,-0.571457468438438,0.004,0.005,1,"SLC6A7","GSE214411","Myeloid",TRUE
0.559735272466904,0.0404965225287377,0.004,0.005,1,"CDH26","GSE214411","Myeloid",TRUE
0.559735272466904,-0.726895384045813,0.004,0.005,1,"PRR22","GSE214411","Myeloid",TRUE
0.559735272466904,-0.521848030165671,0.004,0.005,1,"ZNF404","GSE214411","Myeloid",TRUE
0.559778413396619,0.143522664411604,0.25,0.232,1,"ZBTB1","GSE214411","Myeloid",TRUE
0.559821310633716,-0.783131723573075,0.006,0.008,1,"PKN3","GSE214411","Myeloid",TRUE
0.559821310633716,0.740669359245611,0.006,0.008,1,"TBX2","GSE214411","Myeloid",TRUE
0.559830570917083,1.59167861128465,0.013,0.011,1,"LINC01125","GSE214411","Myeloid",TRUE
0.559948000300492,0.761663003655551,0.007,0.01,1,"PCDH18","GSE214411","Myeloid",TRUE
0.559957744068463,-0.79438892516737,0.005,0.007,1,"RP11-147L13.13","GSE214411","Myeloid",TRUE
0.559961064620341,-0.264308532841637,0.088,0.093,1,"CNOT11","GSE214411","Myeloid",TRUE
0.5600594437628,0.315528005297893,0.487,0.495,1,"CHMP2A","GSE214411","Myeloid",TRUE
0.560127878057359,-0.339809640459468,0.064,0.057,1,"TJP2","GSE214411","Myeloid",TRUE
0.560173982452564,-0.62388031305534,0.004,0.005,1,"ACTN2","GSE214411","Myeloid",TRUE
0.560173982452564,-0.529097248095288,0.004,0.005,1,"EAF1-AS1","GSE214411","Myeloid",TRUE
0.560173982452564,0.649620784136571,0.004,0.005,1,"CCNO","GSE214411","Myeloid",TRUE
0.560173982452564,-0.449521890622226,0.004,0.005,1,"POMK","GSE214411","Myeloid",TRUE
0.560173982452564,-0.0478286107146895,0.004,0.005,1,"PTPN20","GSE214411","Myeloid",TRUE
0.560197062503709,0.0842685337743114,0.269,0.27,1,"NECAP2","GSE214411","Myeloid",TRUE
0.560322126006298,-2.14872154292347,0.004,0.006,1,"C17orf64","GSE214411","Myeloid",TRUE
0.560322126006298,-2.09242120426744,0.004,0.006,1,"BACH1-IT2","GSE214411","Myeloid",TRUE
0.560323187343601,0.401741105066578,0.005,0.007,1,"SAMD13","GSE214411","Myeloid",TRUE
0.560323187343601,-0.652404042858795,0.005,0.007,1,"RP11-798M19.6","GSE214411","Myeloid",TRUE
0.560502073064065,0.0227115999094583,0.006,0.008,1,"RP11-195F19.5","GSE214411","Myeloid",TRUE
0.560502073064065,-0.584787118886055,0.006,0.008,1,"B4GALT6","GSE214411","Myeloid",TRUE
0.560502073064065,-0.520353777351924,0.006,0.008,1,"MIR646HG","GSE214411","Myeloid",TRUE
0.560587835810613,0.560850980806781,0.007,0.01,1,"CHI3L2","GSE214411","Myeloid",TRUE
0.560587835810613,1.07977829543753,0.007,0.01,1,"AC004381.6","GSE214411","Myeloid",TRUE
0.560612859024108,0.0749445076401001,0.004,0.005,1,"ANO5","GSE214411","Myeloid",TRUE
0.560612859024108,0.0404388266907354,0.004,0.005,1,"CCDC64","GSE214411","Myeloid",TRUE
0.560612859024108,-0.116805194715744,0.004,0.005,1,"DZIP1","GSE214411","Myeloid",TRUE
0.560612859024108,1.05703172813879,0.004,0.005,1,"RAC3","GSE214411","Myeloid",TRUE
0.5607193418624,-1.28213120669962,0.004,0.006,1,"C12orf60","GSE214411","Myeloid",TRUE
0.5607193418624,0.120379950269313,0.004,0.006,1,"HP","GSE214411","Myeloid",TRUE
0.5607193418624,-2.32592977471944,0.004,0.006,1,"SOX18","GSE214411","Myeloid",TRUE
0.560731728128471,0.131253930393402,0.422,0.43,1,"RBM47","GSE214411","Myeloid",TRUE
0.560842604590984,-0.718327818175257,0.006,0.008,1,"ZNF620","GSE214411","Myeloid",TRUE
0.560987343900427,0.540158209398464,0.155,0.162,1,"AIDA","GSE214411","Myeloid",TRUE
0.561051902058347,-0.855935839560251,0.004,0.005,1,"DLX6-AS1","GSE214411","Myeloid",TRUE
0.561051902058347,1.28191757104087,0.004,0.005,1,"CENPI","GSE214411","Myeloid",TRUE
0.561115433268366,0.378791224824076,0.088,0.094,1,"ZNF721","GSE214411","Myeloid",TRUE
0.561166228926184,1.39107069964352,0.022,0.018,1,"NAV2","GSE214411","Myeloid",TRUE
0.561183236249007,-0.531094663123797,0.006,0.008,1,"C20orf197","GSE214411","Myeloid",TRUE
0.561216531882535,0.016063205626772,0.109,0.114,1,"MDM2","GSE214411","Myeloid",TRUE
0.561266078594423,-0.167797662554662,0.064,0.07,1,"C3orf62","GSE214411","Myeloid",TRUE
0.561281136735216,0.0512576092991905,0.215,0.218,1,"MYO5A","GSE214411","Myeloid",TRUE
0.56139996812791,1.25690253434242,0.071,0.065,1,"DDX58","GSE214411","Myeloid",TRUE
0.561420210031359,-0.677434526815376,0.005,0.007,1,"LINC00987","GSE214411","Myeloid",TRUE
0.561491111431905,-0.593455384445813,0.004,0.005,1,"PROX1","GSE214411","Myeloid",TRUE
0.561491111431905,1.21626957857655,0.004,0.005,1,"ZDHHC23","GSE214411","Myeloid",TRUE
0.561491111431905,-0.178485105419305,0.004,0.005,1,"FOLR1","GSE214411","Myeloid",TRUE
0.561491111431905,1.14112561507974,0.004,0.005,1,"KLLN","GSE214411","Myeloid",TRUE
0.561491111431905,-0.245964845966312,0.004,0.005,1,"MAP1A","GSE214411","Myeloid",TRUE
0.561491111431905,-0.114458064120132,0.004,0.005,1,"CTD-2270P14.5","GSE214411","Myeloid",TRUE
0.561514182398014,0.09303265924994,0.004,0.006,1,"KCNJ2-AS1","GSE214411","Myeloid",TRUE
0.561679213249477,0.989869164116776,0.075,0.068,1,"PCNXL3","GSE214411","Myeloid",TRUE
0.561755361947554,-0.713005404053431,0.044,0.049,1,"SH2B1","GSE214411","Myeloid",TRUE
0.561868568150346,-0.0811428995006933,0.007,0.01,1,"PLS1","GSE214411","Myeloid",TRUE
0.561911806894464,-0.911290443010333,0.004,0.006,1,"SCG5","GSE214411","Myeloid",TRUE
0.561930487021218,1.76844657369983,0.004,0.005,1,"MPPED2","GSE214411","Myeloid",TRUE
0.561930487021218,0.0562695051701585,0.004,0.005,1,"SCGB2A2","GSE214411","Myeloid",TRUE
0.561930487021218,1.25300009062204,0.004,0.005,1,"TCTN2","GSE214411","Myeloid",TRUE
0.562130115605362,-0.0937736614996096,0.18,0.183,1,"JAK2","GSE214411","Myeloid",TRUE
0.56230682051212,0.428904834654344,0.235,0.219,1,"IST1","GSE214411","Myeloid",TRUE
0.56230956742109,-0.503358564885108,0.004,0.006,1,"RP11-390F4.3","GSE214411","Myeloid",TRUE
0.56230956742109,-0.701051936380957,0.004,0.006,1,"CCDC78","GSE214411","Myeloid",TRUE
0.562370028702534,0.974530121566718,0.004,0.005,1,"C9orf135","GSE214411","Myeloid",TRUE
0.562370028702534,1.47472887975572,0.004,0.005,1,"TMOD1","GSE214411","Myeloid",TRUE
0.562370028702534,1.50749485130954,0.004,0.005,1,"WDR66","GSE214411","Myeloid",TRUE
0.562388836527315,0.655825647813528,0.022,0.025,1,"SAPCD2","GSE214411","Myeloid",TRUE
0.562489777917703,-0.0150060118873845,0.087,0.093,1,"C16orf62","GSE214411","Myeloid",TRUE
0.562518270514666,-1.30429452624657,0.005,0.007,1,"LINC00539","GSE214411","Myeloid",TRUE
0.562546763038564,2.16955087314497,0.006,0.008,1,"IGSF10","GSE214411","Myeloid",TRUE
0.562707463886046,-0.132732581503692,0.004,0.006,1,"NAT8L","GSE214411","Myeloid",TRUE
0.562707463886046,0.771181856469615,0.004,0.006,1,"PALM","GSE214411","Myeloid",TRUE
0.562809736351911,0.857092854666378,0.004,0.005,1,"ZAP70","GSE214411","Myeloid",TRUE
0.562809736351911,1.77470350851172,0.004,0.005,1,"SULT1C4","GSE214411","Myeloid",TRUE
0.562809736351911,0.51518781123188,0.004,0.005,1,"AC093642.3","GSE214411","Myeloid",TRUE
0.562809736351911,1.30781775757656,0.004,0.005,1,"GYLTL1B","GSE214411","Myeloid",TRUE
0.562809736351911,2.11614302342454,0.004,0.005,1,"BDKRB2","GSE214411","Myeloid",TRUE
0.562830044551398,0.736266088082197,0.007,0.01,1,"LINC00926","GSE214411","Myeloid",TRUE
0.562837229286703,0.176170176319413,0.077,0.084,1,"TOMM40L","GSE214411","Myeloid",TRUE
0.563237752292369,3.12397420573954,0.009,0.012,1,"MAOA","GSE214411","Myeloid",TRUE
0.563250886436148,-2.30627810157773,0.005,0.007,1,"ZNF287","GSE214411","Myeloid",TRUE
0.563303068544667,-0.211496523541113,0.129,0.117,1,"ABI2","GSE214411","Myeloid",TRUE
0.563431985882431,-0.150884320746403,0.052,0.057,1,"FAM43A","GSE214411","Myeloid",TRUE
0.563503664262933,-0.164342156558487,0.004,0.006,1,"RP11-483I13.5","GSE214411","Myeloid",TRUE
0.563503664262933,-1.48025576095547,0.004,0.006,1,"C4BPB","GSE214411","Myeloid",TRUE
0.563503664262933,-0.350254403632531,0.004,0.006,1,"SIAH3","GSE214411","Myeloid",TRUE
0.563503664262933,0.207892914722191,0.004,0.006,1,"ZSWIM1","GSE214411","Myeloid",TRUE
0.563570456676766,0.25610120376775,0.006,0.008,1,"CCDC120","GSE214411","Myeloid",TRUE
0.563617366861455,-0.594461113473401,0.005,0.007,1,"CDH24","GSE214411","Myeloid",TRUE
0.563617366861455,0.631648861118488,0.005,0.007,1,"CLIP3","GSE214411","Myeloid",TRUE
0.563689649058154,1.88056565073702,0.004,0.005,1,"RP11-403P17.3","GSE214411","Myeloid",TRUE
0.563709816544204,-0.250895889123013,0.173,0.177,1,"NCBP2","GSE214411","Myeloid",TRUE
0.563901967990542,-0.941942951436489,0.004,0.006,1,"TMEM200A","GSE214411","Myeloid",TRUE
0.563901967990542,0.486233400260892,0.004,0.006,1,"TMPRSS13","GSE214411","Myeloid",TRUE
0.563901967990542,0.68007065033182,0.004,0.006,1,"JPH4","GSE214411","Myeloid",TRUE
0.5639118873033,-0.287237957333897,0.006,0.008,1,"CTC-428G20.6","GSE214411","Myeloid",TRUE
0.56391884098608,-0.296001623203064,0.066,0.072,1,"TRIM24","GSE214411","Myeloid",TRUE
0.563983962167277,-0.00465491274086727,0.005,0.007,1,"TSTD3","GSE214411","Myeloid",TRUE
0.563983962167277,-0.503180166585885,0.005,0.007,1,"ROM1","GSE214411","Myeloid",TRUE
0.564300407287836,-0.458059576543661,0.004,0.006,1,"UCN","GSE214411","Myeloid",TRUE
0.564300407287836,0.633299976890762,0.004,0.006,1,"SGMS1-AS1","GSE214411","Myeloid",TRUE
0.564350672281606,-0.538626520877105,0.005,0.007,1,"GATM-AS1","GSE214411","Myeloid",TRUE
0.564434267367217,1.18974152994269,0.007,0.01,1,"PARD3","GSE214411","Myeloid",TRUE
0.564595047328133,-0.00502846606132579,0.006,0.008,1,"USP27X","GSE214411","Myeloid",TRUE
0.564665224120762,-0.013515483773781,0.095,0.101,1,"PPP1R21","GSE214411","Myeloid",TRUE
0.56469898206234,0.524938456728385,0.004,0.006,1,"ARHGAP42","GSE214411","Myeloid",TRUE
0.56471749713234,1.12605865199803,0.005,0.007,1,"PLGLB1","GSE214411","Myeloid",TRUE
0.56471749713234,1.23489834333935,0.005,0.007,1,"LRRC37A3","GSE214411","Myeloid",TRUE
0.564776015045337,-0.093754609933255,0.219,0.224,1,"USP3","GSE214411","Myeloid",TRUE
0.564907935463767,0.387311490951516,0.063,0.056,1,"STK11IP","GSE214411","Myeloid",TRUE
0.564909503183011,-0.709902007178558,0.029,0.024,1,"GRK5","GSE214411","Myeloid",TRUE
0.56508443664729,0.517885675759007,0.005,0.007,1,"DOCK6","GSE214411","Myeloid",TRUE
0.565253858490754,-0.12511349639219,0.212,0.212,1,"MARK3","GSE214411","Myeloid",TRUE
0.565451490754177,-0.136340396823169,0.005,0.007,1,"RP11-294N21.3","GSE214411","Myeloid",TRUE
0.565451490754177,-0.397031599311672,0.005,0.007,1,"AP001437.1","GSE214411","Myeloid",TRUE
0.565496537672447,0.393157166337515,0.004,0.006,1,"SLC35F3","GSE214411","Myeloid",TRUE
0.565620533420185,-0.0723838867047233,0.006,0.008,1,"HIST1H2BJ","GSE214411","Myeloid",TRUE
0.565818659380629,0.726088233123654,0.005,0.007,1,"ITIH5","GSE214411","Myeloid",TRUE
0.565818659380629,0.244000649136388,0.005,0.007,1,"CLEC4G","GSE214411","Myeloid",TRUE
0.565923713628978,-1.31487524305299,0.013,0.011,1,"RP5-894A10.2","GSE214411","Myeloid",TRUE
0.566079265088003,0.653446561746838,0.082,0.074,1,"AURKA","GSE214411","Myeloid",TRUE
0.566294634078544,1.60928002342484,0.004,0.006,1,"F12","GSE214411","Myeloid",TRUE
0.566294634078544,1.48954599439199,0.004,0.006,1,"PRRG1","GSE214411","Myeloid",TRUE
0.566294634078544,-0.000686466889598059,0.004,0.006,1,"ERICD","GSE214411","Myeloid",TRUE
0.566294634078544,-0.32711319556405,0.004,0.006,1,"C19orf57","GSE214411","Myeloid",TRUE
0.566335912003326,0.721061367094026,0.022,0.026,1,"PRTFDC1","GSE214411","Myeloid",TRUE
0.566420801335004,-0.431871571140368,0.048,0.053,1,"MTURN","GSE214411","Myeloid",TRUE
0.566425777250261,-0.181235104088969,0.085,0.077,1,"CDC42BPB","GSE214411","Myeloid",TRUE
0.566553339902298,1.49298182977738,0.005,0.007,1,"SCML4","GSE214411","Myeloid",TRUE
0.566693884847565,0.828003000336919,0.004,0.006,1,"HECW2","GSE214411","Myeloid",TRUE
0.566693884847565,0.560932972556976,0.004,0.006,1,"HCG27","GSE214411","Myeloid",TRUE
0.5667244753488,-0.662956080854223,0.068,0.06,1,"LILRA1","GSE214411","Myeloid",TRUE
0.566825809133738,0.507293754393005,0.023,0.028,1,"TJP1","GSE214411","Myeloid",TRUE
0.566907513620747,-0.166771528183266,0.172,0.174,1,"SNRPA1","GSE214411","Myeloid",TRUE
0.566920851652326,1.44395004323744,0.005,0.007,1,"NCAM1","GSE214411","Myeloid",TRUE
0.567002308330383,0.800755592819544,0.155,0.144,1,"CSNK1E","GSE214411","Myeloid",TRUE
0.567091385542034,-0.212156753954726,0.022,0.018,1,"NPHS1","GSE214411","Myeloid",TRUE
0.567492791051406,1.9142486153582,0.004,0.006,1,"MORN5","GSE214411","Myeloid",TRUE
0.568077407023897,0.495268459532547,0.096,0.103,1,"SENP7","GSE214411","Myeloid",TRUE
0.568085082131454,-0.725702624667065,0.02,0.023,1,"TMEM237","GSE214411","Myeloid",TRUE
0.568473283455766,0.349591777863548,0.097,0.089,1,"PHF1","GSE214411","Myeloid",TRUE
0.568493914815956,0.172703689520155,0.046,0.04,1,"ASPHD2","GSE214411","Myeloid",TRUE
0.568699965345736,0.123771657844429,0.164,0.151,1,"OPN3","GSE214411","Myeloid",TRUE
0.568925806818645,0.148512117190908,0.426,0.426,1,"CCT8","GSE214411","Myeloid",TRUE
0.569045540632106,0.42151603433217,0.123,0.13,1,"AGO4","GSE214411","Myeloid",TRUE
0.569133019152921,0.664259062929598,0.039,0.043,1,"P3H2","GSE214411","Myeloid",TRUE
0.56935208790845,-1.03566493979657,0.028,0.032,1,"CDH23","GSE214411","Myeloid",TRUE
0.569397098626203,0.524827694917836,0.29,0.266,1,"PPP2R5C","GSE214411","Myeloid",TRUE
0.569595124713145,1.4812255967077,0.022,0.018,1,"TBC1D16","GSE214411","Myeloid",TRUE
0.569677489220596,0.0167631424592951,0.155,0.161,1,"SHMT2","GSE214411","Myeloid",TRUE
0.569710349459143,-0.0822736068397507,0.03,0.034,1,"FAR2","GSE214411","Myeloid",TRUE
0.570142146653495,0.00505305775561204,0.051,0.046,1,"PLCB3","GSE214411","Myeloid",TRUE
0.570165352307931,0.0589161874118016,0.039,0.043,1,"SLC30A6","GSE214411","Myeloid",TRUE
0.570339299627246,0.439492039457862,0.018,0.015,1,"HACE1","GSE214411","Myeloid",TRUE
0.570490936438489,-0.304898515053995,0.077,0.07,1,"PES1","GSE214411","Myeloid",TRUE
0.570507779873486,0.38046367324835,0.236,0.217,1,"THUMPD3-AS1","GSE214411","Myeloid",TRUE
0.571059546554736,0.228021709306456,0.04,0.044,1,"ZNF384","GSE214411","Myeloid",TRUE
0.572100384715243,-0.124914731467103,0.116,0.122,1,"FBXW2","GSE214411","Myeloid",TRUE
0.5721818190034,-0.406483376228854,0.092,0.096,1,"MOGS","GSE214411","Myeloid",TRUE
0.57264981800906,0.466252682411809,0.147,0.155,1,"WIPF2","GSE214411","Myeloid",TRUE
0.572763322876577,0.670317879081625,0.031,0.026,1,"ANAPC2","GSE214411","Myeloid",TRUE
0.572786794352856,0.308040330891133,0.418,0.456,1,"OLR1","GSE214411","Myeloid",TRUE
0.573204564247552,0.326560171760044,0.06,0.054,1,"DEDD","GSE214411","Myeloid",TRUE
0.5732486698824,-0.461126590479894,0.047,0.052,1,"OXCT1","GSE214411","Myeloid",TRUE
0.573741135097469,0.179508562337156,0.398,0.411,1,"RAB10","GSE214411","Myeloid",TRUE
0.574074027478241,0.132370474088223,0.084,0.09,1,"PPM1D","GSE214411","Myeloid",TRUE
0.574736968770395,0.496131829156443,0.383,0.371,1,"TANK","GSE214411","Myeloid",TRUE
0.575218348017856,0.340177237857154,0.087,0.093,1,"DCAF8","GSE214411","Myeloid",TRUE
0.575636021365779,-0.0620338985632474,0.075,0.081,1,"CNST","GSE214411","Myeloid",TRUE
0.575684359100911,0.0916635836531305,0.194,0.199,1,"MOB4","GSE214411","Myeloid",TRUE
0.575685948141408,0.00872374836701351,0.136,0.139,1,"RTN1","GSE214411","Myeloid",TRUE
0.575895488444792,-0.599457426621245,0.019,0.022,1,"RP11-1000B6.3","GSE214411","Myeloid",TRUE
0.575895488444792,-0.751314723991832,0.019,0.022,1,"RASGRF1","GSE214411","Myeloid",TRUE
0.575929845180584,0.204100814847336,0.213,0.219,1,"LPGAT1","GSE214411","Myeloid",TRUE
0.575936553554308,-0.388864549633327,0.07,0.062,1,"TNFAIP8L1","GSE214411","Myeloid",TRUE
0.575974740855576,-0.389689334276652,0.131,0.135,1,"HCFC1","GSE214411","Myeloid",TRUE
0.576032804351278,-0.21496568853837,0.137,0.143,1,"ANO6","GSE214411","Myeloid",TRUE
0.576079050532992,0.0361553679677063,0.292,0.301,1,"PTPN12","GSE214411","Myeloid",TRUE
0.576172741473129,-0.539575779061102,0.02,0.023,1,"L3MBTL4","GSE214411","Myeloid",TRUE
0.576237415403203,-0.139000534813833,0.058,0.062,1,"NOL9","GSE214411","Myeloid",TRUE
0.576295760377701,-0.539748410717199,0.029,0.033,1,"PTRF","GSE214411","Myeloid",TRUE
0.576299530036826,0.0871451172365867,0.066,0.059,1,"ATL2","GSE214411","Myeloid",TRUE
0.576310934581387,0.166512397772713,0.018,0.015,1,"FJX1","GSE214411","Myeloid",TRUE
0.576771510310414,1.22900767119437,0.018,0.015,1,"RP11-977G19.11","GSE214411","Myeloid",TRUE
0.576996896190327,0.209409966254685,0.076,0.07,1,"INF2","GSE214411","Myeloid",TRUE
0.577079122178409,0.241838829393567,0.125,0.113,1,"ADAP1","GSE214411","Myeloid",TRUE
0.577229726982636,-0.341314965269426,0.021,0.024,1,"NEDD4","GSE214411","Myeloid",TRUE
0.577351516832374,0.375258277989123,0.502,0.506,1,"LCP2","GSE214411","Myeloid",TRUE
0.577390561307556,-0.234337856013521,0.02,0.023,1,"SARM1","GSE214411","Myeloid",TRUE
0.577611263543801,-0.509769867001181,0.03,0.025,1,"FASTKD3","GSE214411","Myeloid",TRUE
0.577913508265697,0.348675751264552,0.384,0.362,1,"ANAPC16","GSE214411","Myeloid",TRUE
0.578285211812642,-0.152196029918431,0.097,0.088,1,"NT5DC1","GSE214411","Myeloid",TRUE
0.57871636343532,0.0797230225284373,0.257,0.26,1,"EIF4G1","GSE214411","Myeloid",TRUE
0.578953987339054,0.0154616317211564,0.103,0.108,1,"PDP1","GSE214411","Myeloid",TRUE
0.579113520636475,-0.179912122955351,0.07,0.075,1,"LAS1L","GSE214411","Myeloid",TRUE
0.579280489958392,0.140210748706415,0.029,0.033,1,"LRP5L","GSE214411","Myeloid",TRUE
0.579320274492596,0.15961479944816,0.036,0.04,1,"PRMT3","GSE214411","Myeloid",TRUE
0.579934389952196,-0.0978033303529737,0.079,0.085,1,"FARP2","GSE214411","Myeloid",TRUE
0.580014165248542,0.401081757525599,0.221,0.208,1,"TIMMDC1","GSE214411","Myeloid",TRUE
0.580399224381407,0.13642655337979,0.06,0.054,1,"H2AFY2","GSE214411","Myeloid",TRUE
0.580683058307712,-0.170706669792383,0.076,0.069,1,"FOXK1","GSE214411","Myeloid",TRUE
0.580812294319608,0.276544822810016,0.214,0.195,1,"SNHG7","GSE214411","Myeloid",TRUE
0.581155610207328,0.599597687018027,0.018,0.015,1,"ZSCAN25","GSE214411","Myeloid",TRUE
0.581186147327549,0.136157139219971,0.168,0.176,1,"APAF1","GSE214411","Myeloid",TRUE
0.581737308671549,0.0502456587295943,0.084,0.076,1,"SMG9","GSE214411","Myeloid",TRUE
0.581995959834169,0.0156367924039589,0.084,0.089,1,"COQ7","GSE214411","Myeloid",TRUE
0.582065729364334,0.286671008751983,0.109,0.115,1,"SLC36A4","GSE214411","Myeloid",TRUE
0.582150180447907,0.126275778203561,0.23,0.231,1,"PPP2R5E","GSE214411","Myeloid",TRUE
0.583241466558318,-0.948920708124329,0.066,0.071,1,"DUSP12","GSE214411","Myeloid",TRUE
0.583436239946551,-0.178722851624628,0.075,0.081,1,"VAC14","GSE214411","Myeloid",TRUE
0.583721921781128,0.375218246073574,0.058,0.052,1,"FRAT1","GSE214411","Myeloid",TRUE
0.5838572027515,0.321084536878554,0.031,0.036,1,"RAMP2","GSE214411","Myeloid",TRUE
0.584014473942524,0.388467165627866,0.019,0.022,1,"RAB3A","GSE214411","Myeloid",TRUE
0.584383521315673,-0.134212526223144,0.308,0.309,1,"SDHD","GSE214411","Myeloid",TRUE
0.584412744558588,-0.258812978075313,0.028,0.032,1,"ASB7","GSE214411","Myeloid",TRUE
0.584471377227656,0.097613680809959,0.108,0.113,1,"TCF7L2","GSE214411","Myeloid",TRUE
0.584498872500262,0.2193790114802,0.587,0.609,1,"PHACTR1","GSE214411","Myeloid",TRUE
0.584703023890636,0.168305540183893,0.057,0.051,1,"NBL1","GSE214411","Myeloid",TRUE
0.584723161391906,1.05001961941896,0.093,0.1,1,"ATP10D","GSE214411","Myeloid",TRUE
0.584919414472102,-0.065838563728049,0.168,0.156,1,"TMBIM1","GSE214411","Myeloid",TRUE
0.585099417445431,0.747104962036255,0.031,0.026,1,"GPM6B","GSE214411","Myeloid",TRUE
0.585141890416349,0.198637713753335,0.305,0.29,1,"EIF3J","GSE214411","Myeloid",TRUE
0.58526318837315,0.230186263501579,0.347,0.328,1,"TM9SF3","GSE214411","Myeloid",TRUE
0.585364651766225,1.10605374372537,0.047,0.052,1,"ZNF200","GSE214411","Myeloid",TRUE
0.585400808803014,1.30733721976712,0.037,0.033,1,"HMGN5","GSE214411","Myeloid",TRUE
0.585456842737336,-0.061995471869503,0.051,0.056,1,"TEP1","GSE214411","Myeloid",TRUE
0.585470351892118,0.0442803498837496,0.049,0.043,1,"JAG1","GSE214411","Myeloid",TRUE
0.585533461566227,0.196242319080582,0.59,0.629,1,"RBM39","GSE214411","Myeloid",TRUE
0.585633871645333,0.39794414918048,0.215,0.198,1,"ZNRD1","GSE214411","Myeloid",TRUE
0.585765408643197,-0.488266096993749,0.093,0.099,1,"ABT1","GSE214411","Myeloid",TRUE
0.585871696905666,0.150862725807535,0.179,0.167,1,"PRKCA","GSE214411","Myeloid",TRUE
0.58590299127821,0.616685401081393,0.049,0.054,1,"MOSPD3","GSE214411","Myeloid",TRUE
0.586187138375788,2.98282308340895,0.007,0.005,1,"RP1-197B17.3","GSE214411","Myeloid",TRUE
0.586187138375788,1.10360561612844,0.007,0.005,1,"RP11-84C10.2","GSE214411","Myeloid",TRUE
0.586449824861204,-0.019806515398471,0.078,0.084,1,"ANGEL2","GSE214411","Myeloid",TRUE
0.586464486833636,-0.17637503592832,0.111,0.117,1,"RASAL3","GSE214411","Myeloid",TRUE
0.586572859051252,0.445892084020488,0.102,0.108,1,"SLC15A4","GSE214411","Myeloid",TRUE
0.586673649732116,-0.0924197610897415,0.186,0.192,1,"ADSS","GSE214411","Myeloid",TRUE
0.587217625203451,-0.0443298306306978,0.119,0.109,1,"TCTN3","GSE214411","Myeloid",TRUE
0.587227286953269,2.43380679871474,0.011,0.008,1,"SLC44A4","GSE214411","Myeloid",TRUE
0.587324309169373,0.329739571292889,0.075,0.081,1,"RALGAPA2","GSE214411","Myeloid",TRUE
0.587681653371299,1.89408189815067,0.007,0.005,1,"CELSR1","GSE214411","Myeloid",TRUE
0.587855852827303,-0.182485684534395,0.398,0.4,1,"ALDH2","GSE214411","Myeloid",TRUE
0.588139076252566,1.20438051953069,0.035,0.031,1,"BCR","GSE214411","Myeloid",TRUE
0.588363942378628,0.852687703856307,0.029,0.033,1,"UBR5-AS1","GSE214411","Myeloid",TRUE
0.588526892648195,-0.102951232439805,0.092,0.097,1,"HARS","GSE214411","Myeloid",TRUE
0.588737250257108,1.79892958932951,0.011,0.008,1,"IFNG","GSE214411","Myeloid",TRUE
0.588785847195823,0.132415945042362,0.252,0.232,1,"ELMSAN1","GSE214411","Myeloid",TRUE
0.589177928587529,-1.08477632579734,0.007,0.005,1,"RP3-402G11.26","GSE214411","Myeloid",TRUE
0.589375804162269,-0.704260718448579,0.034,0.038,1,"CCDC149","GSE214411","Myeloid",TRUE
0.589455117142077,-0.332118153475786,0.167,0.169,1,"TIGAR","GSE214411","Myeloid",TRUE
0.589463372643334,0.0957428630748156,0.175,0.181,1,"NIPA2","GSE214411","Myeloid",TRUE
0.589552271842128,1.50563396443787,0.007,0.005,1,"LINC01534","GSE214411","Myeloid",TRUE
0.58990400638886,-0.728389910273638,0.018,0.021,1,"SLX4","GSE214411","Myeloid",TRUE
0.589926724720788,2.16041429830918,0.007,0.005,1,"DRC3","GSE214411","Myeloid",TRUE
0.590240828810974,0.665008235666499,0.03,0.034,1,"CFL2","GSE214411","Myeloid",TRUE
0.590301287145277,0.484836234271949,0.007,0.005,1,"MS4A8","GSE214411","Myeloid",TRUE
0.59034531580021,-0.170424672495453,0.212,0.194,1,"COQ10B","GSE214411","Myeloid",TRUE
0.590497364263938,0.663583001764297,0.014,0.012,1,"BMP2","GSE214411","Myeloid",TRUE
0.590732108155435,0.224170392535925,0.228,0.214,1,"KIF1B","GSE214411","Myeloid",TRUE
0.590823421746215,0.34166304924293,0.126,0.132,1,"ZBTB44","GSE214411","Myeloid",TRUE
0.591347339609558,0.407548978190992,0.692,0.744,1,"ZFP36L1","GSE214411","Myeloid",TRUE
0.591425630910088,1.31293253828171,0.007,0.005,1,"RP11-356J5.12","GSE214411","Myeloid",TRUE
0.591485088004165,0.0268728945120655,0.166,0.153,1,"USE1","GSE214411","Myeloid",TRUE
0.591515866584889,0.8025402101957,0.083,0.077,1,"MSX1","GSE214411","Myeloid",TRUE
0.591666013178648,-0.168610808461533,0.262,0.263,1,"PSMF1","GSE214411","Myeloid",TRUE
0.591781285831289,-0.216714940484688,0.047,0.051,1,"DLAT","GSE214411","Myeloid",TRUE
0.591802384128814,0.503672245567492,0.014,0.012,1,"PODXL2","GSE214411","Myeloid",TRUE
0.592063546953636,0.406997632981323,0.014,0.012,1,"EPS8L1","GSE214411","Myeloid",TRUE
0.592080780647658,0.434578783255409,0.159,0.147,1,"SLAIN2","GSE214411","Myeloid",TRUE
0.592143684677984,0.0129267953559693,0.15,0.139,1,"EMC8","GSE214411","Myeloid",TRUE
0.59224335347284,0.210724589596729,0.057,0.051,1,"CTPS1","GSE214411","Myeloid",TRUE
0.592420050494807,0.350593716667762,0.385,0.378,1,"TMEM167A","GSE214411","Myeloid",TRUE
0.592550957762634,-0.410635781855726,0.007,0.005,1,"CTD-3222D19.8","GSE214411","Myeloid",TRUE
0.592550957762634,1.1375846841692,0.007,0.005,1,"CPT1B","GSE214411","Myeloid",TRUE
0.592817125753125,-0.0555874230202447,0.019,0.022,1,"GPHN","GSE214411","Myeloid",TRUE
0.592895287955755,0.931106106065456,0.022,0.019,1,"CST6","GSE214411","Myeloid",TRUE
0.592935933078272,0.0168222925151698,0.844,0.941,1,"RPS12","GSE214411","Myeloid",TRUE
0.59320410362026,0.148025728018713,0.661,0.721,1,"UBE2D3","GSE214411","Myeloid",TRUE
0.593267165721903,-0.533756415361415,0.035,0.039,1,"RP11-468E2.4","GSE214411","Myeloid",TRUE
0.593277861060789,0.650231250839036,0.011,0.008,1,"CEP170B","GSE214411","Myeloid",TRUE
0.593301720774403,-0.336415853403245,0.007,0.005,1,"RP11-162G10.5","GSE214411","Myeloid",TRUE
0.59332856878333,-0.1167768321163,0.088,0.081,1,"RIPK1","GSE214411","Myeloid",TRUE
0.593581137914383,-0.0882106590363749,0.011,0.008,1,"NEIL3","GSE214411","Myeloid",TRUE
0.59367726557652,1.40625325541343,0.007,0.005,1,"RP11-49I11.1","GSE214411","Myeloid",TRUE
0.593939455261116,-1.1354454427577,0.016,0.019,1,"FN3K","GSE214411","Myeloid",TRUE
0.593970803058236,0.0321471275637295,0.536,0.564,1,"BRK1","GSE214411","Myeloid",TRUE
0.594311818414684,0.762117698519912,0.046,0.051,1,"PHKA2","GSE214411","Myeloid",TRUE
0.594428681377699,-0.553682941889099,0.007,0.005,1,"HTRA3","GSE214411","Myeloid",TRUE
0.594428681377699,-0.682088529963458,0.007,0.005,1,"KATNAL2","GSE214411","Myeloid",TRUE
0.594428681377699,-0.502097833065705,0.007,0.005,1,"MLC1","GSE214411","Myeloid",TRUE
0.59449139399634,2.01506991712199,0.011,0.008,1,"CRACR2B","GSE214411","Myeloid",TRUE
0.594685031537658,0.0933882677794466,0.173,0.18,1,"RAB9A","GSE214411","Myeloid",TRUE
0.594804552218293,-0.782678472382406,0.007,0.005,1,"AC004540.5","GSE214411","Myeloid",TRUE
0.594984669710936,-0.2001708727782,0.017,0.02,1,"CES4A","GSE214411","Myeloid",TRUE
0.595098585567864,-0.662252933963755,0.011,0.008,1,"CDC25C","GSE214411","Myeloid",TRUE
0.595098585567864,1.76133116153449,0.011,0.008,1,"FBXL18","GSE214411","Myeloid",TRUE
0.595156964946345,-0.0917414613979926,0.143,0.146,1,"URM1","GSE214411","Myeloid",TRUE
0.595390401426359,0.150795284222476,0.047,0.052,1,"MAP4K2","GSE214411","Myeloid",TRUE
0.595402287483269,1.57533667675871,0.011,0.008,1,"NOSTRIN","GSE214411","Myeloid",TRUE
0.595402287483269,1.77425200720588,0.011,0.008,1,"CLMP","GSE214411","Myeloid",TRUE
0.595529590030302,-1.47152762937564,0.016,0.019,1,"ZNF45","GSE214411","Myeloid",TRUE
0.596009903363959,-0.119675161170562,0.011,0.008,1,"DNM1","GSE214411","Myeloid",TRUE
0.596092419016886,-0.0412531389192958,0.117,0.12,1,"GUCD1","GSE214411","Myeloid",TRUE
0.596117482674097,0.0131447674967964,0.122,0.128,1,"MPRIP","GSE214411","Myeloid",TRUE
0.596617801698184,0.911659077107438,0.011,0.008,1,"CTC-444N24.8","GSE214411","Myeloid",TRUE
0.596843278855426,0.614873739464664,0.059,0.054,1,"CTGF","GSE214411","Myeloid",TRUE
0.59693425604104,0.128193226192511,0.135,0.142,1,"BAK1","GSE214411","Myeloid",TRUE
0.597015599982816,0.48597574288361,0.018,0.021,1,"LYSMD4","GSE214411","Myeloid",TRUE
0.597221937251459,0.262275307328785,0.119,0.125,1,"AK3","GSE214411","Myeloid",TRUE
0.597736418140658,0.554147211071219,0.027,0.031,1,"OSR2","GSE214411","Myeloid",TRUE
0.597901683225173,0.617403703857872,0.089,0.083,1,"TMEM71","GSE214411","Myeloid",TRUE
0.598138781060954,-1.37387542783209,0.011,0.008,1,"SYTL2","GSE214411","Myeloid",TRUE
0.598249635669227,0.116047977724016,0.372,0.372,1,"SNRPB2","GSE214411","Myeloid",TRUE
0.598457424015415,-0.094683883368436,0.08,0.086,1,"ZNF143","GSE214411","Myeloid",TRUE
0.598528071711352,-0.0432832205979055,0.064,0.057,1,"C2orf47","GSE214411","Myeloid",TRUE
0.598751404481766,-0.599687382417547,0.017,0.02,1,"RP3-399L15.3","GSE214411","Myeloid",TRUE
0.599060042686935,0.258134294315489,0.335,0.341,1,"SMARCA5","GSE214411","Myeloid",TRUE
0.599369224490802,-0.438000681339292,0.105,0.108,1,"TMEM206","GSE214411","Myeloid",TRUE
0.599712348605926,0.552500546864652,0.045,0.05,1,"ZSCAN18","GSE214411","Myeloid",TRUE
0.599815728085177,-0.0186302542242904,0.322,0.326,1,"PHF20L1","GSE214411","Myeloid",TRUE
0.599849386184035,-0.040446683318411,0.376,0.385,1,"RNF7","GSE214411","Myeloid",TRUE
0.600938422567191,-0.570394647941299,0.035,0.039,1,"ZNF587","GSE214411","Myeloid",TRUE
0.600972167992278,-0.834980750446964,0.017,0.02,1,"WDR27","GSE214411","Myeloid",TRUE
0.600986926910547,-0.282049572204855,0.083,0.087,1,"IRGQ","GSE214411","Myeloid",TRUE
0.601334980381208,0.428990915268022,0.045,0.05,1,"PSD3","GSE214411","Myeloid",TRUE
0.601354460877422,0.335908773491841,0.17,0.161,1,"FAM20C","GSE214411","Myeloid",TRUE
0.601769567788054,-0.0596185699471801,0.068,0.061,1,"TOP1MT","GSE214411","Myeloid",TRUE
0.601957919869568,0.260770745858259,0.151,0.141,1,"PTPN11","GSE214411","Myeloid",TRUE
0.602019225080169,-0.519671506211635,0.04,0.043,1,"NUBPL","GSE214411","Myeloid",TRUE
0.602101541467032,0.357409071409979,0.011,0.008,1,"RP11-449P15.2","GSE214411","Myeloid",TRUE
0.602101541467032,-0.0656774188094742,0.011,0.008,1,"RP11-1151B14.4","GSE214411","Myeloid",TRUE
0.602229983419525,0.613043986947039,0.102,0.093,1,"CLK4","GSE214411","Myeloid",TRUE
0.602394874068043,0.149155647047399,0.027,0.031,1,"SLC25A4","GSE214411","Myeloid",TRUE
0.602592394238376,-0.0500605806416685,0.226,0.226,1,"ADRBK2","GSE214411","Myeloid",TRUE
0.602684509029894,-0.832238365560533,0.035,0.039,1,"DAG1","GSE214411","Myeloid",TRUE
0.603145340693404,0.801045643668802,0.058,0.053,1,"SLC9A8","GSE214411","Myeloid",TRUE
0.603148118826442,0.518561281875612,0.075,0.068,1,"FLCN","GSE214411","Myeloid",TRUE
0.603155025456973,0.275009981554192,0.142,0.13,1,"USP32","GSE214411","Myeloid",TRUE
0.603628824687557,-0.21639423341351,0.011,0.008,1,"ZNF594","GSE214411","Myeloid",TRUE
0.603710924880468,-0.33605897893522,0.175,0.162,1,"DNAJC5","GSE214411","Myeloid",TRUE
0.603882412248568,-0.62817500455802,0.032,0.036,1,"KIF23","GSE214411","Myeloid",TRUE
0.604240225143586,-0.45842193217563,0.011,0.008,1,"FAM222A","GSE214411","Myeloid",TRUE
0.604458776112004,0.208556863236574,0.217,0.221,1,"COPS2","GSE214411","Myeloid",TRUE
0.6044858969078,0.906169041347975,0.03,0.034,1,"PECR","GSE214411","Myeloid",TRUE
0.604832518504014,0.0690693304213157,0.155,0.16,1,"NARF","GSE214411","Myeloid",TRUE
0.604883409651301,-0.470484425373215,0.027,0.023,1,"TMEM99","GSE214411","Myeloid",TRUE
0.605339875172039,-0.354979437921229,0.019,0.016,1,"RP5-858L17.1","GSE214411","Myeloid",TRUE
0.605356313601598,0.0990418026007807,0.701,0.788,1,"HSPA8","GSE214411","Myeloid",TRUE
0.605424823568578,0.0244341978280227,0.017,0.02,1,"ZFYVE28","GSE214411","Myeloid",TRUE
0.605465769276978,-0.301583863268187,0.052,0.057,1,"PDCD11","GSE214411","Myeloid",TRUE
0.605648470419542,0.476644931800772,0.027,0.023,1,"DHX37","GSE214411","Myeloid",TRUE
0.605648470419542,-1.12185926681902,0.027,0.023,1,"ABCA5","GSE214411","Myeloid",TRUE
0.6057699411983,-0.269408515019362,0.011,0.008,1,"CTD-2538C1.2","GSE214411","Myeloid",TRUE
0.605811534009276,0.0142435098977691,0.229,0.215,1,"EHD4","GSE214411","Myeloid",TRUE
0.605822734416098,0.201907722095644,0.335,0.329,1,"LILRB2","GSE214411","Myeloid",TRUE
0.605852155675973,0.195468007874678,0.208,0.211,1,"PVRL2","GSE214411","Myeloid",TRUE
0.606027007970384,1.24946028876208,0.019,0.016,1,"MAP9","GSE214411","Myeloid",TRUE
0.60631895736789,0.145927281389076,0.122,0.126,1,"RUVBL1","GSE214411","Myeloid",TRUE
0.606485534036947,0.216774667796811,0.256,0.254,1,"SSBP4","GSE214411","Myeloid",TRUE
0.606527469950979,-0.0554361771168184,0.045,0.04,1,"C5AR2","GSE214411","Myeloid",TRUE
0.606714489559343,-0.797746340155205,0.016,0.019,1,"PRELID2","GSE214411","Myeloid",TRUE
0.607450508106408,-0.0641437149693473,0.025,0.029,1,"FBXO41","GSE214411","Myeloid",TRUE
0.607842905391177,-1.11856180165793,0.024,0.028,1,"CLNK","GSE214411","Myeloid",TRUE
0.607882904901496,2.35693917625408,0.015,0.013,1,"TOM1L1","GSE214411","Myeloid",TRUE
0.60803140146457,0.259138116612709,0.066,0.06,1,"TRPM4","GSE214411","Myeloid",TRUE
0.608142666541169,0.0533230921740575,0.031,0.028,1,"PFAS","GSE214411","Myeloid",TRUE
0.608235970652896,-0.0306043247011516,0.045,0.04,1,"MLYCD","GSE214411","Myeloid",TRUE
0.608320036472134,0.573257926392277,0.031,0.028,1,"RALGPS2","GSE214411","Myeloid",TRUE
0.608646181725044,0.780522894837155,0.023,0.02,1,"SULT1B1","GSE214411","Myeloid",TRUE
0.608841802880478,0.358886816225391,0.512,0.524,1,"RAB7A","GSE214411","Myeloid",TRUE
0.609137979096689,0.121599054082878,0.049,0.043,1,"ZNF350","GSE214411","Myeloid",TRUE
0.609502666708547,-0.366013967397309,0.075,0.079,1,"YRDC","GSE214411","Myeloid",TRUE
0.609657696233584,-0.0826344287284746,0.066,0.059,1,"NFYA","GSE214411","Myeloid",TRUE
0.609887398053677,0.556503396422776,0.043,0.038,1,"ZNF266","GSE214411","Myeloid",TRUE
0.610039364241621,-0.0254544090926538,0.146,0.135,1,"TRAK1","GSE214411","Myeloid",TRUE
0.610062339317198,-0.507155131024602,0.011,0.008,1,"ZNF529-AS1","GSE214411","Myeloid",TRUE
0.610157112220342,0.754669596337757,0.019,0.016,1,"PRDM10","GSE214411","Myeloid",TRUE
0.610190712090929,-0.13062071095082,0.168,0.172,1,"MFSD14B","GSE214411","Myeloid",TRUE
0.610191776369923,1.33949328492748,0.046,0.051,1,"ZNF626","GSE214411","Myeloid",TRUE
0.610386928495662,0.802465353622601,0.019,0.016,1,"NCDN","GSE214411","Myeloid",TRUE
0.610687268212871,0.379768384360276,0.067,0.061,1,"TRAK2","GSE214411","Myeloid",TRUE
0.61084667625429,0.128972521825469,0.016,0.019,1,"ZNF568","GSE214411","Myeloid",TRUE
0.611016524072323,-0.110853479843543,0.164,0.15,1,"CHN2","GSE214411","Myeloid",TRUE
0.611105244926105,0.657074754780038,0.057,0.061,1,"FCF1","GSE214411","Myeloid",TRUE
0.611421574398239,-0.0141115844079485,0.019,0.016,1,"CRIPAK","GSE214411","Myeloid",TRUE
0.611473363472868,0.320202299365618,0.074,0.068,1,"SLC16A7","GSE214411","Myeloid",TRUE
0.61168323468129,0.473802403908405,0.017,0.02,1,"ANKRD35","GSE214411","Myeloid",TRUE
0.612069096319996,0.162734363462934,0.612,0.664,1,"NR4A1","GSE214411","Myeloid",TRUE
0.612091020431964,-0.225469939743386,0.137,0.142,1,"MRPS28","GSE214411","Myeloid",TRUE
0.612350343219372,-0.147718948705063,0.034,0.038,1,"CWF19L1","GSE214411","Myeloid",TRUE
0.61247451370547,0.289328454154156,0.053,0.048,1,"MINA","GSE214411","Myeloid",TRUE
0.612761752444167,0.864448311214789,0.028,0.032,1,"MSANTD3","GSE214411","Myeloid",TRUE
0.612803815575112,0.644731730054842,0.017,0.02,1,"AMOTL1","GSE214411","Myeloid",TRUE
0.612836544429666,0.190730206730053,0.034,0.038,1,"CDC42EP1","GSE214411","Myeloid",TRUE
0.613056673762771,-0.00276217776683163,0.243,0.239,1,"FLII","GSE214411","Myeloid",TRUE
0.613446887803712,0.198890271256075,0.044,0.039,1,"INTS4","GSE214411","Myeloid",TRUE
0.613461541209126,-0.0175274126418361,0.063,0.068,1,"ST3GAL2","GSE214411","Myeloid",TRUE
0.614166878732463,-0.891579758169341,0.015,0.018,1,"MON1A","GSE214411","Myeloid",TRUE
0.614299666740972,0.463965692420522,0.016,0.019,1,"NUMBL","GSE214411","Myeloid",TRUE
0.614440381212412,0.349268639726145,0.063,0.068,1,"NLRC5","GSE214411","Myeloid",TRUE
0.614630645087547,0.129632053998242,0.16,0.166,1,"STAT5A","GSE214411","Myeloid",TRUE
0.615115318617239,-0.475220673522009,0.015,0.018,1,"BCORL1","GSE214411","Myeloid",TRUE
0.615442806342839,0.482575191149381,0.028,0.024,1,"LSS","GSE214411","Myeloid",TRUE
0.615597755653145,-0.225654935911849,0.13,0.121,1,"SNCA","GSE214411","Myeloid",TRUE
0.617036623771359,0.393002436725018,0.053,0.057,1,"DHX58","GSE214411","Myeloid",TRUE
0.617360777662828,-0.254653290904675,0.04,0.044,1,"DNAAF2","GSE214411","Myeloid",TRUE
0.617452683418947,-0.248827862432748,0.04,0.043,1,"GLTSCR1L","GSE214411","Myeloid",TRUE
0.617454179792717,0.0115669303644683,0.79,0.889,1,"RPL6","GSE214411","Myeloid",TRUE
0.617489231471653,-1.28906258313552,0.015,0.018,1,"C10orf88","GSE214411","Myeloid",TRUE
0.617530192549842,-0.237865108712861,0.016,0.019,1,"L3MBTL4-AS1","GSE214411","Myeloid",TRUE
0.617626798147411,-0.935985411608074,0.023,0.026,1,"TANGO6","GSE214411","Myeloid",TRUE
0.617755145909761,-0.164101976901772,0.095,0.1,1,"DGKD","GSE214411","Myeloid",TRUE
0.617831880923723,-0.450826062576835,0.091,0.094,1,"DPAGT1","GSE214411","Myeloid",TRUE
0.618063600677656,0.378743818542621,0.056,0.06,1,"IPCEF1","GSE214411","Myeloid",TRUE
0.61811678938018,0.276385379278302,0.42,0.428,1,"KMT2E","GSE214411","Myeloid",TRUE
0.618117143438771,0.305457593538216,0.063,0.068,1,"PPP1R8","GSE214411","Myeloid",TRUE
0.61813082720483,0.0947464047380779,0.13,0.136,1,"PSME3","GSE214411","Myeloid",TRUE
0.61908256806364,0.191586077495595,0.061,0.066,1,"KCTD9","GSE214411","Myeloid",TRUE
0.619234757559304,0.826343118832856,0.054,0.049,1,"DNAJC14","GSE214411","Myeloid",TRUE
0.619429782443236,-0.06315207788924,0.053,0.057,1,"NIPSNAP1","GSE214411","Myeloid",TRUE
0.619629175822379,0.113187541782747,0.015,0.018,1,"HOXB4","GSE214411","Myeloid",TRUE
0.619824200305681,0.154855937215272,0.04,0.035,1,"ZBTB22","GSE214411","Myeloid",TRUE
0.619848837628239,-0.0325505612101313,0.833,0.926,1,"RPS28","GSE214411","Myeloid",TRUE
0.620368100155939,-0.029179892752361,0.161,0.168,1,"FIP1L1","GSE214411","Myeloid",TRUE
0.620475821343286,0.0786024602185238,0.034,0.038,1,"MCU","GSE214411","Myeloid",TRUE
0.620516110992642,0.306052623924335,0.155,0.16,1,"PARP4","GSE214411","Myeloid",TRUE
0.621042071708995,-0.14245570754472,0.058,0.062,1,"ASCC1","GSE214411","Myeloid",TRUE
0.621307536503546,0.318448898643986,0.111,0.101,1,"ZMIZ2","GSE214411","Myeloid",TRUE
0.621757275435792,-0.429885166023413,0.039,0.034,1,"ATP8A1","GSE214411","Myeloid",TRUE
0.62210066617618,0.416017035336672,0.268,0.257,1,"ERBB2IP","GSE214411","Myeloid",TRUE
0.622121224505748,0.459023683937593,0.08,0.085,1,"USPL1","GSE214411","Myeloid",TRUE
0.622362465345308,-0.0961143491560206,0.08,0.073,1,"RCC1","GSE214411","Myeloid",TRUE
0.622703754027024,1.24643344266765,0.02,0.017,1,"GSTO2","GSE214411","Myeloid",TRUE
0.623202914053418,-0.0975236724548099,0.015,0.018,1,"SCAI","GSE214411","Myeloid",TRUE
0.623300542630027,-0.495989714053945,0.031,0.028,1,"WRAP53","GSE214411","Myeloid",TRUE
0.623441480317838,0.228840432531562,0.015,0.018,1,"SH3RF3","GSE214411","Myeloid",TRUE
0.623458891767439,0.373336741275599,0.079,0.073,1,"RPRD1A","GSE214411","Myeloid",TRUE
0.624684795490479,-0.209235251231126,0.023,0.02,1,"OBSL1","GSE214411","Myeloid",TRUE
0.625097680731229,-0.0235813517676954,0.516,0.526,1,"TMEM258","GSE214411","Myeloid",TRUE
0.62521696338121,0.000689269966462458,0.056,0.06,1,"NUP188","GSE214411","Myeloid",TRUE
0.625517528301859,-0.509297210920501,0.023,0.02,1,"LZTFL1","GSE214411","Myeloid",TRUE
0.62558069460204,0.213777168102644,0.136,0.142,1,"VGLL4","GSE214411","Myeloid",TRUE
0.62622731928318,0.195823058073973,0.036,0.032,1,"NRF1","GSE214411","Myeloid",TRUE
0.626331963698166,0.130568288923037,0.199,0.201,1,"TUG1","GSE214411","Myeloid",TRUE
0.626377483562539,0.0286739010817945,0.015,0.013,1,"INADL","GSE214411","Myeloid",TRUE
0.626452196514768,-0.0362734589220168,0.119,0.125,1,"MARS","GSE214411","Myeloid",TRUE
0.626636051100294,0.361102376806072,0.015,0.013,1,"NBPF20","GSE214411","Myeloid",TRUE
0.626650905614517,0.0706313350969332,0.251,0.248,1,"FAM204A","GSE214411","Myeloid",TRUE
0.626841954456267,1.46653856421944,0.032,0.029,1,"CENPV","GSE214411","Myeloid",TRUE
0.627153323822168,0.0386015061495328,0.015,0.013,1,"RP11-79H23.3","GSE214411","Myeloid",TRUE
0.627401221115866,0.203997527161448,0.023,0.026,1,"KIAA0895L","GSE214411","Myeloid",TRUE
0.627402212540659,-0.149769181619468,0.07,0.075,1,"PDHX","GSE214411","Myeloid",TRUE
0.627412733542862,0.3070196514873,0.164,0.173,1,"ADNP","GSE214411","Myeloid",TRUE
0.627601157826142,0.253526742670252,0.116,0.121,1,"TACC3","GSE214411","Myeloid",TRUE
0.628075478509661,-0.864490194085093,0.101,0.105,1,"CRLS1","GSE214411","Myeloid",TRUE
0.628423408710974,-1.19656859564176,0.014,0.017,1,"KLHL26","GSE214411","Myeloid",TRUE
0.628747213717361,-0.0401337840940013,0.028,0.024,1,"GGACT","GSE214411","Myeloid",TRUE
0.628877348948982,-0.0997326634314479,0.071,0.076,1,"NLN","GSE214411","Myeloid",TRUE
0.629192462266649,-0.0969131189178976,0.098,0.09,1,"SOCS4","GSE214411","Myeloid",TRUE
0.629236299585866,0.343982608063391,0.173,0.178,1,"ITGAE","GSE214411","Myeloid",TRUE
0.629483317024195,0.211286504365238,0.015,0.013,1,"MYBL1","GSE214411","Myeloid",TRUE
0.629483317024195,0.504183214590252,0.015,0.013,1,"CA13","GSE214411","Myeloid",TRUE
0.629657190161609,-1.63620169436504,0.014,0.017,1,"CCL13","GSE214411","Myeloid",TRUE
0.629658012333428,1.00735769308589,0.015,0.018,1,"ZBTB45","GSE214411","Myeloid",TRUE
0.629761167206723,-0.662352631153811,0.032,0.036,1,"NOL6","GSE214411","Myeloid",TRUE
0.629815335710239,3.36525406605964,0.004,0.003,1,"FAM171B","GSE214411","Myeloid",TRUE
0.629972186738254,0.408088675489441,0.078,0.084,1,"SPRY2","GSE214411","Myeloid",TRUE
0.630150992494059,-0.193308573447379,0.014,0.017,1,"RP11-192H23.6","GSE214411","Myeloid",TRUE
0.630377006842915,-0.344682761473511,0.015,0.018,1,"FZD3","GSE214411","Myeloid",TRUE
0.630648017556503,0.00268891051579634,0.16,0.163,1,"EEF1E1","GSE214411","Myeloid",TRUE
0.630742710638607,-0.475674639415382,0.047,0.051,1,"HACL1","GSE214411","Myeloid",TRUE
0.630797444826346,2.3367789477207,0.004,0.003,1,"AL133245.2","GSE214411","Myeloid",TRUE
0.631043885236467,0.224087395830118,0.066,0.071,1,"NRM","GSE214411","Myeloid",TRUE
0.631176586505135,0.891822589630141,0.05,0.046,1,"CD7","GSE214411","Myeloid",TRUE
0.631177058762534,-0.0463215246875328,0.093,0.086,1,"IFT57","GSE214411","Myeloid",TRUE
0.631288744180351,3.04339164480387,0.004,0.003,1,"REM2","GSE214411","Myeloid",TRUE
0.631288744180351,2.02379277642867,0.004,0.003,1,"C19orf81","GSE214411","Myeloid",TRUE
0.631328466522739,-0.200219989787152,0.051,0.055,1,"IGSF8","GSE214411","Myeloid",TRUE
0.631780206491076,0.549351315369997,0.004,0.003,1,"RP11-384O8.1","GSE214411","Myeloid",TRUE
0.631780206491076,2.0225578655201,0.004,0.003,1,"FAM86B1","GSE214411","Myeloid",TRUE
0.631780206491076,1.35001415838966,0.004,0.003,1,"RTN4RL2","GSE214411","Myeloid",TRUE
0.631816045917531,0.0134085666887183,0.015,0.018,1,"RBFOX2","GSE214411","Myeloid",TRUE
0.631953048788893,-0.172095351542116,0.032,0.036,1,"FANCD2","GSE214411","Myeloid",TRUE
0.632271831577816,3.07696333271434,0.004,0.003,1,"TTC30A","GSE214411","Myeloid",TRUE
0.632271831577816,0.569863449001438,0.004,0.003,1,"ARRDC3-AS1","GSE214411","Myeloid",TRUE
0.632271831577816,1.7064696771015,0.004,0.003,1,"EGFL6","GSE214411","Myeloid",TRUE
0.632271831577816,2.63577258267971,0.004,0.003,1,"SULF1","GSE214411","Myeloid",TRUE
0.632271831577816,1.86186899464894,0.004,0.003,1,"CXCR5","GSE214411","Myeloid",TRUE
0.632271831577816,1.25849482874064,0.004,0.003,1,"PROSER2","GSE214411","Myeloid",TRUE
0.632271831577816,0.308283031707293,0.004,0.003,1,"CTB-58E17.3","GSE214411","Myeloid",TRUE
0.6327522170213,0.224970573895118,0.287,0.275,1,"ATP2A2","GSE214411","Myeloid",TRUE
0.63276361925965,1.47494724156302,0.004,0.003,1,"KIF12","GSE214411","Myeloid",TRUE
0.63276361925965,0.433933081679303,0.004,0.003,1,"CX3CL1","GSE214411","Myeloid",TRUE
0.632790827012208,-0.0480403087456889,0.084,0.088,1,"INO80E","GSE214411","Myeloid",TRUE
0.633023349638389,0.603744620871337,0.088,0.093,1,"SCARF1","GSE214411","Myeloid",TRUE
0.633117271320975,0.450651559859581,0.014,0.017,1,"RP11-218M22.1","GSE214411","Myeloid",TRUE
0.633255569355441,2.27622858280064,0.004,0.003,1,"PHLDB2","GSE214411","Myeloid",TRUE
0.633255569355441,2.52870809135303,0.004,0.003,1,"STEAP1","GSE214411","Myeloid",TRUE
0.633255569355441,1.69773305685762,0.004,0.003,1,"BEND7","GSE214411","Myeloid",TRUE
0.633285461502291,0.163073326590667,0.393,0.379,1,"RAP1B","GSE214411","Myeloid",TRUE
0.633312325470374,0.423249059403264,0.353,0.379,1,"CD93","GSE214411","Myeloid",TRUE
0.633496689277533,0.569030020806081,0.015,0.018,1,"DCUN1D2","GSE214411","Myeloid",TRUE
0.633612226880629,0.0382522108631225,0.014,0.017,1,"RALY-AS1","GSE214411","Myeloid",TRUE
0.633658074367963,-0.090086531883375,0.091,0.084,1,"COG5","GSE214411","Myeloid",TRUE
0.633704784761399,0.052172630377443,0.179,0.18,1,"ACTR10","GSE214411","Myeloid",TRUE
0.633720032481569,0.181258974545029,0.028,0.024,1,"RP11-443B7.1","GSE214411","Myeloid",TRUE
0.633747681683841,0.672307017979675,0.004,0.003,1,"ITGA10","GSE214411","Myeloid",TRUE
0.633747681683841,2.668803662416,0.004,0.003,1,"SEMA4F","GSE214411","Myeloid",TRUE
0.633747681683841,0.440271865691463,0.004,0.003,1,"RBM5-AS1","GSE214411","Myeloid",TRUE
0.633747681683841,0.386063759487521,0.004,0.003,1,"DOK7","GSE214411","Myeloid",TRUE
0.633747681683841,1.11290831696094,0.004,0.003,1,"JAKMIP2","GSE214411","Myeloid",TRUE
0.633747681683841,-0.955204950052363,0.004,0.003,1,"LAYN","GSE214411","Myeloid",TRUE
0.633747681683841,0.233707371555143,0.004,0.003,1,"RP11-712L6.5","GSE214411","Myeloid",TRUE
0.633747681683841,1.31277467971168,0.004,0.003,1,"RP11-93H24.3","GSE214411","Myeloid",TRUE
0.633747681683841,0.550016576535023,0.004,0.003,1,"MYZAP","GSE214411","Myeloid",TRUE
0.633747681683841,0.288499766710494,0.004,0.003,1,"TIAF1","GSE214411","Myeloid",TRUE
0.633837241877523,0.718689728876116,0.029,0.025,1,"NEU3","GSE214411","Myeloid",TRUE
0.633953223483991,0.125507424304032,0.252,0.23,1,"DAPK1","GSE214411","Myeloid",TRUE
0.634008479530346,0.841937264277847,0.074,0.068,1,"OSBPL2","GSE214411","Myeloid",TRUE
0.634010321736878,-0.349957102558714,0.101,0.105,1,"WWP2","GSE214411","Myeloid",TRUE
0.634217545001138,0.428939867822587,0.015,0.018,1,"RAB11FIP3","GSE214411","Myeloid",TRUE
0.634239956063282,0.491743814400344,0.004,0.003,1,"C1orf106","GSE214411","Myeloid",TRUE
0.634239956063282,0.448698215438762,0.004,0.003,1,"TIGIT","GSE214411","Myeloid",TRUE
0.634239956063282,1.06043803203077,0.004,0.003,1,"PLEKHG4B","GSE214411","Myeloid",TRUE
0.634239956063282,0.0559099944684789,0.004,0.003,1,"RP11-426C22.8","GSE214411","Myeloid",TRUE
0.634239956063282,0.311978060584072,0.004,0.003,1,"C17orf100","GSE214411","Myeloid",TRUE
0.634443406700028,-0.130952601955819,0.179,0.179,1,"APIP","GSE214411","Myeloid",TRUE
0.634523867882937,-0.0187988970015736,0.197,0.198,1,"FAM60A","GSE214411","Myeloid",TRUE
0.634732392311986,-0.194248974062014,0.004,0.003,1,"LINC00628","GSE214411","Myeloid",TRUE
0.634732392311986,0.611948776046439,0.004,0.003,1,"OSBPL6","GSE214411","Myeloid",TRUE
0.634732392311986,0.547132124695374,0.004,0.003,1,"VPS37D","GSE214411","Myeloid",TRUE
0.634732392311986,-0.00729880721734677,0.004,0.003,1,"HS3ST2","GSE214411","Myeloid",TRUE
0.634732392311986,-0.0840629202254473,0.004,0.003,1,"RP11-326K13.4","GSE214411","Myeloid",TRUE
0.634732392311986,0.144296227350146,0.004,0.003,1,"RNASE3","GSE214411","Myeloid",TRUE
0.634990568041358,-0.155066145062663,0.039,0.042,1,"ALG14","GSE214411","Myeloid",TRUE
0.635224990247957,-1.63595424450715,0.004,0.003,1,"ITIH4","GSE214411","Myeloid",TRUE
0.635224990247957,1.63047172444,0.004,0.003,1,"GSDMA","GSE214411","Myeloid",TRUE
0.635224990247957,-0.0977392723497967,0.004,0.003,1,"AOC3","GSE214411","Myeloid",TRUE
0.635224990247957,-0.213742309473001,0.004,0.003,1,"CTB-55O6.8","GSE214411","Myeloid",TRUE
0.635389942617893,-0.338129167984474,0.181,0.183,1,"TMEM183A","GSE214411","Myeloid",TRUE
0.635615586878733,-0.0109698130107181,0.069,0.074,1,"NUP88","GSE214411","Myeloid",TRUE
0.635630583683889,1.2029701714535,0.02,0.017,1,"OTUD3","GSE214411","Myeloid",TRUE
0.635686125591001,-0.390354029669824,0.072,0.065,1,"REPS1","GSE214411","Myeloid",TRUE
0.635717749688987,0.432611975341789,0.004,0.003,1,"ZNF696","GSE214411","Myeloid",TRUE
0.635717749688987,-0.167597511313351,0.004,0.003,1,"GPT","GSE214411","Myeloid",TRUE
0.635717749688987,-1.26424209915238,0.004,0.003,1,"NXNL2","GSE214411","Myeloid",TRUE
0.635717749688987,-0.886467168497897,0.004,0.003,1,"RP11-1007O24.2","GSE214411","Myeloid",TRUE
0.635914041728884,0.0247336487638123,0.207,0.209,1,"RAB1B","GSE214411","Myeloid",TRUE
0.635978373366436,-0.0144682661419933,0.134,0.124,1,"TRAF3IP3","GSE214411","Myeloid",TRUE
0.636135865970892,1.52472511648699,0.012,0.01,1,"CTD-3074O7.5","GSE214411","Myeloid",TRUE
0.636205066641564,-0.553872452764576,0.08,0.084,1,"ABCD1","GSE214411","Myeloid",TRUE
0.636210670452654,-0.0570711262002526,0.004,0.003,1,"MPZ","GSE214411","Myeloid",TRUE
0.636210670452654,-0.738434084846274,0.004,0.003,1,"RP5-1120P11.3","GSE214411","Myeloid",TRUE
0.636210670452654,-2.29269456112531,0.004,0.003,1,"TCEAL5","GSE214411","Myeloid",TRUE
0.636210670452654,-1.78877040146527,0.004,0.003,1,"ALDH1L2","GSE214411","Myeloid",TRUE
0.636210670452654,-0.909698586024602,0.004,0.003,1,"PRMT5-AS1","GSE214411","Myeloid",TRUE
0.636382192932775,0.665797301178022,0.015,0.018,1,"FANCB","GSE214411","Myeloid",TRUE
0.636406394579835,0.100588901046164,0.141,0.144,1,"HERC4","GSE214411","Myeloid",TRUE
0.636440669011789,0.0628155782953702,0.41,0.412,1,"PLEKHB2","GSE214411","Myeloid",TRUE
0.636703752356321,-0.840374517079101,0.004,0.003,1,"RP11-422P24.12","GSE214411","Myeloid",TRUE
0.636703752356321,-1.2954649673668,0.004,0.003,1,"PPP1R27","GSE214411","Myeloid",TRUE
0.637196995217137,-0.78304888083938,0.004,0.003,1,"BRSK1","GSE214411","Myeloid",TRUE
0.637198582065474,0.105668194225129,0.063,0.057,1,"SNX19","GSE214411","Myeloid",TRUE
0.63734525758617,1.12445913953279,0.015,0.018,1,"LINC01353","GSE214411","Myeloid",TRUE
0.637663083875508,0.761640827961279,0.05,0.055,1,"ARHGEF11","GSE214411","Myeloid",TRUE
0.637842546051571,0.232762599425851,0.092,0.085,1,"MED14","GSE214411","Myeloid",TRUE
0.637863067820955,0.22019761928837,0.084,0.089,1,"DAXX","GSE214411","Myeloid",TRUE
0.638230346241945,0.137186732916344,0.058,0.062,1,"WRAP73","GSE214411","Myeloid",TRUE
0.638398634339786,0.642905461718026,0.037,0.033,1,"DGKE","GSE214411","Myeloid",TRUE
0.638405273280657,0.442775436874387,0.139,0.144,1,"FRAT2","GSE214411","Myeloid",TRUE
0.638456228968115,-0.227910725868065,0.031,0.034,1,"MLF1","GSE214411","Myeloid",TRUE
0.638524087466664,0.952628100744474,0.012,0.01,1,"ADAMTS8","GSE214411","Myeloid",TRUE
0.638822879653638,1.7340146857503,0.012,0.01,1,"DMD","GSE214411","Myeloid",TRUE
0.638956208163759,0.373362344308629,0.067,0.061,1,"CHST12","GSE214411","Myeloid",TRUE
0.639114460045919,-0.000651385188733755,0.196,0.199,1,"TSPYL1","GSE214411","Myeloid",TRUE
0.639240306982291,0.0942467717271858,0.75,0.836,1,"LAPTM5","GSE214411","Myeloid",TRUE
0.639420639913474,1.09991071658121,0.012,0.01,1,"ABCB1","GSE214411","Myeloid",TRUE
0.639530067499773,1.6624115118867,0.008,0.006,1,"PWP2","GSE214411","Myeloid",TRUE
0.639863191436139,-0.348000607493627,0.028,0.024,1,"SIRT5","GSE214411","Myeloid",TRUE
0.640171271510137,-0.349444253983524,0.046,0.05,1,"ADGRE1","GSE214411","Myeloid",TRUE
0.640317719406288,0.30273631545761,0.012,0.01,1,"FAM157C","GSE214411","Myeloid",TRUE
0.640719440036184,0.116554931097015,0.213,0.213,1,"SEC13","GSE214411","Myeloid",TRUE
0.640916064660476,0.0775682444955121,0.012,0.01,1,"CTD-2371O3.2","GSE214411","Myeloid",TRUE
0.641467010516583,-0.00675309739446694,0.065,0.069,1,"MXI1","GSE214411","Myeloid",TRUE
0.641501490327039,0.0123682145087396,0.046,0.041,1,"TOR1B","GSE214411","Myeloid",TRUE
0.641597778371243,-0.57013982567538,0.031,0.034,1,"PRR12","GSE214411","Myeloid",TRUE
0.641700253384375,2.38107961504668,0.008,0.006,1,"TFAP2C","GSE214411","Myeloid",TRUE
0.641836037066857,-0.43222146799124,0.013,0.016,1,"CRACR2A","GSE214411","Myeloid",TRUE
0.642062249446837,-0.543499068168578,0.008,0.006,1,"RP11-434H6.6","GSE214411","Myeloid",TRUE
0.642146103115352,0.23807659954554,0.294,0.294,1,"PET100","GSE214411","Myeloid",TRUE
0.642271402593925,-0.279534918346656,0.023,0.02,1,"XX-FW83563B9.5","GSE214411","Myeloid",TRUE
0.642555339859908,-0.602370027037163,0.1,0.105,1,"TIMM10B","GSE214411","Myeloid",TRUE
0.642863982693612,0.164335444942968,0.013,0.016,1,"CIB2","GSE214411","Myeloid",TRUE
0.64314874775381,1.94455935815284,0.008,0.006,1,"PLCD3","GSE214411","Myeloid",TRUE
0.64323309040384,-0.768715913874984,0.042,0.046,1,"LINC01588","GSE214411","Myeloid",TRUE
0.643611502209327,0.642052958657028,0.012,0.01,1,"RP11-128M1.1","GSE214411","Myeloid",TRUE
0.643611502209327,-1.06680612434837,0.012,0.01,1,"ZNF565","GSE214411","Myeloid",TRUE
0.643695719471625,-0.000904866181002717,0.031,0.034,1,"FZD5","GSE214411","Myeloid",TRUE
0.64372321786282,0.0132718517773869,0.154,0.158,1,"SCML1","GSE214411","Myeloid",TRUE
0.643852808323986,0.0882975749305883,0.02,0.017,1,"MCF2L2","GSE214411","Myeloid",TRUE
0.643921050100429,0.0924202327283843,0.252,0.257,1,"EPB41L3","GSE214411","Myeloid",TRUE
0.64392901650873,0.381939801610478,0.298,0.287,1,"TMOD3","GSE214411","Myeloid",TRUE
0.644084984420557,-0.232400242781643,0.222,0.224,1,"SURF4","GSE214411","Myeloid",TRUE
0.644211127241837,0.62111080442264,0.012,0.01,1,"AC005076.5","GSE214411","Myeloid",TRUE
0.644236009714554,2.15188401134582,0.008,0.006,1,"SOX7","GSE214411","Myeloid",TRUE
0.644435796587657,-0.0851659068796562,0.072,0.066,1,"IDE","GSE214411","Myeloid",TRUE
0.645179359607342,-0.118315522499842,0.013,0.016,1,"C7orf31","GSE214411","Myeloid",TRUE
0.645294140810444,0.00141675838691935,0.038,0.034,1,"PVR","GSE214411","Myeloid",TRUE
0.645324033363489,0.86700239701701,0.008,0.006,1,"PPP2R3A","GSE214411","Myeloid",TRUE
0.645435685430503,-0.298769039269538,0.06,0.064,1,"FOXJ2","GSE214411","Myeloid",TRUE
0.64604980465002,0.217275084466795,0.008,0.006,1,"CAPN10-AS1","GSE214411","Myeloid",TRUE
0.646135352045094,-0.0174631388097239,0.334,0.307,1,"YWHAG","GSE214411","Myeloid",TRUE
0.64661880238243,0.179857573593516,0.427,0.41,1,"MYEOV2","GSE214411","Myeloid",TRUE
0.646743831734147,0.225923947936845,0.061,0.066,1,"AKAP1","GSE214411","Myeloid",TRUE
0.646775913003933,-0.739102491473103,0.008,0.006,1,"HEY1","GSE214411","Myeloid",TRUE
0.646821160318075,0.0603450557454273,0.072,0.076,1,"ATRN","GSE214411","Myeloid",TRUE
0.646869876550387,0.302387634013445,0.122,0.117,1,"MIR222HG","GSE214411","Myeloid",TRUE
0.646912301384176,-0.445211034031524,0.012,0.01,1,"PREX2","GSE214411","Myeloid",TRUE
0.646983268428378,-0.135122911618625,0.104,0.109,1,"ASNSD1","GSE214411","Myeloid",TRUE
0.647040109712345,-0.034631179585199,0.17,0.155,1,"SNX14","GSE214411","Myeloid",TRUE
0.647099660106427,0.0303073670629825,0.197,0.183,1,"SEC23B","GSE214411","Myeloid",TRUE
0.647287212852504,-0.223642899156344,0.155,0.144,1,"NIPSNAP3A","GSE214411","Myeloid",TRUE
0.647502357839224,0.73335613442564,0.008,0.006,1,"TMEM231","GSE214411","Myeloid",TRUE
0.647914760364013,-0.0157117162418658,0.046,0.05,1,"RNF185","GSE214411","Myeloid",TRUE
0.647948070187524,0.152248460506061,0.223,0.226,1,"IKBIP","GSE214411","Myeloid",TRUE
0.648131495472147,-0.283330195232055,0.039,0.042,1,"EOGT","GSE214411","Myeloid",TRUE
0.648229138568929,-0.159404794180375,0.008,0.006,1,"PPP1R13L","GSE214411","Myeloid",TRUE
0.648366419809132,1.49169748218245,0.025,0.022,1,"KIAA0753","GSE214411","Myeloid",TRUE
0.648439701944641,0.220495841460047,0.02,0.017,1,"TTN","GSE214411","Myeloid",TRUE
0.648498928870681,-0.149130399428417,0.137,0.126,1,"STK25","GSE214411","Myeloid",TRUE
0.648591035897067,0.606956173862295,0.029,0.025,1,"GOLGA8B","GSE214411","Myeloid",TRUE
0.648592654710499,-0.179102766468783,0.008,0.006,1,"RASIP1","GSE214411","Myeloid",TRUE
0.648592654710499,0.127592996145796,0.008,0.006,1,"RP3-522J7.7","GSE214411","Myeloid",TRUE
0.648645335194823,-0.0169795097756529,0.062,0.067,1,"LRRC40","GSE214411","Myeloid",TRUE
0.6487705939715,0.26065352829187,0.185,0.174,1,"DDX60L","GSE214411","Myeloid",TRUE
0.648919813492207,0.482069347340626,0.165,0.155,1,"ZNF511","GSE214411","Myeloid",TRUE
0.648956254605127,0.675520898182989,0.008,0.006,1,"CMC4","GSE214411","Myeloid",TRUE
0.649246853538026,0.506735480635655,0.5,0.507,1,"ALOX5AP","GSE214411","Myeloid",TRUE
0.649319938179174,-0.194237905171085,0.008,0.006,1,"FAP","GSE214411","Myeloid",TRUE
0.649343414140704,-0.206506486564413,0.128,0.131,1,"LINC00969","GSE214411","Myeloid",TRUE
0.649386435467412,0.552753963630593,0.358,0.381,1,"GPR65","GSE214411","Myeloid",TRUE
0.649511371333538,-0.585811157206849,0.028,0.024,1,"OSGIN1","GSE214411","Myeloid",TRUE
0.649669191591072,-0.0277501270686398,0.075,0.07,1,"TRRAP","GSE214411","Myeloid",TRUE
0.649855187020735,0.0361845702950256,0.238,0.242,1,"SEC11C","GSE214411","Myeloid",TRUE
0.649888148688579,-0.0814088703831759,0.022,0.025,1,"FHL2","GSE214411","Myeloid",TRUE
0.649963616268188,0.256766768092119,0.171,0.175,1,"STX16","GSE214411","Myeloid",TRUE
0.649993836642599,-1.44213289150479,0.043,0.047,1,"ACACA","GSE214411","Myeloid",TRUE
0.650000564821114,-0.0256986495669004,0.282,0.262,1,"SMG1","GSE214411","Myeloid",TRUE
0.650016212651322,0.660914217763051,0.296,0.288,1,"PECAM1","GSE214411","Myeloid",TRUE
0.650267916467204,0.0315669271362169,0.168,0.169,1,"GMFB","GSE214411","Myeloid",TRUE
0.650364248255173,-0.0178888180265193,0.221,0.221,1,"IMPDH2","GSE214411","Myeloid",TRUE
0.650411490240529,-0.36549325966126,0.008,0.006,1,"RP11-284N8.3","GSE214411","Myeloid",TRUE
0.650466092194086,0.0502954711107266,0.105,0.097,1,"FAM76B","GSE214411","Myeloid",TRUE
0.650613677713795,0.123915214425953,0.281,0.265,1,"EML4","GSE214411","Myeloid",TRUE
0.651282249109759,0.0107781649160898,0.183,0.183,1,"TMEM243","GSE214411","Myeloid",TRUE
0.651340288327419,-1.08362316372731,0.013,0.015,1,"RP13-1032I1.7","GSE214411","Myeloid",TRUE
0.651503792759891,0.437748370516781,0.008,0.006,1,"CAMK1G","GSE214411","Myeloid",TRUE
0.652142705528674,-0.16975429292098,0.013,0.015,1,"SEC61A2","GSE214411","Myeloid",TRUE
0.652389876702599,1.18516004899512,0.016,0.014,1,"LGR4","GSE214411","Myeloid",TRUE
0.652762683836437,0.323598783659365,0.109,0.101,1,"C22orf39","GSE214411","Myeloid",TRUE
0.652799027636176,0.259163706758971,0.109,0.1,1,"MGRN1","GSE214411","Myeloid",TRUE
0.652964697711754,-0.0885090179957753,0.266,0.265,1,"HIPK3","GSE214411","Myeloid",TRUE
0.653147505848803,0.754852426762819,0.085,0.079,1,"CRKL","GSE214411","Myeloid",TRUE
0.653233550797317,0.507303420432424,0.385,0.375,1,"SEC14L1","GSE214411","Myeloid",TRUE
0.65332595921463,-0.583533104336142,0.008,0.006,1,"ACACB","GSE214411","Myeloid",TRUE
0.653337905089667,0.168681175247778,0.038,0.041,1,"CXorf56","GSE214411","Myeloid",TRUE
0.653488542423745,-0.107227780170783,0.03,0.033,1,"NME7","GSE214411","Myeloid",TRUE
0.653698403602567,1.12742703127864,0.013,0.016,1,"CHIC1","GSE214411","Myeloid",TRUE
0.653980129849704,0.817312987528221,0.06,0.055,1,"ATXN7L3","GSE214411","Myeloid",TRUE
0.65403013521099,0.118890110811595,0.05,0.054,1,"DUSP16","GSE214411","Myeloid",TRUE
0.654216177025385,0.801897687478892,0.013,0.016,1,"CCNE1","GSE214411","Myeloid",TRUE
0.655572005254342,-0.0417392969826642,0.238,0.22,1,"AK2","GSE214411","Myeloid",TRUE
0.655593217082039,-0.306692563014386,0.169,0.154,1,"TDG","GSE214411","Myeloid",TRUE
0.655779057208312,-0.168705033015088,0.148,0.15,1,"STX5","GSE214411","Myeloid",TRUE
0.655789217907692,-0.0153856972518776,0.288,0.291,1,"REV3L","GSE214411","Myeloid",TRUE
0.656152916429952,0.864893095119962,0.079,0.074,1,"LINC01480","GSE214411","Myeloid",TRUE
0.656380936376712,0.688442575412106,0.021,0.018,1,"SMARCA1","GSE214411","Myeloid",TRUE
0.656429048756594,0.423092757284677,0.013,0.015,1,"RP11-327F22.2","GSE214411","Myeloid",TRUE
0.656722041621681,-0.441231470237911,0.016,0.014,1,"AMIGO2","GSE214411","Myeloid",TRUE
0.656799758373287,0.0247985617686282,0.061,0.066,1,"CPSF1","GSE214411","Myeloid",TRUE
0.656831509338029,0.32316711536082,0.123,0.128,1,"TSTD1","GSE214411","Myeloid",TRUE
0.656844922436291,-0.0160648584575189,0.089,0.093,1,"EXOSC3","GSE214411","Myeloid",TRUE
0.657234004099045,0.67469128139691,0.013,0.015,1,"ZNF573","GSE214411","Myeloid",TRUE
0.657466746999824,-0.749179089339646,0.093,0.096,1,"SUPT7L","GSE214411","Myeloid",TRUE
0.657720385080796,-0.108093371138724,0.208,0.209,1,"TBC1D9","GSE214411","Myeloid",TRUE
0.658253809890261,0.963755752604178,0.016,0.014,1,"ZNF667-AS1","GSE214411","Myeloid",TRUE
0.658421554638471,0.649576573681258,0.072,0.067,1,"WRNIP1","GSE214411","Myeloid",TRUE
0.658564680104477,-0.40434544283754,0.255,0.25,1,"FDX1","GSE214411","Myeloid",TRUE
0.659382494450199,-0.541226513518915,0.013,0.015,1,"PLLP","GSE214411","Myeloid",TRUE
0.65939567190826,-0.630683843930813,0.03,0.033,1,"ZNF628","GSE214411","Myeloid",TRUE
0.659762329721922,-1.5179131854583,0.012,0.014,1,"MAGI3","GSE214411","Myeloid",TRUE
0.659836938367622,0.269314509001691,0.055,0.059,1,"HN1L","GSE214411","Myeloid",TRUE
0.659912030306015,-0.372197310243649,0.029,0.032,1,"DCAKD","GSE214411","Myeloid",TRUE
0.660461253643781,-0.0942802214914127,0.126,0.129,1,"MAML2","GSE214411","Myeloid",TRUE
0.661027177102798,0.31171156327972,0.046,0.05,1,"CPXM1","GSE214411","Myeloid",TRUE
0.661264732206237,-0.274911183514782,0.013,0.015,1,"PFN2","GSE214411","Myeloid",TRUE
0.661394887928504,0.290553518067721,0.317,0.317,1,"C9orf72","GSE214411","Myeloid",TRUE
0.661894353391407,0.391269648683974,0.002,0.001,1,"RP5-902P8.12","GSE214411","Myeloid",TRUE
0.661894353391407,2.52602436534991,0.002,0.001,1,"RP11-277A4.4","GSE214411","Myeloid",TRUE
0.661894353391407,2.89811376512426,0.002,0.001,1,"CHIA","GSE214411","Myeloid",TRUE
0.661894353391407,3.01321733546021,0.002,0.001,1,"GCSAML","GSE214411","Myeloid",TRUE
0.661894353391407,2.17997196145174,0.002,0.001,1,"FIGN","GSE214411","Myeloid",TRUE
0.661894353391407,1.40230946572121,0.002,0.001,1,"RP11-171I2.4","GSE214411","Myeloid",TRUE
0.661894353391407,3.14088205190721,0.002,0.001,1,"CAND2","GSE214411","Myeloid",TRUE
0.661894353391407,3.1033856141372,0.002,0.001,1,"DUBR","GSE214411","Myeloid",TRUE
0.661894353391407,4.17442163585724,0.002,0.001,1,"ANKUB1","GSE214411","Myeloid",TRUE
0.661894353391407,1.33012894166071,0.002,0.001,1,"RP11-408H1.3","GSE214411","Myeloid",TRUE
0.661894353391407,1.74268005330119,0.002,0.001,1,"NLGN1","GSE214411","Myeloid",TRUE
0.661894353391407,2.50053471721394,0.002,0.001,1,"RP11-573D15.8","GSE214411","Myeloid",TRUE
0.661894353391407,3.65280374370423,0.002,0.001,1,"PROM1","GSE214411","Myeloid",TRUE
0.661894353391407,2.5640458472059,0.002,0.001,1,"SLC4A4","GSE214411","Myeloid",TRUE
0.661894353391407,2.91730918786386,0.002,0.001,1,"RP11-571L19.8","GSE214411","Myeloid",TRUE
0.661894353391407,0.461323557851699,0.002,0.001,1,"RP11-372K14.2","GSE214411","Myeloid",TRUE
0.661894353391407,2.53414806236084,0.002,0.001,1,"TRIM31","GSE214411","Myeloid",TRUE
0.661894353391407,0.645703309249788,0.002,0.001,1,"FKBP1C","GSE214411","Myeloid",TRUE
0.661894353391407,0.30148911096582,0.002,0.001,1,"RP1-67K17.4","GSE214411","Myeloid",TRUE
0.661894353391407,0.394892841747344,0.002,0.001,1,"PDE1C","GSE214411","Myeloid",TRUE
0.661894353391407,1.34782075943602,0.002,0.001,1,"FBXL13","GSE214411","Myeloid",TRUE
0.661894353391407,1.54200403466753,0.002,0.001,1,"LRRC17","GSE214411","Myeloid",TRUE
0.661894353391407,2.06628073866218,0.002,0.001,1,"PLXNA4","GSE214411","Myeloid",TRUE
0.661894353391407,2.85688467440368,0.002,0.001,1,"TMEM139","GSE214411","Myeloid",TRUE
0.661894353391407,2.61424700517083,0.002,0.001,1,"NUDT10","GSE214411","Myeloid",TRUE
0.661894353391407,1.02173768551074,0.002,0.001,1,"MCF2","GSE214411","Myeloid",TRUE
0.661894353391407,1.90567103645089,0.002,0.001,1,"HNF4G","GSE214411","Myeloid",TRUE
0.661894353391407,3.47465775996545,0.002,0.001,1,"RP11-247A12.8","GSE214411","Myeloid",TRUE
0.661894353391407,0.825050911428271,0.002,0.001,1,"RP11-867G23.8","GSE214411","Myeloid",TRUE
0.661894353391407,3.09290137234453,0.002,0.001,1,"HKDC1","GSE214411","Myeloid",TRUE
0.661894353391407,0.703589379365951,0.002,0.001,1,"TNKS2-AS1","GSE214411","Myeloid",TRUE
0.661894353391407,0.782108499039291,0.002,0.001,1,"RP11-109A6.3","GSE214411","Myeloid",TRUE
0.661894353391407,3.18977535563241,0.002,0.001,1,"MIR202HG","GSE214411","Myeloid",TRUE
0.661894353391407,2.3684886770737,0.002,0.001,1,"KCNJ8","GSE214411","Myeloid",TRUE
0.661894353391407,0.795589655483981,0.002,0.001,1,"RP11-762I7.5","GSE214411","Myeloid",TRUE
0.661894353391407,0.59211146721251,0.002,0.001,1,"RP11-1105G2.3","GSE214411","Myeloid",TRUE
0.661894353391407,1.5765841532124,0.002,0.001,1,"SRRM4","GSE214411","Myeloid",TRUE
0.661894353391407,0.366245896467181,0.002,0.001,1,"LRRC43","GSE214411","Myeloid",TRUE
0.661894353391407,2.33038853841238,0.002,0.001,1,"CCDC169","GSE214411","Myeloid",TRUE
0.661894353391407,0.764684405482077,0.002,0.001,1,"TEX29","GSE214411","Myeloid",TRUE
0.661894353391407,0.509924394611105,0.002,0.001,1,"UNC79","GSE214411","Myeloid",TRUE
0.661894353391407,0.517937317698363,0.002,0.001,1,"DNASE1L2","GSE214411","Myeloid",TRUE
0.661894353391407,2.77229734970588,0.002,0.001,1,"CTA-276F8.1","GSE214411","Myeloid",TRUE
0.661894353391407,2.33528733759632,0.002,0.001,1,"SLC9A5","GSE214411","Myeloid",TRUE
0.661894353391407,3.39902897046919,0.002,0.001,1,"FOXF1","GSE214411","Myeloid",TRUE
0.661894353391407,0.729283312219627,0.002,0.001,1,"DPEP1","GSE214411","Myeloid",TRUE
0.661894353391407,2.50116462807716,0.002,0.001,1,"RP11-1228E12.1","GSE214411","Myeloid",TRUE
0.661894353391407,2.78991497127154,0.002,0.001,1,"GGT6","GSE214411","Myeloid",TRUE
0.661894353391407,0.558312157678317,0.002,0.001,1,"ZNF286B","GSE214411","Myeloid",TRUE
0.661894353391407,0.489823929425711,0.002,0.001,1,"AC010761.8","GSE214411","Myeloid",TRUE
0.661894353391407,2.68717756915425,0.002,0.001,1,"RP13-890H12.2","GSE214411","Myeloid",TRUE
0.661894353391407,3.06068210435687,0.002,0.001,1,"PRR15L","GSE214411","Myeloid",TRUE
0.661894353391407,0.613577586938842,0.002,0.001,1,"CARD14","GSE214411","Myeloid",TRUE
0.661894353391407,0.644827483801018,0.002,0.001,1,"RP11-1055B8.9","GSE214411","Myeloid",TRUE
0.661894353391407,0.575475034097021,0.002,0.001,1,"RP11-78A19.4","GSE214411","Myeloid",TRUE
0.661894353391407,0.678797579659422,0.002,0.001,1,"GREB1L","GSE214411","Myeloid",TRUE
0.661894353391407,3.42018658818684,0.002,0.001,1,"LINC00908","GSE214411","Myeloid",TRUE
0.661894353391407,4.04104027052901,0.002,0.001,1,"LINC00261","GSE214411","Myeloid",TRUE
0.661894353391407,0.987979326923135,0.002,0.001,1,"RP5-1125A11.7","GSE214411","Myeloid",TRUE
0.661894353391407,3.2129638341031,0.002,0.001,1,"CACNG8","GSE214411","Myeloid",TRUE
0.661894353391407,2.08675322867505,0.002,0.001,1,"SLC5A1","GSE214411","Myeloid",TRUE
0.661894353391407,2.83175106559437,0.002,0.001,1,"SHISA8","GSE214411","Myeloid",TRUE
0.661894353391407,0.924271661671192,0.002,0.001,1,"CLIC6","GSE214411","Myeloid",TRUE
0.662099247275426,1.0191923891068,0.094,0.088,1,"SP140","GSE214411","Myeloid",TRUE
0.662232419566477,-0.0202298086793178,0.352,0.35,1,"DOCK10","GSE214411","Myeloid",TRUE
0.662273532544317,0.496241879097468,0.012,0.014,1,"NAT6","GSE214411","Myeloid",TRUE
0.662444807830619,0.325194219194778,0.065,0.059,1,"TRERF1","GSE214411","Myeloid",TRUE
0.662502046683956,0.0667270401472857,0.083,0.087,1,"C12orf49","GSE214411","Myeloid",TRUE
0.662711817670427,2.46344377206941,0.002,0.001,1,"RHBDL2","GSE214411","Myeloid",TRUE
0.662711817670427,2.2728549811842,0.002,0.001,1,"C1orf87","GSE214411","Myeloid",TRUE
0.662711817670427,0.272192582245145,0.002,0.001,1,"BCL2L15","GSE214411","Myeloid",TRUE
0.662711817670427,0.251388647228545,0.002,0.001,1,"ANKRD34A","GSE214411","Myeloid",TRUE
0.662711817670427,1.19904044108965,0.002,0.001,1,"RP11-307C12.11","GSE214411","Myeloid",TRUE
0.662711817670427,0.224099001033057,0.002,0.001,1,"RP11-168O16.1","GSE214411","Myeloid",TRUE
0.662711817670427,2.11161396376893,0.002,0.001,1,"SYT14","GSE214411","Myeloid",TRUE
0.662711817670427,0.702125432652817,0.002,0.001,1,"AC092580.4","GSE214411","Myeloid",TRUE
0.662711817670427,0.549744659973683,0.002,0.001,1,"DQX1","GSE214411","Myeloid",TRUE
0.662711817670427,1.6973449749765,0.002,0.001,1,"MAL","GSE214411","Myeloid",TRUE
0.662711817670427,0.400195331072302,0.002,0.001,1,"FOXD4L1","GSE214411","Myeloid",TRUE
0.662711817670427,2.38944004300966,0.002,0.001,1,"AC104820.2","GSE214411","Myeloid",TRUE
0.662711817670427,2.08471280973066,0.002,0.001,1,"ECEL1","GSE214411","Myeloid",TRUE
0.662711817670427,0.394733293277502,0.002,0.001,1,"C2orf82","GSE214411","Myeloid",TRUE
0.662711817670427,0.402078425000409,0.002,0.001,1,"RP11-767C1.2","GSE214411","Myeloid",TRUE
0.662711817670427,1.98564265314508,0.002,0.001,1,"LRRC3B","GSE214411","Myeloid",TRUE
0.662711817670427,1.59363035373734,0.002,0.001,1,"LRRC2","GSE214411","Myeloid",TRUE
0.662711817670427,0.182286686208014,0.002,0.001,1,"RP13-131K19.2","GSE214411","Myeloid",TRUE
0.662711817670427,1.3038545350663,0.002,0.001,1,"ITIH3","GSE214411","Myeloid",TRUE
0.662711817670427,0.0212579276213152,0.002,0.001,1,"LINC00882","GSE214411","Myeloid",TRUE
0.662711817670427,0.23942181948644,0.002,0.001,1,"CFAP99","GSE214411","Myeloid",TRUE
0.662711817670427,0.182986183145665,0.002,0.001,1,"FGFBP1","GSE214411","Myeloid",TRUE
0.662711817670427,2.11653969570755,0.002,0.001,1,"KIAA1211","GSE214411","Myeloid",TRUE
0.662711817670427,1.70641679878935,0.002,0.001,1,"LINC01088","GSE214411","Myeloid",TRUE
0.662711817670427,0.790464695250796,0.002,0.001,1,"IL4","GSE214411","Myeloid",TRUE
0.662711817670427,2.29840901499941,0.002,0.001,1,"PCDHGA6","GSE214411","Myeloid",TRUE
0.662711817670427,0.565505211930563,0.002,0.001,1,"SGCD","GSE214411","Myeloid",TRUE
0.662711817670427,0.289163837070562,0.002,0.001,1,"ADTRP","GSE214411","Myeloid",TRUE
0.662711817670427,0.302881125952432,0.002,0.001,1,"C6orf15","GSE214411","Myeloid",TRUE
0.662711817670427,0.324105581122863,0.002,0.001,1,"RAB44","GSE214411","Myeloid",TRUE
0.662711817670427,2.20624310670746,0.002,0.001,1,"ELOVL4","GSE214411","Myeloid",TRUE
0.662711817670427,0.959991911758689,0.002,0.001,1,"SLC26A4-AS1","GSE214411","Myeloid",TRUE
0.662711817670427,2.78575574852273,0.002,0.001,1,"SMKR1","GSE214411","Myeloid",TRUE
0.662711817670427,0.522547181012023,0.002,0.001,1,"EPHA1","GSE214411","Myeloid",TRUE
0.662711817670427,2.14045229409998,0.002,0.001,1,"RP11-722G7.1","GSE214411","Myeloid",TRUE
0.662711817670427,0.820440545975353,0.002,0.001,1,"RP11-546K22.1","GSE214411","Myeloid",TRUE
0.662711817670427,2.12865228960227,0.002,0.001,1,"PTPRD","GSE214411","Myeloid",TRUE
0.662711817670427,0.503682498492116,0.002,0.001,1,"CNTNAP3B","GSE214411","Myeloid",TRUE
0.662711817670427,1.74141222985439,0.002,0.001,1,"MS4A1","GSE214411","Myeloid",TRUE
0.662711817670427,2.70106927175935,0.002,0.001,1,"ARAP1-AS2","GSE214411","Myeloid",TRUE
0.662711817670427,2.34641057784807,0.002,0.001,1,"NAALAD2","GSE214411","Myeloid",TRUE
0.662711817670427,1.83590577150185,0.002,0.001,1,"COLCA2","GSE214411","Myeloid",TRUE
0.662711817670427,2.08026113888825,0.002,0.001,1,"KCNMA1-AS1","GSE214411","Myeloid",TRUE
0.662711817670427,2.31893893382493,0.002,0.001,1,"RP11-483F11.7","GSE214411","Myeloid",TRUE
0.662711817670427,2.67781711979038,0.002,0.001,1,"ATRNL1","GSE214411","Myeloid",TRUE
0.662711817670427,1.50267371442762,0.002,0.001,1,"CASC2","GSE214411","Myeloid",TRUE
0.662711817670427,0.145354372583306,0.002,0.001,1,"RP11-136L23.2","GSE214411","Myeloid",TRUE
0.662711817670427,1.2383072554061,0.002,0.001,1,"LINC00621","GSE214411","Myeloid",TRUE
0.662711817670427,0.476068684599134,0.002,0.001,1,"ATP8A2","GSE214411","Myeloid",TRUE
0.662711817670427,0.691802677835239,0.002,0.001,1,"SLC25A30-AS1","GSE214411","Myeloid",TRUE
0.662711817670427,0.246931231663812,0.002,0.001,1,"BMP4","GSE214411","Myeloid",TRUE
0.662711817670427,0.109149009580181,0.002,0.001,1,"RP1-261D10.2","GSE214411","Myeloid",TRUE
0.662711817670427,0.454857044511698,0.002,0.001,1,"RP4-647C14.2","GSE214411","Myeloid",TRUE
0.662711817670427,0.035606134184242,0.002,0.001,1,"RP5-1021I20.5","GSE214411","Myeloid",TRUE
0.662711817670427,0.449616708610472,0.002,0.001,1,"GOLGA8H","GSE214411","Myeloid",TRUE
0.662711817670427,2.48225901563803,0.002,0.001,1,"RP11-23P13.6","GSE214411","Myeloid",TRUE
0.662711817670427,0.60739401221192,0.002,0.001,1,"DUOX2","GSE214411","Myeloid",TRUE
0.662711817670427,1.43512325857679,0.002,0.001,1,"CORO2B","GSE214411","Myeloid",TRUE
0.662711817670427,0.26937141900947,0.002,0.001,1,"RP11-815J21.4","GSE214411","Myeloid",TRUE
0.662711817670427,0.548823845047551,0.002,0.001,1,"AC068831.6","GSE214411","Myeloid",TRUE
0.662711817670427,0.483638583482428,0.002,0.001,1,"LINC00923","GSE214411","Myeloid",TRUE
0.662711817670427,0.524155885298304,0.002,0.001,1,"NPIPB6","GSE214411","Myeloid",TRUE
0.662711817670427,0.0526469119530191,0.002,0.001,1,"PRSS53","GSE214411","Myeloid",TRUE
0.662711817670427,0.267574772720652,0.002,0.001,1,"VPS9D1-AS1","GSE214411","Myeloid",TRUE
0.662711817670427,2.27237985007228,0.002,0.001,1,"CTB-75G16.3","GSE214411","Myeloid",TRUE
0.662711817670427,0.397204440767915,0.002,0.001,1,"CTD-2020K17.3","GSE214411","Myeloid",TRUE
0.662711817670427,1.27331348166377,0.002,0.001,1,"TMEM92-AS1","GSE214411","Myeloid",TRUE
0.662711817670427,0.320242653719198,0.002,0.001,1,"LINC00511","GSE214411","Myeloid",TRUE
0.662711817670427,2.83463596792647,0.002,0.001,1,"ANKRD62","GSE214411","Myeloid",TRUE
0.662711817670427,0.214229207041445,0.002,0.001,1,"RP11-370A5.1","GSE214411","Myeloid",TRUE
0.662711817670427,1.71068169251068,0.002,0.001,1,"RP11-95O2.5","GSE214411","Myeloid",TRUE
0.662711817670427,0.545360363671605,0.002,0.001,1,"BIRC7","GSE214411","Myeloid",TRUE
0.662711817670427,5.83500925268494,0.002,0.001,1,"ELANE","GSE214411","Myeloid",TRUE
0.662711817670427,1.84080918321473,0.002,0.001,1,"GAPDHS","GSE214411","Myeloid",TRUE
0.662711817670427,0.513537917945886,0.002,0.001,1,"CTB-83J4.1","GSE214411","Myeloid",TRUE
0.662711817670427,1.27927844768384,0.002,0.001,1,"C19orf18","GSE214411","Myeloid",TRUE
0.662711817670427,0.341720262327531,0.002,0.001,1,"RP3-439F8.1","GSE214411","Myeloid",TRUE
0.662711817670427,0.28986281895676,0.002,0.001,1,"RP1-29C18.9","GSE214411","Myeloid",TRUE
0.662711817670427,0.283579456559465,0.002,0.001,1,"AL133493.2","GSE214411","Myeloid",TRUE
0.662711817670427,1.5565200654983,0.002,0.001,1,"RP1-101D8.1","GSE214411","Myeloid",TRUE
0.662991577903488,-0.746805713140116,0.088,0.092,1,"USP39","GSE214411","Myeloid",TRUE
0.663050671354068,0.483612867147051,0.031,0.035,1,"ANTXR1","GSE214411","Myeloid",TRUE
0.663111446546986,-0.825698100111704,0.012,0.014,1,"BEND5","GSE214411","Myeloid",TRUE
0.663120675657877,0.135109055087463,0.002,0.001,1,"NEURL1B","GSE214411","Myeloid",TRUE
0.663120675657877,0.177476099456078,0.002,0.001,1,"RP11-513M16.7","GSE214411","Myeloid",TRUE
0.66352968390722,-0.177853620900992,0.002,0.001,1,"LINC01134","GSE214411","Myeloid",TRUE
0.66352968390722,0.0963032764836598,0.002,0.001,1,"RP4-798A10.7","GSE214411","Myeloid",TRUE
0.66352968390722,-0.344594901234177,0.002,0.001,1,"PLPPR4","GSE214411","Myeloid",TRUE
0.66352968390722,0.0123441894093279,0.002,0.001,1,"RP11-504P24.9","GSE214411","Myeloid",TRUE
0.66352968390722,-0.514658457019941,0.002,0.001,1,"RP11-396C23.4","GSE214411","Myeloid",TRUE
0.66352968390722,0.0336768317363116,0.002,0.001,1,"RP11-11N7.4","GSE214411","Myeloid",TRUE
0.66352968390722,-0.718360473954837,0.002,0.001,1,"AC067959.1","GSE214411","Myeloid",TRUE
0.66352968390722,-0.292411489304264,0.002,0.001,1,"AC012074.2","GSE214411","Myeloid",TRUE
0.66352968390722,0.0490175324228623,0.002,0.001,1,"AC016738.4","GSE214411","Myeloid",TRUE
0.66352968390722,-0.459094815772493,0.002,0.001,1,"AC005540.3","GSE214411","Myeloid",TRUE
0.66352968390722,0.0752607901033411,0.002,0.001,1,"RP11-459I19.1","GSE214411","Myeloid",TRUE
0.66352968390722,-0.280681123696826,0.002,0.001,1,"DES","GSE214411","Myeloid",TRUE
0.66352968390722,-1.42631979405468,0.002,0.001,1,"WNT7A","GSE214411","Myeloid",TRUE
0.66352968390722,0.0476494260349725,0.002,0.001,1,"RP11-520A21.1","GSE214411","Myeloid",TRUE
0.66352968390722,-0.325651627875821,0.002,0.001,1,"DENND6A-AS1","GSE214411","Myeloid",TRUE
0.66352968390722,-0.458205740204187,0.002,0.001,1,"ARHGAP31-AS1","GSE214411","Myeloid",TRUE
0.66352968390722,-1.5668731746716,0.002,0.001,1,"CCDC39","GSE214411","Myeloid",TRUE
0.66352968390722,-1.6922909584576,0.002,0.001,1,"SOD3","GSE214411","Myeloid",TRUE
0.66352968390722,0.0644992294290123,0.002,0.001,1,"BEND4","GSE214411","Myeloid",TRUE
0.66352968390722,-1.58179825830443,0.002,0.001,1,"EDIL3","GSE214411","Myeloid",TRUE
0.66352968390722,-0.296647398336953,0.002,0.001,1,"IL13","GSE214411","Myeloid",TRUE
0.66352968390722,-0.506875904307577,0.002,0.001,1,"PCDHGB6","GSE214411","Myeloid",TRUE
0.66352968390722,0.354775340080394,0.002,0.001,1,"TENM2","GSE214411","Myeloid",TRUE
0.66352968390722,-0.260877705123319,0.002,0.001,1,"CTD-2270F17.1","GSE214411","Myeloid",TRUE
0.66352968390722,-0.126071913270273,0.002,0.001,1,"FLT4","GSE214411","Myeloid",TRUE
0.66352968390722,-0.0360506625458914,0.002,0.001,1,"HIST1H3I","GSE214411","Myeloid",TRUE
0.66352968390722,0.0860989494860771,0.002,0.001,1,"SLC22A1","GSE214411","Myeloid",TRUE
0.66352968390722,-1.1740437141811,0.002,0.001,1,"AC091801.1","GSE214411","Myeloid",TRUE
0.66352968390722,-0.0451813674308905,0.002,0.001,1,"RP11-313P13.5","GSE214411","Myeloid",TRUE
0.66352968390722,-0.298431185937373,0.002,0.001,1,"SGCE","GSE214411","Myeloid",TRUE
0.66352968390722,-0.0792197152140819,0.002,0.001,1,"KIAA1210","GSE214411","Myeloid",TRUE
0.66352968390722,-3.17823219661759,0.002,0.001,1,"RGS20","GSE214411","Myeloid",TRUE
0.66352968390722,-0.738335248598986,0.002,0.001,1,"RP11-219B4.5","GSE214411","Myeloid",TRUE
0.66352968390722,-0.0839207031731242,0.002,0.001,1,"RP11-22C11.2","GSE214411","Myeloid",TRUE
0.66352968390722,-0.346856234993641,0.002,0.001,1,"RHPN1-AS1","GSE214411","Myeloid",TRUE
0.66352968390722,-0.276905336648717,0.002,0.001,1,"RP11-228B15.4","GSE214411","Myeloid",TRUE
0.66352968390722,-2.28840264603449,0.002,0.001,1,"ZNF215","GSE214411","Myeloid",TRUE
0.66352968390722,0.0457121154387732,0.002,0.001,1,"SPTY2D1-AS1","GSE214411","Myeloid",TRUE
0.66352968390722,-0.010812416093497,0.002,0.001,1,"FOLH1","GSE214411","Myeloid",TRUE
0.66352968390722,-0.159016890360554,0.002,0.001,1,"TPBGL","GSE214411","Myeloid",TRUE
0.66352968390722,-0.247938766131041,0.002,0.001,1,"AP002954.3","GSE214411","Myeloid",TRUE
0.66352968390722,-2.27113452748419,0.002,0.001,1,"RP11-110I1.6","GSE214411","Myeloid",TRUE
0.66352968390722,-0.375072947385249,0.002,0.001,1,"IDI2","GSE214411","Myeloid",TRUE
0.66352968390722,-0.0275278303735238,0.002,0.001,1,"ASAH2B","GSE214411","Myeloid",TRUE
0.66352968390722,-0.519855139388902,0.002,0.001,1,"RP11-442H21.2","GSE214411","Myeloid",TRUE
0.66352968390722,-2.32665478561186,0.002,0.001,1,"ATE1-AS1","GSE214411","Myeloid",TRUE
0.66352968390722,-1.10399672712608,0.002,0.001,1,"RP11-12J10.4","GSE214411","Myeloid",TRUE
0.66352968390722,-2.39601290744513,0.002,0.001,1,"GNB3","GSE214411","Myeloid",TRUE
0.66352968390722,-1.18920979414145,0.002,0.001,1,"TAS2R31","GSE214411","Myeloid",TRUE
0.66352968390722,-0.361688810232438,0.002,0.001,1,"ABCC9","GSE214411","Myeloid",TRUE
0.66352968390722,0.0936591701737193,0.002,0.001,1,"RP11-474P2.6","GSE214411","Myeloid",TRUE
0.66352968390722,-1.1949533953025,0.002,0.001,1,"ITGA7","GSE214411","Myeloid",TRUE
0.66352968390722,-0.856974049116033,0.002,0.001,1,"ARHGEF25","GSE214411","Myeloid",TRUE
0.66352968390722,-0.869776025618009,0.002,0.001,1,"RP11-72M17.1","GSE214411","Myeloid",TRUE
0.66352968390722,-0.0328236951098244,0.002,0.001,1,"RP11-293M10.2","GSE214411","Myeloid",TRUE
0.66352968390722,-2.55090786927731,0.002,0.001,1,"STRC","GSE214411","Myeloid",TRUE
0.66352968390722,0.0507791250114202,0.002,0.001,1,"CTD-2306A12.1","GSE214411","Myeloid",TRUE
0.66352968390722,0.040314512542647,0.002,0.001,1,"CEMIP","GSE214411","Myeloid",TRUE
0.66352968390722,-0.33581471964626,0.002,0.001,1,"LA16c-390E6.5","GSE214411","Myeloid",TRUE
0.66352968390722,-0.141839307639041,0.002,0.001,1,"GLTPD2","GSE214411","Myeloid",TRUE
0.66352968390722,-0.245464554244117,0.002,0.001,1,"TNK1","GSE214411","Myeloid",TRUE
0.66352968390722,-0.224887079856433,0.002,0.001,1,"RP11-45M22.5","GSE214411","Myeloid",TRUE
0.66352968390722,0.0241193350278195,0.002,0.001,1,"NPTX1","GSE214411","Myeloid",TRUE
0.66352968390722,-1.26624358409262,0.002,0.001,1,"LINC00683","GSE214411","Myeloid",TRUE
0.66352968390722,-0.611845303471096,0.002,0.001,1,"RP5-1009E24.8","GSE214411","Myeloid",TRUE
0.66352968390722,-1.84710880872318,0.002,0.001,1,"TLE2","GSE214411","Myeloid",TRUE
0.66352968390722,-0.0145822331991088,0.002,0.001,1,"CTC-378H22.2","GSE214411","Myeloid",TRUE
0.66352968390722,0.116659062988692,0.002,0.001,1,"CTB-171A8.1","GSE214411","Myeloid",TRUE
0.66352968390722,-0.138694781794271,0.002,0.001,1,"AC010642.1","GSE214411","Myeloid",TRUE
0.66352968390722,-0.342334764157103,0.002,0.001,1,"XXbac-B476C20.9","GSE214411","Myeloid",TRUE
0.66352968390722,-0.397063760261942,0.002,0.001,1,"GNAZ","GSE214411","Myeloid",TRUE
0.66352968390722,-2.14112765702653,0.002,0.001,1,"C22orf15","GSE214411","Myeloid",TRUE
0.66352968390722,-1.01348158298119,0.002,0.001,1,"MIS18A-AS1","GSE214411","Myeloid",TRUE
0.66352968390722,-0.0619085944219524,0.002,0.001,1,"SMIM11A","GSE214411","Myeloid",TRUE
0.66352968390722,0.0250904558414238,0.002,0.001,1,"AIRE","GSE214411","Myeloid",TRUE
0.66352968390722,-0.0540411555069635,0.002,0.001,1,"RP11-217B7.2","GSE214411","Myeloid",TRUE
0.66352968390722,-0.420434741451935,0.002,0.001,1,"RP11-737O24.1","GSE214411","Myeloid",TRUE
0.66352968390722,-0.00855931708071722,0.002,0.001,1,"TM4SF19","GSE214411","Myeloid",TRUE
0.663599638473148,0.0121090032669597,0.021,0.018,1,"FSD1L","GSE214411","Myeloid",TRUE
0.663622163033949,0.940352203006784,0.082,0.088,1,"GNG11","GSE214411","Myeloid",TRUE
0.663795073438314,-0.583838970544115,0.03,0.033,1,"ABCC10","GSE214411","Myeloid",TRUE
0.663817387440315,0.340517532648706,0.386,0.381,1,"MAP3K2","GSE214411","Myeloid",TRUE
0.66384582940505,0.223992578688294,0.022,0.024,1,"ZNF324","GSE214411","Myeloid",TRUE
0.664096745256093,0.107313664339855,0.164,0.154,1,"PSPC1","GSE214411","Myeloid",TRUE
0.664226862283969,0.0424702052564152,0.013,0.015,1,"PACERR","GSE214411","Myeloid",TRUE
0.664432282854902,-0.162463973204424,0.047,0.042,1,"AVEN","GSE214411","Myeloid",TRUE
0.664722887577713,1.22499979099491,0.079,0.075,1,"MYC","GSE214411","Myeloid",TRUE
0.664898920783943,-0.342192210479205,0.139,0.128,1,"TPRA1","GSE214411","Myeloid",TRUE
0.664951412604403,0.519871074852123,0.193,0.184,1,"ADD3","GSE214411","Myeloid",TRUE
0.66538956686862,0.435227865775329,0.118,0.109,1,"LTB4R","GSE214411","Myeloid",TRUE
0.665528191166615,0.811893850821835,0.186,0.179,1,"TMX4","GSE214411","Myeloid",TRUE
0.666061933230827,-0.011466579948999,0.058,0.061,1,"MRGBP","GSE214411","Myeloid",TRUE
0.666197616575242,-0.935897845429989,0.028,0.031,1,"C19orf54","GSE214411","Myeloid",TRUE
0.666447353461931,-0.0189095044345944,0.016,0.014,1,"TLDC1","GSE214411","Myeloid",TRUE
0.666684434485215,-0.310379268384899,0.082,0.086,1,"CDCP1","GSE214411","Myeloid",TRUE
0.666747268439502,-0.904673047836824,0.012,0.014,1,"ZXDB","GSE214411","Myeloid",TRUE
0.66678254373925,-0.419200260236632,0.021,0.023,1,"USP45","GSE214411","Myeloid",TRUE
0.666885025588217,0.512310610638111,0.084,0.077,1,"ELP3","GSE214411","Myeloid",TRUE
0.667216481920592,0.0686658170602201,0.097,0.091,1,"HSPA14","GSE214411","Myeloid",TRUE
0.667701572771538,0.0595893562833516,0.491,0.498,1,"CAPZA2","GSE214411","Myeloid",TRUE
0.667803715040667,-0.735673670311843,0.045,0.049,1,"ZBTB17","GSE214411","Myeloid",TRUE
0.667809200785107,1.81757222244755,0.013,0.011,1,"CD3D","GSE214411","Myeloid",TRUE
0.667900617132403,0.10075656540649,0.021,0.018,1,"PLEKHG5","GSE214411","Myeloid",TRUE
0.667953455177503,1.15405191476934,0.025,0.022,1,"LBH","GSE214411","Myeloid",TRUE
0.668012621543996,-0.918028683007096,0.049,0.044,1,"FAM131A","GSE214411","Myeloid",TRUE
0.668245051720894,-0.672446891976604,0.016,0.014,1,"RAB39B","GSE214411","Myeloid",TRUE
0.668311895719998,-0.491787647110578,0.078,0.082,1,"PHRF1","GSE214411","Myeloid",TRUE
0.668982669051621,0.026834441705641,0.665,0.724,1,"CHCHD2","GSE214411","Myeloid",TRUE
0.669202032887043,0.0100646909213378,0.089,0.093,1,"KIAA0196","GSE214411","Myeloid",TRUE
0.669342073415015,0.0459305549670579,0.71,0.78,1,"HNRNPA2B1","GSE214411","Myeloid",TRUE
0.66949641741632,-0.0498377500683738,0.405,0.396,1,"PPP1R12A","GSE214411","Myeloid",TRUE
0.669596198164795,0.224086125199275,0.025,0.022,1,"GPRC5C","GSE214411","Myeloid",TRUE
0.669862386797241,0.463668816762268,0.097,0.09,1,"DIDO1","GSE214411","Myeloid",TRUE
0.669977445322577,0.852710219428955,0.031,0.034,1,"LXN","GSE214411","Myeloid",TRUE
0.670110375881812,0.446776345624333,0.012,0.014,1,"RP11-5C23.1","GSE214411","Myeloid",TRUE
0.670142435615137,1.46622612668326,0.013,0.011,1,"SLC34A2","GSE214411","Myeloid",TRUE
0.670434314430102,-0.811688708076348,0.011,0.013,1,"TEF","GSE214411","Myeloid",TRUE
0.670726242997685,1.4553583906559,0.013,0.011,1,"AEBP1","GSE214411","Myeloid",TRUE
0.670849697213145,0.0992776201875714,0.021,0.018,1,"SEMA3C","GSE214411","Myeloid",TRUE
0.670952190252928,-0.0361992238003426,0.012,0.014,1,"HAND2","GSE214411","Myeloid",TRUE
0.671034896465232,0.609183730633358,0.025,0.022,1,"AUTS2","GSE214411","Myeloid",TRUE
0.671098471532374,-0.410416579795617,0.08,0.085,1,"AP1AR","GSE214411","Myeloid",TRUE
0.671128104723606,-0.215395909503032,0.028,0.031,1,"BBC3","GSE214411","Myeloid",TRUE
0.671223492666766,-0.469716211483296,0.02,0.022,1,"RP11-160O5.1","GSE214411","Myeloid",TRUE
0.671232886903671,-0.602871244703258,0.012,0.014,1,"WNT4","GSE214411","Myeloid",TRUE
0.671400349134578,0.383315276507794,0.048,0.043,1,"ANKDD1A","GSE214411","Myeloid",TRUE
0.67141241615402,0.64659889118688,0.074,0.069,1,"USP53","GSE214411","Myeloid",TRUE
0.6715610536894,0.134716299330141,0.614,0.682,1,"ACTR2","GSE214411","Myeloid",TRUE
0.671602326832454,1.80763855946669,0.013,0.011,1,"DDAH1","GSE214411","Myeloid",TRUE
0.671602326832454,1.27292221407756,0.013,0.011,1,"APBB2","GSE214411","Myeloid",TRUE
0.671694248432752,0.110269809489243,0.382,0.367,1,"ARL8B","GSE214411","Myeloid",TRUE
0.671733544745001,0.279017550174255,0.042,0.046,1,"C5orf51","GSE214411","Myeloid",TRUE
0.671739649075742,-0.428952685541323,0.144,0.145,1,"TRAF7","GSE214411","Myeloid",TRUE
0.67196138125732,0.0394987240548883,0.225,0.225,1,"FAR1","GSE214411","Myeloid",TRUE
0.672168728603787,-0.109920135111932,0.145,0.147,1,"BCL2L13","GSE214411","Myeloid",TRUE
0.672242788569713,0.247408828096801,0.35,0.338,1,"SNAP23","GSE214411","Myeloid",TRUE
0.672414192951692,0.29517214407271,0.154,0.146,1,"ICAM4","GSE214411","Myeloid",TRUE
0.67263705757513,0.0768756027134412,0.012,0.014,1,"ADIRF","GSE214411","Myeloid",TRUE
0.672771132819218,1.70159003556703,0.013,0.011,1,"KCNJ14","GSE214411","Myeloid",TRUE
0.672805849995488,0.990568921972322,0.031,0.028,1,"BRMS1L","GSE214411","Myeloid",TRUE
0.67291802895385,0.86212002625515,0.012,0.014,1,"FAM41C","GSE214411","Myeloid",TRUE
0.673063458024993,-1.44278170962896,0.011,0.013,1,"RP11-95D17.1","GSE214411","Myeloid",TRUE
0.673623767729449,-0.593015488647171,0.073,0.076,1,"NAA35","GSE214411","Myeloid",TRUE
0.673709963046382,0.613808092105269,0.025,0.022,1,"TBC1D30","GSE214411","Myeloid",TRUE
0.673764636883237,0.148853901287799,0.095,0.089,1,"NOA1","GSE214411","Myeloid",TRUE
0.674042370809734,1.05790053299522,0.012,0.014,1,"TMEM204","GSE214411","Myeloid",TRUE
0.674042370809734,0.0433225732504816,0.012,0.014,1,"ZNF571","GSE214411","Myeloid",TRUE
0.674233252528331,0.411378563298631,0.013,0.011,1,"CLSTN3","GSE214411","Myeloid",TRUE
0.67447242134365,-0.349475008242393,0.146,0.136,1,"COX19","GSE214411","Myeloid",TRUE
0.674696880914302,-0.167543569168166,0.159,0.16,1,"ELOF1","GSE214411","Myeloid",TRUE
0.674816066926575,0.68476034149298,0.252,0.24,1,"TPD52L2","GSE214411","Myeloid",TRUE
0.675082612817714,-0.821551642096311,0.044,0.048,1,"C14orf80","GSE214411","Myeloid",TRUE
0.675251106831531,0.754290397960796,0.038,0.041,1,"XPO5","GSE214411","Myeloid",TRUE
0.675255151013193,1.6664413526724,0.022,0.025,1,"CEP19","GSE214411","Myeloid",TRUE
0.675509363974818,-0.805077434169981,0.082,0.086,1,"CNOT6","GSE214411","Myeloid",TRUE
0.675624312301504,-0.500666414844572,0.021,0.018,1,"NBPF10","GSE214411","Myeloid",TRUE
0.675713553001223,0.330885996613078,0.204,0.207,1,"ELF2","GSE214411","Myeloid",TRUE
0.675829778839615,0.0333519423147161,0.433,0.44,1,"SSB","GSE214411","Myeloid",TRUE
0.676165599429214,0.770018560488622,0.112,0.119,1,"LRIF1","GSE214411","Myeloid",TRUE
0.676217524903884,-0.622551451515817,0.048,0.051,1,"UCK1","GSE214411","Myeloid",TRUE
0.676581265124874,0.481106095167694,0.053,0.049,1,"LIG3","GSE214411","Myeloid",TRUE
0.677111187629728,1.48058505439184,0.022,0.025,1,"EPN2","GSE214411","Myeloid",TRUE
0.678009968555704,-0.711174529243797,0.123,0.113,1,"GAR1","GSE214411","Myeloid",TRUE
0.678082496323035,-0.386484384137377,0.047,0.042,1,"EIF3C","GSE214411","Myeloid",TRUE
0.678320412184539,-0.945762415538012,0.044,0.048,1,"ZDHHC8","GSE214411","Myeloid",TRUE
0.678586593465905,-1.22774779105081,0.021,0.018,1,"TRIB2","GSE214411","Myeloid",TRUE
0.67871814225667,0.196692985008979,0.207,0.196,1,"ARRDC3","GSE214411","Myeloid",TRUE
0.678748418032976,-0.305549349627659,0.113,0.117,1,"PPP1R14A","GSE214411","Myeloid",TRUE
0.679264211798733,0.21480049489099,0.046,0.05,1,"BCL9L","GSE214411","Myeloid",TRUE
0.679585510567452,0.0951867229049146,0.173,0.161,1,"AIM1","GSE214411","Myeloid",TRUE
0.679674963562228,0.44159976386325,0.012,0.014,1,"ABLIM1","GSE214411","Myeloid",TRUE
0.67972725912544,-0.102091372119111,0.021,0.018,1,"ZDHHC9","GSE214411","Myeloid",TRUE
0.679874702206411,-0.00690233306754795,0.23,0.23,1,"CGGBP1","GSE214411","Myeloid",TRUE
0.680094819626381,0.924441545187726,0.031,0.028,1,"KIFC2","GSE214411","Myeloid",TRUE
0.680369716784623,-0.0238314453084236,0.327,0.322,1,"VCP","GSE214411","Myeloid",TRUE
0.680623219379109,0.364128748011128,0.029,0.032,1,"CNBD2","GSE214411","Myeloid",TRUE
0.681066464008616,0.70227172361582,0.022,0.024,1,"PAX8","GSE214411","Myeloid",TRUE
0.681268481439667,-0.145178027622282,0.013,0.011,1,"CTD-3035K23.7","GSE214411","Myeloid",TRUE
0.681588699530942,0.100183333689273,0.049,0.053,1,"NEK4","GSE214411","Myeloid",TRUE
0.682149853020565,0.632098327302398,0.013,0.011,1,"GS1-124K5.3","GSE214411","Myeloid",TRUE
0.682149853020565,0.282323385212899,0.011,0.013,1,"CTXN1","GSE214411","Myeloid",TRUE
0.682259028055439,0.0147940874653001,0.125,0.128,1,"PNKP","GSE214411","Myeloid",TRUE
0.68244374000169,-0.301799340360534,0.011,0.013,1,"RP11-561B11.3","GSE214411","Myeloid",TRUE
0.682506662791525,-0.424202503564775,0.03,0.026,1,"RAB33A","GSE214411","Myeloid",TRUE
0.682745153016213,0.752557155211363,0.04,0.036,1,"NPHP3","GSE214411","Myeloid",TRUE
0.683019867456368,0.975160886381406,0.07,0.067,1,"DCN","GSE214411","Myeloid",TRUE
0.683026620037464,0.919365231251704,0.173,0.164,1,"PBX2","GSE214411","Myeloid",TRUE
0.683087992690693,1.09432216217207,0.022,0.019,1,"PAXIP1-AS1","GSE214411","Myeloid",TRUE
0.683325689758115,0.518786846528232,0.011,0.013,1,"MOK","GSE214411","Myeloid",TRUE
0.68361976915031,-0.188585561165441,0.011,0.013,1,"VWC2","GSE214411","Myeloid",TRUE
0.683725363756859,0.798457746889918,0.043,0.047,1,"STK39","GSE214411","Myeloid",TRUE
0.683900306160255,0.1650277342282,0.093,0.097,1,"STAM","GSE214411","Myeloid",TRUE
0.684060190284404,0.296465169946067,0.477,0.49,1,"TMEM123","GSE214411","Myeloid",TRUE
0.684182712763156,0.0305673841662619,0.24,0.237,1,"MVP","GSE214411","Myeloid",TRUE
0.68433646984777,-0.243974145854445,0.043,0.047,1,"SPAG16","GSE214411","Myeloid",TRUE
0.684453238304613,-0.381933577249353,0.036,0.039,1,"C17orf67","GSE214411","Myeloid",TRUE
0.684472062326074,0.41136461030172,0.1,0.104,1,"SOCS6","GSE214411","Myeloid",TRUE
0.684657665411927,0.986428242023316,0.05,0.047,1,"PHKG1","GSE214411","Myeloid",TRUE
0.684687301612215,-0.10602595338391,0.064,0.058,1,"POLL","GSE214411","Myeloid",TRUE
0.684752778220871,-0.198835756739865,0.155,0.157,1,"EXOSC6","GSE214411","Myeloid",TRUE
0.68486107626641,-0.384867700178085,0.035,0.038,1,"STRIP1","GSE214411","Myeloid",TRUE
0.684943541284756,0.0669680241557147,0.181,0.186,1,"NUDT4","GSE214411","Myeloid",TRUE
0.685090885391231,-1.48603297326876,0.011,0.013,1,"RP11-386G11.10","GSE214411","Myeloid",TRUE
0.685631165642158,0.926385892301866,0.039,0.042,1,"PM20D2","GSE214411","Myeloid",TRUE
0.685678297955737,0.263572518336473,0.065,0.06,1,"NCK2","GSE214411","Myeloid",TRUE
0.685679666816045,-0.373642362083411,0.013,0.011,1,"OSER1-AS1","GSE214411","Myeloid",TRUE
0.685884769817748,0.682124140214747,0.017,0.015,1,"HOXB6","GSE214411","Myeloid",TRUE
0.685901495462708,0.199107803479776,0.174,0.177,1,"R3HDM2","GSE214411","Myeloid",TRUE
0.68632288270897,0.779737903719206,0.049,0.053,1,"LTBP4","GSE214411","Myeloid",TRUE
0.686388197140156,0.241015806933134,0.017,0.015,1,"SORBS2","GSE214411","Myeloid",TRUE
0.686417255015158,0.217451904853856,0.493,0.484,1,"ARHGDIA","GSE214411","Myeloid",TRUE
0.686563196818593,0.844695593612045,0.013,0.011,1,"CKM","GSE214411","Myeloid",TRUE
0.686654513930664,0.00721462592674849,0.136,0.14,1,"KBTBD2","GSE214411","Myeloid",TRUE
0.686733793479822,0.792051011522732,0.155,0.146,1,"ZNF394","GSE214411","Myeloid",TRUE
0.68682383629739,0.362362073058247,0.041,0.044,1,"SMURF1","GSE214411","Myeloid",TRUE
0.687048732583704,-0.81216186704326,0.01,0.012,1,"AGAP9","GSE214411","Myeloid",TRUE
0.687431145686764,0.423027284591376,0.021,0.023,1,"COL14A1","GSE214411","Myeloid",TRUE
0.687664060300719,-1.57437325227926,0.01,0.012,1,"ANKRD65","GSE214411","Myeloid",TRUE
0.687711977578055,0.363663044036822,0.187,0.186,1,"SLK","GSE214411","Myeloid",TRUE
0.687746394359323,0.318001317146594,0.151,0.141,1,"NFATC1","GSE214411","Myeloid",TRUE
0.688080287873204,0.308815610083532,0.021,0.023,1,"VNN1","GSE214411","Myeloid",TRUE
0.688540839072902,-0.136045905024894,0.284,0.279,1,"NCOR2","GSE214411","Myeloid",TRUE
0.688804341496791,-0.179555020341735,0.135,0.125,1,"LRRC41","GSE214411","Myeloid",TRUE
0.688973961449455,0.449772616133583,0.123,0.118,1,"PDK4","GSE214411","Myeloid",TRUE
0.689005479523016,0.118332625877058,0.318,0.305,1,"ARID5A","GSE214411","Myeloid",TRUE
0.689396252141775,-0.0685015796795962,0.248,0.247,1,"DERL1","GSE214411","Myeloid",TRUE
0.689549998335635,-0.00481413080853343,0.04,0.043,1,"MUTYH","GSE214411","Myeloid",TRUE
0.689967499807106,0.395482382428716,0.363,0.36,1,"TNFRSF1A","GSE214411","Myeloid",TRUE
0.69012743660602,-0.577496012774951,0.01,0.012,1,"C9orf9","GSE214411","Myeloid",TRUE
0.690431340744735,0.606474027699546,0.1,0.093,1,"PCID2","GSE214411","Myeloid",TRUE
0.690546136205717,1.97672721221891,0.009,0.007,1,"OVOL1","GSE214411","Myeloid",TRUE
0.690779831534841,-0.46511366069591,0.08,0.084,1,"FXN","GSE214411","Myeloid",TRUE
0.690896345664425,1.78104425727175,0.009,0.007,1,"ZBTB42","GSE214411","Myeloid",TRUE
0.690914703092606,-0.294099137136521,0.03,0.026,1,"RP3-394A18.1","GSE214411","Myeloid",TRUE
0.691084363178109,0.0557645648716845,0.028,0.031,1,"PABPC1L","GSE214411","Myeloid",TRUE
0.691577929067293,-0.361084530400713,0.013,0.011,1,"RP3-402G11.25","GSE214411","Myeloid",TRUE
0.691584536210667,-0.371023467127473,0.127,0.128,1,"ENDOG","GSE214411","Myeloid",TRUE
0.691896321117637,-0.112139252940834,0.071,0.074,1,"MRPL30","GSE214411","Myeloid",TRUE
0.691948968909829,-0.163142960521125,0.02,0.022,1,"RGS3","GSE214411","Myeloid",TRUE
0.691950007523743,0.341044663489538,0.046,0.05,1,"CPEB3","GSE214411","Myeloid",TRUE
0.691977127412487,-0.403366763226444,0.01,0.012,1,"HESX1","GSE214411","Myeloid",TRUE
0.691977743776526,0.153470769864795,0.105,0.108,1,"TMEM218","GSE214411","Myeloid",TRUE
0.692168793103419,1.41333471376748,0.011,0.013,1,"SLC37A3","GSE214411","Myeloid",TRUE
0.692592887548927,-0.194252689140552,0.306,0.305,1,"USP16","GSE214411","Myeloid",TRUE
0.692648384084786,1.59146514128306,0.009,0.007,1,"RP11-83B20.1","GSE214411","Myeloid",TRUE
0.692680354480291,0.199909210661676,0.217,0.206,1,"KHSRP","GSE214411","Myeloid",TRUE
0.692713995008937,0.0823270526131799,0.766,0.831,1,"ARPC2","GSE214411","Myeloid",TRUE
0.693017474792162,0.231341320700246,0.17,0.173,1,"ZNF652","GSE214411","Myeloid",TRUE
0.693212674012023,-0.967538679048289,0.018,0.02,1,"ZNF512B","GSE214411","Myeloid",TRUE
0.693294757598885,0.70058972623527,0.036,0.039,1,"MCAT","GSE214411","Myeloid",TRUE
0.693349660734338,0.901412552688402,0.009,0.007,1,"RP11-981P6.1","GSE214411","Myeloid",TRUE
0.693700397638084,1.85701376397332,0.009,0.007,1,"APOBEC3H","GSE214411","Myeloid",TRUE
0.693828657539258,-0.867994109775245,0.01,0.012,1,"STRADA","GSE214411","Myeloid",TRUE
0.693834833318854,0.205615740814508,0.043,0.047,1,"TTC21B","GSE214411","Myeloid",TRUE
0.693956197634835,-1.25078791844571,0.017,0.015,1,"APOM","GSE214411","Myeloid",TRUE
0.694051200172,1.33705272066118,0.009,0.007,1,"CMYA5","GSE214411","Myeloid",TRUE
0.694168422150549,-0.212096001149273,0.098,0.102,1,"MED31","GSE214411","Myeloid",TRUE
0.694238291043486,1.7571185832141,0.011,0.013,1,"RP11-265N6.1","GSE214411","Myeloid",TRUE
0.694273292081279,-0.463589551230561,0.066,0.07,1,"NR2C2","GSE214411","Myeloid",TRUE
0.694402068269178,0.538154364010347,0.009,0.007,1,"HIST1H4J","GSE214411","Myeloid",TRUE
0.694446241286967,-0.0417541263164649,0.01,0.012,1,"C10orf55","GSE214411","Myeloid",TRUE
0.694586545426858,0.545819027988775,0.032,0.035,1,"ZNF25","GSE214411","Myeloid",TRUE
0.694984390303017,0.110492952312939,0.435,0.417,1,"SEP15","GSE214411","Myeloid",TRUE
0.69510400088547,1.76124803999427,0.009,0.007,1,"P3H3","GSE214411","Myeloid",TRUE
0.69510400088547,1.43551288406225,0.009,0.007,1,"SMPD3","GSE214411","Myeloid",TRUE
0.695256237079422,3.12582704131922,0.013,0.012,1,"KRT7","GSE214411","Myeloid",TRUE
0.695305690841903,0.162773375297212,0.048,0.051,1,"SDC2","GSE214411","Myeloid",TRUE
0.69551530080963,-0.7020152144002,0.033,0.036,1,"GID4","GSE214411","Myeloid",TRUE
0.695517519737763,0.101476180952341,0.031,0.028,1,"CSTF2","GSE214411","Myeloid",TRUE
0.695662518616285,0.0633153484155933,0.146,0.15,1,"ASPH","GSE214411","Myeloid",TRUE
0.695944727566888,1.09632247482286,0.02,0.022,1,"XYLT2","GSE214411","Myeloid",TRUE
0.695989747140189,-0.0453604809048365,0.028,0.031,1,"URB1","GSE214411","Myeloid",TRUE
0.696508649928514,0.0336578277072208,0.009,0.007,1,"RP4-647C14.3","GSE214411","Myeloid",TRUE
0.696514943088093,0.477550917139835,0.25,0.235,1,"RNF145","GSE214411","Myeloid",TRUE
0.696689969182456,-0.207184859568187,0.104,0.106,1,"LIMK1","GSE214411","Myeloid",TRUE
0.696756259458168,-0.019117879019876,0.022,0.019,1,"LARS2","GSE214411","Myeloid",TRUE
0.696886217768557,0.22162358404906,0.121,0.125,1,"RGL2","GSE214411","Myeloid",TRUE
0.69721136528102,-0.609384621303282,0.009,0.007,1,"RP11-798G7.6","GSE214411","Myeloid",TRUE
0.697227873897638,1.45836666568978,0.01,0.012,1,"SAMD10","GSE214411","Myeloid",TRUE
0.69727660782623,0.274062845887068,0.055,0.058,1,"MBOAT2","GSE214411","Myeloid",TRUE
0.69729663260202,0.343377923899871,0.255,0.255,1,"UBE2W","GSE214411","Myeloid",TRUE
0.697417011283968,0.459549260763405,0.053,0.049,1,"VPS9D1","GSE214411","Myeloid",TRUE
0.697562820429697,0.965906587259553,0.009,0.007,1,"ZEB1-AS1","GSE214411","Myeloid",TRUE
0.697562820429697,-0.0509226185871148,0.009,0.007,1,"RP11-178C3.2","GSE214411","Myeloid",TRUE
0.697613857937591,0.0447157069101758,0.05,0.054,1,"IKBKE","GSE214411","Myeloid",TRUE
0.697630312462274,-0.0336685767649172,0.027,0.03,1,"SNX16","GSE214411","Myeloid",TRUE
0.69766928338278,0.0555014941219922,0.3,0.28,1,"HNRNPA0","GSE214411","Myeloid",TRUE
0.697889104631284,-0.493711359271709,0.091,0.093,1,"KMT2E-AS1","GSE214411","Myeloid",TRUE
0.697914340470233,0.12258328152878,0.009,0.007,1,"EPB41L5","GSE214411","Myeloid",TRUE
0.697914340470233,-0.284791186223496,0.009,0.007,1,"DOC2A","GSE214411","Myeloid",TRUE
0.697929021686502,0.0240809947299336,0.212,0.201,1,"KCNAB2","GSE214411","Myeloid",TRUE
0.698109939583299,0.121978422326031,0.086,0.081,1,"OAF","GSE214411","Myeloid",TRUE
0.69831071929427,-0.217655065329805,0.01,0.012,1,"PRKAR1B","GSE214411","Myeloid",TRUE
0.698465465254869,-0.191070332412552,0.01,0.012,1,"ZNF841","GSE214411","Myeloid",TRUE
0.698836417569587,-0.478206707894738,0.093,0.097,1,"ENOSF1","GSE214411","Myeloid",TRUE
0.698969289269082,-0.485355300722842,0.009,0.007,1,"WBP1","GSE214411","Myeloid",TRUE
0.698969289269082,-0.999500987871108,0.009,0.007,1,"ACTR3B","GSE214411","Myeloid",TRUE
0.69917839590764,0.817124938977604,0.04,0.037,1,"CAV1","GSE214411","Myeloid",TRUE
0.699321068202933,1.31808791332714,0.009,0.007,1,"RAB15","GSE214411","Myeloid",TRUE
0.699703858724864,0.118073258437409,0.01,0.012,1,"LINC01374","GSE214411","Myeloid",TRUE
0.699741620876351,-1.06945948506177,0.018,0.02,1,"CCDC157","GSE214411","Myeloid",TRUE
0.700024819666828,-1.36469449300449,0.009,0.007,1,"TRIM61","GSE214411","Myeloid",TRUE
0.700223810539127,0.22763922922089,0.17,0.158,1,"KIAA2013","GSE214411","Myeloid",TRUE
0.700490712256434,-0.121692015310282,0.04,0.042,1,"MAP2K5","GSE214411","Myeloid",TRUE
0.700633178441613,1.30948466458282,0.01,0.012,1,"OTUD7B","GSE214411","Myeloid",TRUE
0.700759161061678,1.26468275068584,0.043,0.047,1,"SKIV2L","GSE214411","Myeloid",TRUE
0.700872279881167,0.139767425103802,0.583,0.627,1,"ANXA2","GSE214411","Myeloid",TRUE
0.701080929838853,0.124966545816867,0.009,0.007,1,"PCF11-AS1","GSE214411","Myeloid",TRUE
0.701080929838853,0.281536978794207,0.009,0.007,1,"FAM71D","GSE214411","Myeloid",TRUE
0.701164844673543,-1.34690817732763,0.009,0.011,1,"CTD-2319I12.2","GSE214411","Myeloid",TRUE
0.701485003960701,-0.0862971913596073,0.067,0.062,1,"TSEN15","GSE214411","Myeloid",TRUE
0.701588868820338,-0.0104988044392815,0.803,0.9,1,"RPS16","GSE214411","Myeloid",TRUE
0.701785324481126,0.0143212727240458,0.009,0.007,1,"PPT2","GSE214411","Myeloid",TRUE
0.702127299978129,0.160249808027202,0.253,0.255,1,"INTS6","GSE214411","Myeloid",TRUE
0.702137617957183,-1.03377556698941,0.009,0.007,1,"CYB561D1","GSE214411","Myeloid",TRUE
0.702139797491712,-1.27608085118446,0.009,0.011,1,"SIT1","GSE214411","Myeloid",TRUE
0.702200444186762,0.0474500616748745,0.829,0.847,1,"NFKBIA","GSE214411","Myeloid",TRUE
0.702308486230727,0.322369591633768,0.238,0.24,1,"ARHGEF2","GSE214411","Myeloid",TRUE
0.702315681909821,0.243608046700461,0.492,0.517,1,"EIF4B","GSE214411","Myeloid",TRUE
0.702400087804427,0.719939555314497,0.02,0.022,1,"NRBP2","GSE214411","Myeloid",TRUE
0.702471701546358,0.311104934415485,0.041,0.038,1,"ENDOD1","GSE214411","Myeloid",TRUE
0.702493161485017,0.432561544355401,0.01,0.012,1,"WWC1","GSE214411","Myeloid",TRUE
0.702561741026568,0.386111469112525,0.035,0.038,1,"POFUT2","GSE214411","Myeloid",TRUE
0.702683138815818,-0.400858720960346,0.13,0.133,1,"CACNA2D3","GSE214411","Myeloid",TRUE
0.70270871422953,0.277447216094816,0.259,0.261,1,"USP9X","GSE214411","Myeloid",TRUE
0.702790038576829,-1.29167279939887,0.009,0.011,1,"TWIST1","GSE214411","Myeloid",TRUE
0.702988986585818,0.705624189557536,0.212,0.217,1,"NBN","GSE214411","Myeloid",TRUE
0.703069593087181,0.0038224141400125,0.093,0.086,1,"TSR1","GSE214411","Myeloid",TRUE
0.70328141397962,-0.652286813100004,0.074,0.076,1,"ATG13","GSE214411","Myeloid",TRUE
0.703440497195833,-1.05996421434071,0.009,0.011,1,"MFAP3","GSE214411","Myeloid",TRUE
0.703548774052421,-0.477868369947904,0.071,0.074,1,"GNPAT","GSE214411","Myeloid",TRUE
0.703656537295676,-0.0459374073022427,0.217,0.203,1,"SIGIRR","GSE214411","Myeloid",TRUE
0.70371217125475,0.200444166593073,0.092,0.086,1,"SC5D","GSE214411","Myeloid",TRUE
0.703815091481704,0.05443452123603,0.019,0.021,1,"EIF3J-AS1","GSE214411","Myeloid",TRUE
0.703954742603576,2.55066534756507,0.005,0.004,1,"LARP6","GSE214411","Myeloid",TRUE
0.70412383870328,0.0989010816254839,0.244,0.251,1,"PDIA4","GSE214411","Myeloid",TRUE
0.704162316648816,0.448254998099857,0.269,0.255,1,"SUSD6","GSE214411","Myeloid",TRUE
0.704500412228271,0.24889627393763,0.019,0.021,1,"MYH10","GSE214411","Myeloid",TRUE
0.704545114721817,-0.323006415094863,0.154,0.155,1,"PCNX","GSE214411","Myeloid",TRUE
0.704742065325956,0.564790989490953,0.009,0.011,1,"RP11-563J2.2","GSE214411","Myeloid",TRUE
0.704820676241157,-0.0564259995532765,0.191,0.178,1,"H2AFX","GSE214411","Myeloid",TRUE
0.704843160968094,-0.447703451471128,0.019,0.021,1,"EXD2","GSE214411","Myeloid",TRUE
0.704873001951128,1.15059244385814,0.005,0.004,1,"MIR497HG","GSE214411","Myeloid",TRUE
0.704909645758295,0.440800174959595,0.045,0.041,1,"ZXDC","GSE214411","Myeloid",TRUE
0.704932776108954,0.126176507825337,0.054,0.05,1,"SNHG25","GSE214411","Myeloid",TRUE
0.705180825105257,0.427948382669068,0.074,0.069,1,"UBXN2A","GSE214411","Myeloid",TRUE
0.705332293035304,0.475970737561304,0.005,0.004,1,"KIAA2022","GSE214411","Myeloid",TRUE
0.705332293035304,2.52401569458945,0.005,0.004,1,"TLCD1","GSE214411","Myeloid",TRUE
0.705597090841484,1.02976644170437,0.01,0.012,1,"TRAC","GSE214411","Myeloid",TRUE
0.70571880926874,0.712044559810383,0.009,0.011,1,"CTC-308K20.1","GSE214411","Myeloid",TRUE
0.705791691525824,2.09503851479663,0.005,0.004,1,"CACNB2","GSE214411","Myeloid",TRUE
0.705791691525824,1.76168412477955,0.005,0.004,1,"SMIM5","GSE214411","Myeloid",TRUE
0.706044498458235,-0.249452437796935,0.009,0.011,1,"CCDC96","GSE214411","Myeloid",TRUE
0.706084963997317,-0.0885577832440073,0.289,0.285,1,"PIP4K2A","GSE214411","Myeloid",TRUE
0.706119836672156,0.0157696010138446,0.06,0.064,1,"SLC20A2","GSE214411","Myeloid",TRUE
0.706388865991422,-0.166810343225308,0.208,0.204,1,"FBXO7","GSE214411","Myeloid",TRUE
0.706503662784607,0.235683282011776,0.026,0.023,1,"C17orf96","GSE214411","Myeloid",TRUE
0.706656983661935,0.255897124168114,0.591,0.615,1,"FAM49B","GSE214411","Myeloid",TRUE
0.706864775107506,0.0103601378536435,0.033,0.036,1,"CAHM","GSE214411","Myeloid",TRUE
0.706940395529169,0.121770622691228,0.078,0.082,1,"DCAF6","GSE214411","Myeloid",TRUE
0.706981433582761,-0.647189903109768,0.026,0.029,1,"PAMR1","GSE214411","Myeloid",TRUE
0.707021888901168,-1.79638572717199,0.009,0.011,1,"HIST1H2AL","GSE214411","Myeloid",TRUE
0.707170529928979,0.042041514329255,0.005,0.004,1,"LINC01356","GSE214411","Myeloid",TRUE
0.707170529928979,1.27421117719315,0.005,0.004,1,"NAALADL2","GSE214411","Myeloid",TRUE
0.707170529928979,1.35175095284024,0.005,0.004,1,"PYGO1","GSE214411","Myeloid",TRUE
0.707170529928979,1.68791046750375,0.005,0.004,1,"ELMO3","GSE214411","Myeloid",TRUE
0.707170529928979,0.00260270314862865,0.005,0.004,1,"RTN4R","GSE214411","Myeloid",TRUE
0.707347793161229,-0.541588897401128,0.009,0.011,1,"PLEKHG1","GSE214411","Myeloid",TRUE
0.707630356537821,0.343984601998004,0.005,0.004,1,"COL4A5","GSE214411","Myeloid",TRUE
0.707630356537821,2.45418242986222,0.005,0.004,1,"FAM227A","GSE214411","Myeloid",TRUE
0.707999762527349,0.0618903175798557,0.009,0.011,1,"ZNF551","GSE214411","Myeloid",TRUE
0.708090289798894,1.65261023392838,0.005,0.004,1,"PDZRN3","GSE214411","Myeloid",TRUE
0.708090289798894,-0.360182774812454,0.005,0.004,1,"MAPK8IP1","GSE214411","Myeloid",TRUE
0.708090289798894,0.260314951524208,0.005,0.004,1,"RP11-798K3.3","GSE214411","Myeloid",TRUE
0.708090289798894,1.18666812668763,0.005,0.004,1,"GPRC5B","GSE214411","Myeloid",TRUE
0.708090289798894,1.03837532737262,0.005,0.004,1,"HOXB5","GSE214411","Myeloid",TRUE
0.708297873960842,-0.0134928487364263,0.106,0.11,1,"MIOS","GSE214411","Myeloid",TRUE
0.70854075936303,0.0285561049493386,0.329,0.316,1,"PTPN1","GSE214411","Myeloid",TRUE
0.708550329561025,1.43341417868278,0.005,0.004,1,"RP11-46J23.1","GSE214411","Myeloid",TRUE
0.708550329561025,0.161057841516809,0.005,0.004,1,"RP11-344N10.5","GSE214411","Myeloid",TRUE
0.708550329561025,-1.40339957433464,0.005,0.004,1,"LIN37","GSE214411","Myeloid",TRUE
0.708550329561025,0.0922057788890793,0.005,0.004,1,"AP000223.42","GSE214411","Myeloid",TRUE
0.70865194599593,0.574903745553648,0.009,0.011,1,"TMEM45A","GSE214411","Myeloid",TRUE
0.708872529819194,-0.626760393317442,0.018,0.02,1,"RAVER1","GSE214411","Myeloid",TRUE
0.708947079746744,-0.505997185041572,0.026,0.029,1,"SOCS7","GSE214411","Myeloid",TRUE
0.708978117883957,-0.502173296898169,0.009,0.011,1,"YJEFN3","GSE214411","Myeloid",TRUE
0.709010475672927,0.190612888499493,0.005,0.004,1,"AC007038.7","GSE214411","Myeloid",TRUE
0.709010475672927,-0.521572518195572,0.005,0.004,1,"CTC-459F4.3","GSE214411","Myeloid",TRUE
0.709050347484351,0.178249432388691,0.199,0.186,1,"ARIH2","GSE214411","Myeloid",TRUE
0.709075266179641,0.0867076859379501,0.1,0.094,1,"RNFT1","GSE214411","Myeloid",TRUE
0.709470727983192,0.914742379585978,0.005,0.004,1,"SEPT4","GSE214411","Myeloid",TRUE
0.709535977642757,0.138355380184962,0.101,0.094,1,"FAM199X","GSE214411","Myeloid",TRUE
0.709630621697854,-0.147973250084449,0.009,0.011,1,"SLC6A12","GSE214411","Myeloid",TRUE
0.709820418660625,1.27380632919272,0.013,0.012,1,"SLC9B2","GSE214411","Myeloid",TRUE
0.709931086340298,1.53098536327762,0.005,0.004,1,"PROC","GSE214411","Myeloid",TRUE
0.709931086340298,0.510788224828362,0.005,0.004,1,"PDE5A","GSE214411","Myeloid",TRUE
0.709931086340298,-0.512673561766919,0.005,0.004,1,"PARD6G","GSE214411","Myeloid",TRUE
0.710220703047327,1.06609174472289,0.019,0.021,1,"CHPF","GSE214411","Myeloid",TRUE
0.710220703047327,0.772453727356113,0.019,0.021,1,"C9orf66","GSE214411","Myeloid",TRUE
0.710225026766352,0.0244305690644313,0.077,0.081,1,"RUSC1","GSE214411","Myeloid",TRUE
0.710283338535696,0.398544852677746,0.009,0.011,1,"WDR86","GSE214411","Myeloid",TRUE
0.710283338535696,-0.575074912122592,0.009,0.011,1,"HSD11B2","GSE214411","Myeloid",TRUE
0.710391550592609,0.05193727893925,0.005,0.004,1,"CPLX1","GSE214411","Myeloid",TRUE
0.710609776703544,-0.311905353998845,0.009,0.011,1,"VIL1","GSE214411","Myeloid",TRUE
0.710609776703544,0.659760883487417,0.009,0.011,1,"TRIM66","GSE214411","Myeloid",TRUE
0.710635861550623,0.235024278585819,0.118,0.12,1,"DDX50","GSE214411","Myeloid",TRUE
0.710680508394935,0.124910493745443,0.013,0.012,1,"PYROXD2","GSE214411","Myeloid",TRUE
0.71085212058837,-0.0960839509577722,0.005,0.004,1,"RN7SL832P","GSE214411","Myeloid",TRUE
0.711312796175712,0.0519236199474387,0.005,0.004,1,"CTLA4","GSE214411","Myeloid",TRUE
0.711589409553838,-0.252934364528213,0.009,0.011,1,"PRSS8","GSE214411","Myeloid",TRUE
0.711887684368012,0.16969047373049,0.076,0.071,1,"CAMK2G","GSE214411","Myeloid",TRUE
0.712234463517081,-0.936403968686372,0.005,0.004,1,"ARHGAP23","GSE214411","Myeloid",TRUE
0.712523000407721,0.493409203349258,0.018,0.016,1,"INO80B","GSE214411","Myeloid",TRUE
0.712643653526895,-0.0529986782925651,0.166,0.168,1,"MKLN1","GSE214411","Myeloid",TRUE
0.71322318887725,0.953206548981385,0.009,0.011,1,"MBLAC1","GSE214411","Myeloid",TRUE
0.71322318887725,-0.597541289476108,0.009,0.011,1,"SYT17","GSE214411","Myeloid",TRUE
0.713995834912194,0.142991637239458,0.086,0.082,1,"RAB7B","GSE214411","Myeloid",TRUE
0.71399624684124,0.0278264095736589,0.246,0.232,1,"SOAT1","GSE214411","Myeloid",TRUE
0.714057527764371,0.73182324883762,0.033,0.036,1,"IPO11","GSE214411","Myeloid",TRUE
0.714311644615361,0.460188757431695,0.036,0.039,1,"HS6ST1","GSE214411","Myeloid",TRUE
0.714398369033067,0.719366044444032,0.13,0.137,1,"CASP8","GSE214411","Myeloid",TRUE
0.714433662052537,-0.427350187904663,0.062,0.065,1,"EML3","GSE214411","Myeloid",TRUE
0.714922064374664,-0.513253849280077,0.077,0.081,1,"EID2","GSE214411","Myeloid",TRUE
0.715069657627023,-2.80128270423754,0.008,0.01,1,"SDPR","GSE214411","Myeloid",TRUE
0.715122754469917,0.0549877792363276,0.106,0.109,1,"CTA-384D8.34","GSE214411","Myeloid",TRUE
0.715324504799472,0.0693662262393695,0.089,0.092,1,"ZBTB20","GSE214411","Myeloid",TRUE
0.716090426294843,0.969569813069874,0.022,0.02,1,"MPZL3","GSE214411","Myeloid",TRUE
0.716104061716996,-1.00580327043484,0.008,0.01,1,"RP11-458J1.1","GSE214411","Myeloid",TRUE
0.716126228628118,0.0641279721265844,0.192,0.192,1,"CLPP","GSE214411","Myeloid",TRUE
0.716457897474022,-0.0201200733424682,0.229,0.219,1,"MAGT1","GSE214411","Myeloid",TRUE
0.716595296942853,-0.64891788945808,0.116,0.118,1,"KIAA0141","GSE214411","Myeloid",TRUE
0.716992581071177,-0.039823933093257,0.224,0.213,1,"FKBP4","GSE214411","Myeloid",TRUE
0.717123301170376,0.00943014953518906,0.345,0.331,1,"FBL","GSE214411","Myeloid",TRUE
0.717185764257486,-0.401024293812425,0.186,0.185,1,"DNAJC2","GSE214411","Myeloid",TRUE
0.717200703052751,0.896552487874755,0.022,0.02,1,"FAM219A","GSE214411","Myeloid",TRUE
0.717230458855736,0.302645905058279,0.047,0.05,1,"ZC3H3","GSE214411","Myeloid",TRUE
0.717286701114033,1.67735649228698,0.013,0.012,1,"ZNF558","GSE214411","Myeloid",TRUE
0.717723981109316,-1.17687558662308,0.024,0.026,1,"RP11-420L9.5","GSE214411","Myeloid",TRUE
0.717829226123085,0.288681839352055,0.008,0.01,1,"RP11-511P7.5","GSE214411","Myeloid",TRUE
0.717862161734098,1.5598257142561,0.013,0.012,1,"RP11-25K19.1","GSE214411","Myeloid",TRUE
0.71817443206767,-0.680409986981381,0.008,0.01,1,"AP001046.5","GSE214411","Myeloid",TRUE
0.71833493765369,0.425812414651374,0.055,0.051,1,"C16orf52","GSE214411","Myeloid",TRUE
0.718519695550749,-0.710117206495958,0.008,0.01,1,"METAP1D","GSE214411","Myeloid",TRUE
0.718611908197236,-0.0897401566614235,0.226,0.209,1,"PSMD6","GSE214411","Myeloid",TRUE
0.718865016508268,-0.756594701876299,0.008,0.01,1,"TRPV1","GSE214411","Myeloid",TRUE
0.719157859812263,-0.570385423562473,0.024,0.026,1,"TIFAB","GSE214411","Myeloid",TRUE
0.719176940834468,0.988313516925638,0.019,0.021,1,"MYO6","GSE214411","Myeloid",TRUE
0.719201478866094,-0.118893009882426,0.269,0.27,1,"LGALS2","GSE214411","Myeloid",TRUE
0.719383838847986,0.0970737030860664,0.173,0.162,1,"ABR","GSE214411","Myeloid",TRUE
0.719416478368503,0.733662021755773,0.04,0.042,1,"RNF26","GSE214411","Myeloid",TRUE
0.719498676217842,0.473876528956061,0.371,0.359,1,"CNN2","GSE214411","Myeloid",TRUE
0.719752143284198,0.479441574547502,0.105,0.111,1,"RBP7","GSE214411","Myeloid",TRUE
0.719765110037846,0.067975060547536,0.373,0.372,1,"IL1RN","GSE214411","Myeloid",TRUE
0.719867802455324,0.589438848109019,0.022,0.02,1,"CDYL2","GSE214411","Myeloid",TRUE
0.719877630750137,0.161593798778144,0.127,0.129,1,"KLHL18","GSE214411","Myeloid",TRUE
0.71990132358641,-0.903759151467214,0.008,0.01,1,"MMP1","GSE214411","Myeloid",TRUE
0.720054285407737,-0.700166031066477,0.017,0.019,1,"TRMT2B","GSE214411","Myeloid",TRUE
0.720182664756601,-0.426138013923369,0.024,0.026,1,"ANGEL1","GSE214411","Myeloid",TRUE
0.720214635358595,-0.352589743105818,0.031,0.033,1,"LRSAM1","GSE214411","Myeloid",TRUE
0.720856024492833,-0.146884085447312,0.05,0.053,1,"ANKRD50","GSE214411","Myeloid",TRUE
0.720938145625216,-0.452338038663318,0.008,0.01,1,"FAM124B","GSE214411","Myeloid",TRUE
0.721178958278574,-0.104656109385338,0.044,0.04,1,"RP11-737O24.5","GSE214411","Myeloid",TRUE
0.721283867107369,0.0685880823705673,0.008,0.01,1,"RP11-410L14.2","GSE214411","Myeloid",TRUE
0.721498119192132,0.167930013749543,0.546,0.573,1,"SAP18","GSE214411","Myeloid",TRUE
0.721509745253041,0.859306212164084,0.389,0.378,1,"TRIB1","GSE214411","Myeloid",TRUE
0.721584450592172,0.698872869504456,0.018,0.02,1,"GPR89B","GSE214411","Myeloid",TRUE
0.721751672004569,-0.331813201227897,0.216,0.212,1,"LGALS8","GSE214411","Myeloid",TRUE
0.721754675787647,0.24426564333103,0.123,0.125,1,"ELK4","GSE214411","Myeloid",TRUE
0.722247554257871,0.427021273567725,0.025,0.028,1,"CCDC77","GSE214411","Myeloid",TRUE
0.722321373060808,0.366101197006818,0.008,0.01,1,"RP11-212P7.2","GSE214411","Myeloid",TRUE
0.722321373060808,0.808701512951346,0.008,0.01,1,"ZNF319","GSE214411","Myeloid",TRUE
0.722976431501237,0.325461347204466,0.346,0.329,1,"STAG2","GSE214411","Myeloid",TRUE
0.723204790588847,-0.0834458824515969,0.119,0.123,1,"SIAH1","GSE214411","Myeloid",TRUE
0.723342458661949,0.0645008545199119,0.131,0.125,1,"SF3B3","GSE214411","Myeloid",TRUE
0.723481322943211,-0.0714755365722208,0.135,0.127,1,"SRP68","GSE214411","Myeloid",TRUE
0.723610951387738,-0.122061687765897,0.254,0.25,1,"UBA1","GSE214411","Myeloid",TRUE
0.723959299213433,-1.1982183552284,0.016,0.018,1,"VANGL1","GSE214411","Myeloid",TRUE
0.724491392765127,0.216168652493194,0.013,0.012,1,"RP11-48B3.4","GSE214411","Myeloid",TRUE
0.724590673509062,-0.0216992200386652,0.212,0.197,1,"STARD3NL","GSE214411","Myeloid",TRUE
0.724705936340744,0.0800848818744989,0.274,0.267,1,"EMC3","GSE214411","Myeloid",TRUE
0.724798090402565,-0.0888312362531471,0.137,0.138,1,"AKT2","GSE214411","Myeloid",TRUE
0.72490256704038,0.156312475439562,0.017,0.019,1,"FAM110B","GSE214411","Myeloid",TRUE
0.725090548642026,0.0130486707378736,0.008,0.01,1,"LOXL1","GSE214411","Myeloid",TRUE
0.725203365274921,0.284687618064634,0.027,0.024,1,"SNAPC4","GSE214411","Myeloid",TRUE
0.725248062950334,0.24428392897016,0.116,0.118,1,"CDK9","GSE214411","Myeloid",TRUE
0.725253665873194,-0.592213130247349,0.064,0.067,1,"CHMP7","GSE214411","Myeloid",TRUE
0.725424339053502,-0.16122684659679,0.036,0.033,1,"RP11-1100L3.8","GSE214411","Myeloid",TRUE
0.725435190594393,0.986955644491024,0.022,0.02,1,"ATAT1","GSE214411","Myeloid",TRUE
0.725779702851664,-0.396043983158365,0.031,0.029,1,"NBPF15","GSE214411","Myeloid",TRUE
0.725816447245996,-0.195578294068714,0.093,0.097,1,"ZNF703","GSE214411","Myeloid",TRUE
0.725925018029124,-0.189198553903189,0.031,0.033,1,"PAFAH2","GSE214411","Myeloid",TRUE
0.725936185941611,0.42998441072646,0.14,0.144,1,"ISCA1","GSE214411","Myeloid",TRUE
0.726075728381933,0.462325243868007,0.018,0.02,1,"ZFAT","GSE214411","Myeloid",TRUE
0.726079058329406,-0.737277892074043,0.025,0.028,1,"ACTR5","GSE214411","Myeloid",TRUE
0.726129919400696,-0.338045591542547,0.008,0.01,1,"TNXB","GSE214411","Myeloid",TRUE
0.726270842481328,0.362185882279418,0.038,0.035,1,"ST7","GSE214411","Myeloid",TRUE
0.72631237580554,0.893045014436027,0.018,0.02,1,"DLG5","GSE214411","Myeloid",TRUE
0.726312817383497,0.341669283405539,0.176,0.177,1,"TSC22D4","GSE214411","Myeloid",TRUE
0.727694544420693,0.0401608258705539,0.093,0.087,1,"TESC","GSE214411","Myeloid",TRUE
0.727763567530496,-0.194071341134307,0.047,0.05,1,"ZNF184","GSE214411","Myeloid",TRUE
0.727863324261411,-0.00861591346451185,0.008,0.01,1,"ADGRL4","GSE214411","Myeloid",TRUE
0.727901625086075,-0.224748767283675,0.2,0.201,1,"SF3A3","GSE214411","Myeloid",TRUE
0.727968855810557,0.399346289532319,0.129,0.132,1,"MITD1","GSE214411","Myeloid",TRUE
0.72812575984358,0.220606080397378,0.032,0.03,1,"PUS7","GSE214411","Myeloid",TRUE
0.728210172688845,0.524983909552951,0.008,0.01,1,"ZNF862","GSE214411","Myeloid",TRUE
0.728364905759312,0.305893439180551,0.544,0.576,1,"SQSTM1","GSE214411","Myeloid",TRUE
0.728467596051218,0.174681617139543,0.126,0.119,1,"CLASP2","GSE214411","Myeloid",TRUE
0.728557076783065,0.640777463755509,0.008,0.01,1,"BCL9","GSE214411","Myeloid",TRUE
0.728789160448924,-0.0498238602507266,0.017,0.019,1,"MEIS1","GSE214411","Myeloid",TRUE
0.728934615949336,0.0508814227598156,0.805,0.797,1,"FOSB","GSE214411","Myeloid",TRUE
0.728990200631448,0.415448382167625,0.031,0.029,1,"GNB5","GSE214411","Myeloid",TRUE
0.729166528238179,-0.0315414187903742,0.198,0.198,1,"SNX27","GSE214411","Myeloid",TRUE
0.729203403891418,-0.0924042684074364,0.133,0.124,1,"POLR2B","GSE214411","Myeloid",TRUE
0.729251051711587,0.63791060533924,0.008,0.01,1,"ROPN1L","GSE214411","Myeloid",TRUE
0.729355594195817,0.648836043585202,0.069,0.073,1,"TRIQK","GSE214411","Myeloid",TRUE
0.729483260407485,-0.978616549876303,0.027,0.024,1,"MICAL3","GSE214411","Myeloid",TRUE
0.729525765759167,0.011296743450212,0.324,0.319,1,"PAFAH1B1","GSE214411","Myeloid",TRUE
0.729787008620202,-0.524980012156071,0.057,0.059,1,"ZNF316","GSE214411","Myeloid",TRUE
0.729868882502266,-0.0308844621138595,0.051,0.054,1,"FGFR1OP","GSE214411","Myeloid",TRUE
0.730285223173892,-0.403686915488398,0.131,0.123,1,"THOC6","GSE214411","Myeloid",TRUE
0.730325529699915,0.348032459785789,0.442,0.438,1,"OGFRL1","GSE214411","Myeloid",TRUE
0.730647319643584,-0.0632841945185127,0.148,0.151,1,"IMPAD1","GSE214411","Myeloid",TRUE
0.730732090360801,-0.221280270432523,0.036,0.033,1,"EPHB3","GSE214411","Myeloid",TRUE
0.730884150015226,0.151576996455118,0.128,0.119,1,"PAICS","GSE214411","Myeloid",TRUE
0.730966159464345,0.855156260175218,0.053,0.057,1,"PERP","GSE214411","Myeloid",TRUE
0.730986958643286,1.20087275112222,0.008,0.01,1,"BBOF1","GSE214411","Myeloid",TRUE
0.731154001728034,-0.245642533291233,0.088,0.083,1,"SLC4A2","GSE214411","Myeloid",TRUE
0.731513667589971,0.268548040494669,0.2,0.192,1,"RDH11","GSE214411","Myeloid",TRUE
0.731765721504137,0.0705644589589711,0.265,0.258,1,"ALOX5","GSE214411","Myeloid",TRUE
0.732247399673859,0.182347691944018,0.309,0.297,1,"PRMT9","GSE214411","Myeloid",TRUE
0.73249856868621,-0.11179678766648,0.07,0.073,1,"MRAS","GSE214411","Myeloid",TRUE
0.732499816412988,0.15173801535888,0.261,0.247,1,"TAF15","GSE214411","Myeloid",TRUE
0.732945621253631,-0.254779589368424,0.031,0.034,1,"FKBP9","GSE214411","Myeloid",TRUE
0.732980497510081,-0.246010753668619,0.079,0.074,1,"XPOT","GSE214411","Myeloid",TRUE
0.733110188226801,-2.02086305826433,0.007,0.008,1,"MATN1-AS1","GSE214411","Myeloid",TRUE
0.733142116009442,0.0257891433285549,0.236,0.235,1,"DNAJC21","GSE214411","Myeloid",TRUE
0.733381422797584,0.305388567680475,0.055,0.051,1,"TTC32","GSE214411","Myeloid",TRUE
0.733427840712281,1.46386135169873,0.01,0.008,1,"LIFR","GSE214411","Myeloid",TRUE
0.733478783344489,-0.620539126340223,0.007,0.008,1,"CEBPE","GSE214411","Myeloid",TRUE
0.733483457744511,-0.586977008243163,0.118,0.11,1,"MAN2C1","GSE214411","Myeloid",TRUE
0.733675171631757,-0.33082097676524,0.031,0.034,1,"TBC1D13","GSE214411","Myeloid",TRUE
0.733869771498356,-0.134688689068693,0.081,0.075,1,"NEDD4L","GSE214411","Myeloid",TRUE
0.733952543014834,0.235649806343707,0.207,0.196,1,"RELB","GSE214411","Myeloid",TRUE
0.733972400216015,0.22015154944893,0.305,0.294,1,"DNAJB11","GSE214411","Myeloid",TRUE
0.734782310534006,1.51669386845188,0.01,0.008,1,"EFHC2","GSE214411","Myeloid",TRUE
0.734952463295748,-0.318418244828844,0.031,0.034,1,"USP13","GSE214411","Myeloid",TRUE
0.735025922074268,-0.127210859200472,0.044,0.047,1,"TRAPPC9","GSE214411","Myeloid",TRUE
0.735134993486026,0.138954775928822,0.031,0.034,1,"PEX7","GSE214411","Myeloid",TRUE
0.735786797964088,0.00270861368876352,0.107,0.11,1,"VARS","GSE214411","Myeloid",TRUE
0.735798704813734,1.86433288863277,0.01,0.008,1,"EPS8L2","GSE214411","Myeloid",TRUE
0.73606066541046,0.354869562125382,0.007,0.008,1,"PEBP4","GSE214411","Myeloid",TRUE
0.736093216441007,-1.0310669596172,0.057,0.059,1,"EMSY","GSE214411","Myeloid",TRUE
0.736137605805208,1.21559130464032,0.01,0.008,1,"ASH1L-AS1","GSE214411","Myeloid",TRUE
0.736137605805208,1.12208427869418,0.01,0.008,1,"CMTM4","GSE214411","Myeloid",TRUE
0.736183168515525,-0.200753233065607,0.225,0.224,1,"PRKAR2A","GSE214411","Myeloid",TRUE
0.736225822785274,0.520036494033192,0.027,0.024,1,"NAALADL1","GSE214411","Myeloid",TRUE
0.736460781455121,0.0768565016388059,0.1,0.103,1,"ACYP2","GSE214411","Myeloid",TRUE
0.736815561771258,0.706214711345005,0.01,0.008,1,"MUC16","GSE214411","Myeloid",TRUE
0.736892756044261,0.562799029554855,0.205,0.207,1,"BTG3","GSE214411","Myeloid",TRUE
0.737154616624312,0.296524805461673,0.01,0.008,1,"RP11-285F7.2","GSE214411","Myeloid",TRUE
0.737154616624312,1.83257857992023,0.01,0.008,1,"NOTCH3","GSE214411","Myeloid",TRUE
0.737168101405908,-0.555333871388009,0.007,0.008,1,"KIAA0391","GSE214411","Myeloid",TRUE
0.73744260914268,0.220287301387779,0.056,0.052,1,"ZNF117","GSE214411","Myeloid",TRUE
0.737537368177411,-0.675402769824473,0.007,0.008,1,"TMEM51-AS1","GSE214411","Myeloid",TRUE
0.737625187203045,0.065413512163758,0.086,0.089,1,"GTF3C1","GSE214411","Myeloid",TRUE
0.737859357319327,-0.0406615826251691,0.113,0.106,1,"PI4KA","GSE214411","Myeloid",TRUE
0.737865000856817,0.460603470538353,0.091,0.086,1,"PIGX","GSE214411","Myeloid",TRUE
0.737957207926331,0.505805400780392,0.103,0.097,1,"UBAP2","GSE214411","Myeloid",TRUE
0.73796513697095,0.96705271578541,0.016,0.018,1,"ZNF410","GSE214411","Myeloid",TRUE
0.738178430545616,0.37440525884965,0.154,0.146,1,"NFAM1","GSE214411","Myeloid",TRUE
0.738276083408686,-0.588474872591209,0.007,0.008,1,"AIFM3","GSE214411","Myeloid",TRUE
0.738449230563759,-0.0216039242956294,0.251,0.248,1,"FBXO11","GSE214411","Myeloid",TRUE
0.738720249347963,0.293921088469806,0.05,0.047,1,"CLUH","GSE214411","Myeloid",TRUE
0.738850657156786,1.0907702642728,0.01,0.008,1,"RP11-219A15.1","GSE214411","Myeloid",TRUE
0.739384609296704,1.13037725052084,0.007,0.008,1,"FBLN5","GSE214411","Myeloid",TRUE
0.739746443645475,-0.0491041315509109,0.087,0.082,1,"GIGYF1","GSE214411","Myeloid",TRUE
0.73985312094634,0.146896511821515,0.063,0.059,1,"KIF1C","GSE214411","Myeloid",TRUE
0.739868892297291,0.462833780145838,0.01,0.008,1,"UBD","GSE214411","Myeloid",TRUE
0.739868892297291,-0.0230462357029557,0.01,0.008,1,"TREML1","GSE214411","Myeloid",TRUE
0.73997321729842,-0.612509162680843,0.016,0.018,1,"LAMA4","GSE214411","Myeloid",TRUE
0.740083191091285,0.571153992170299,0.107,0.102,1,"CAMKK2","GSE214411","Myeloid",TRUE
0.740123927664369,-0.33472169737291,0.007,0.008,1,"M1AP","GSE214411","Myeloid",TRUE
0.740123927664369,0.0203778073968213,0.007,0.008,1,"CEP72","GSE214411","Myeloid",TRUE
0.740184960342443,-0.0810261161890199,0.314,0.311,1,"TOMM22","GSE214411","Myeloid",TRUE
0.740208405448394,0.309812694613775,0.01,0.008,1,"RP11-20I23.13","GSE214411","Myeloid",TRUE
0.740489838064497,0.0571719308739054,0.047,0.043,1,"ERLIN1","GSE214411","Myeloid",TRUE
0.740547969216534,-0.348414334461662,0.01,0.008,1,"BAMBI","GSE214411","Myeloid",TRUE
0.740667411580874,0.890772709915024,0.028,0.025,1,"PAQR7","GSE214411","Myeloid",TRUE
0.740755910825788,-0.543872553794783,0.061,0.064,1,"RPP38","GSE214411","Myeloid",TRUE
0.740823203900423,0.354337672070269,0.1,0.095,1,"MTA1","GSE214411","Myeloid",TRUE
0.740887583540609,0.650348786384706,0.01,0.008,1,"ADGRL1","GSE214411","Myeloid",TRUE
0.741075313105403,0.670686907497689,0.031,0.034,1,"B3GALNT1","GSE214411","Myeloid",TRUE
0.741193299762758,0.183362729831625,0.047,0.043,1,"MED12","GSE214411","Myeloid",TRUE
0.741227248359487,-0.630064340966833,0.01,0.008,1,"UQCRHL","GSE214411","Myeloid",TRUE
0.741233355302828,-0.270222155506831,0.007,0.008,1,"RAVER2","GSE214411","Myeloid",TRUE
0.741434665736623,-0.0393569501367623,0.092,0.094,1,"SCD","GSE214411","Myeloid",TRUE
0.741603284223161,-0.367759056552303,0.007,0.008,1,"WNT2","GSE214411","Myeloid",TRUE
0.741603284223161,0.59895910560958,0.007,0.008,1,"VWCE","GSE214411","Myeloid",TRUE
0.741744602496036,0.732788398942639,0.117,0.121,1,"CD82","GSE214411","Myeloid",TRUE
0.741788764116475,0.0357379836048586,0.264,0.252,1,"GAS7","GSE214411","Myeloid",TRUE
0.741973272865597,0.781248501434377,0.007,0.008,1,"PGBD1","GSE214411","Myeloid",TRUE
0.741973272865597,0.486987199512593,0.007,0.008,1,"HID1","GSE214411","Myeloid",TRUE
0.742041325003278,0.024931772933118,0.102,0.095,1,"RP11-37B2.1","GSE214411","Myeloid",TRUE
0.74204432761256,-0.121790066213386,0.186,0.186,1,"CBX6","GSE214411","Myeloid",TRUE
0.742234427342957,0.164383129407895,0.016,0.018,1,"RP11-894P9.1","GSE214411","Myeloid",TRUE
0.742343321151082,-1.46083505926372,0.007,0.008,1,"PXYLP1","GSE214411","Myeloid",TRUE
0.742485810702268,-0.314117995633343,0.016,0.018,1,"NES","GSE214411","Myeloid",TRUE
0.742709290059258,-0.139582399489741,0.023,0.025,1,"FHAD1","GSE214411","Myeloid",TRUE
0.74271342900052,1.02530112807252,0.007,0.008,1,"LINC01268","GSE214411","Myeloid",TRUE
0.743085128444917,-0.0518311449221853,0.028,0.025,1,"RAB30","GSE214411","Myeloid",TRUE
0.743330743942736,0.105421818249793,0.073,0.068,1,"GNG7","GSE214411","Myeloid",TRUE
0.743332541901639,0.392643006373575,0.031,0.033,1,"DNAL1","GSE214411","Myeloid",TRUE
0.7434253156092,0.224851991212986,0.141,0.132,1,"RNF41","GSE214411","Myeloid",TRUE
0.743453823074672,0.0265192494464701,0.007,0.008,1,"FAM185A","GSE214411","Myeloid",TRUE
0.743821986992182,0.298541419053,0.115,0.118,1,"KPNA1","GSE214411","Myeloid",TRUE
0.743909581197812,1.82945176930437,0.04,0.037,1,"SERPINA5","GSE214411","Myeloid",TRUE
0.744187659360485,-0.660860806531918,0.023,0.025,1,"FAM102A","GSE214411","Myeloid",TRUE
0.744478173455557,0.0436705936876083,0.257,0.254,1,"ATXN10","GSE214411","Myeloid",TRUE
0.744626660292396,0.0472229653523186,0.01,0.008,1,"RP11-597D13.8","GSE214411","Myeloid",TRUE
0.74475461014279,0.501980233310824,0.04,0.042,1,"ZNF107","GSE214411","Myeloid",TRUE
0.744842070681268,0.0625010873259573,0.148,0.15,1,"ARID1B","GSE214411","Myeloid",TRUE
0.744966876510996,-1.53488367175058,0.01,0.008,1,"AC002310.12","GSE214411","Myeloid",TRUE
0.745115913565811,0.0613191074804652,0.086,0.084,1,"PTGDS","GSE214411","Myeloid",TRUE
0.745305845084628,-0.835107545706567,0.007,0.008,1,"TPRG1","GSE214411","Myeloid",TRUE
0.745504397302973,-0.487814789792587,0.14,0.14,1,"ZC3H18","GSE214411","Myeloid",TRUE
0.74550454648791,-0.193861913297913,0.016,0.018,1,"ANO8","GSE214411","Myeloid",TRUE
0.745533879187706,0.522952635959088,0.122,0.117,1,"GTF2H1","GSE214411","Myeloid",TRUE
0.745550192265576,-0.114902724923994,0.041,0.038,1,"MTRR","GSE214411","Myeloid",TRUE
0.746455037085291,-0.625081425880948,0.015,0.017,1,"RP5-882C2.2","GSE214411","Myeloid",TRUE
0.746616033527489,-0.208168657630701,0.014,0.013,1,"USP54","GSE214411","Myeloid",TRUE
0.746882436377575,-0.124110947898591,0.137,0.128,1,"BOLA3","GSE214411","Myeloid",TRUE
0.747037600364727,0.649345203525133,0.063,0.059,1,"C2orf76","GSE214411","Myeloid",TRUE
0.74706383836142,-0.582339621669936,0.044,0.047,1,"PROCR","GSE214411","Myeloid",TRUE
0.747272281069037,-0.204923668329549,0.039,0.036,1,"MTFR1","GSE214411","Myeloid",TRUE
0.747492144203628,-1.32262901079313,0.015,0.017,1,"MINCR","GSE214411","Myeloid",TRUE
0.747550837645788,0.552791817450975,0.052,0.055,1,"TMEM216","GSE214411","Myeloid",TRUE
0.747655836012953,0.289759880799923,0.247,0.251,1,"HECA","GSE214411","Myeloid",TRUE
0.747789128833904,0.016283706772204,0.316,0.301,1,"EIF4E2","GSE214411","Myeloid",TRUE
0.748272140505788,1.2603390432098,0.007,0.008,1,"OSMR","GSE214411","Myeloid",TRUE
0.748622564453452,-0.034591934917594,0.25,0.232,1,"CTNND1","GSE214411","Myeloid",TRUE
0.748689680656429,-0.0886542103768522,0.164,0.165,1,"CHD6","GSE214411","Myeloid",TRUE
0.748815568281014,1.27025618487149,0.017,0.019,1,"PRKCDBP","GSE214411","Myeloid",TRUE
0.748848920203063,-0.236086045931121,0.066,0.069,1,"BAP1","GSE214411","Myeloid",TRUE
0.749031346920201,-0.408171663740128,0.016,0.018,1,"RNF208","GSE214411","Myeloid",TRUE
0.749407406089952,0.412445726348215,0.133,0.126,1,"UBE2G1","GSE214411","Myeloid",TRUE
0.749447093618002,-1.24831090880217,0.006,0.007,1,"KLF8","GSE214411","Myeloid",TRUE
0.749467955989939,-0.544053252734874,0.099,0.102,1,"SLC1A4","GSE214411","Myeloid",TRUE
0.749565548331767,-0.423435421478064,0.042,0.044,1,"LINC01504","GSE214411","Myeloid",TRUE
0.749610192101763,-0.355684361577491,0.049,0.052,1,"ENOX2","GSE214411","Myeloid",TRUE
0.750100651688869,0.130729786484561,0.483,0.493,1,"HSBP1","GSE214411","Myeloid",TRUE
0.750263239811825,0.303737302755763,0.27,0.254,1,"DGUOK","GSE214411","Myeloid",TRUE
0.75033291932452,0.451195493289781,0.152,0.155,1,"REPIN1","GSE214411","Myeloid",TRUE
0.750348783927572,0.544338422845756,0.08,0.075,1,"CIDEB","GSE214411","Myeloid",TRUE
0.750448975072127,0.644749042802454,0.043,0.04,1,"SMPD2","GSE214411","Myeloid",TRUE
0.750637316207456,-0.825483249887276,0.006,0.007,1,"ZNF608","GSE214411","Myeloid",TRUE
0.750680182825632,0.195116528466941,0.038,0.035,1,"COL5A2","GSE214411","Myeloid",TRUE
0.750737362989319,0.557937672207334,0.024,0.026,1,"CDS1","GSE214411","Myeloid",TRUE
0.75075811506029,-0.672314509430619,0.01,0.008,1,"LINC01315","GSE214411","Myeloid",TRUE
0.751049026107571,0.352502847517517,0.016,0.018,1,"ALG11","GSE214411","Myeloid",TRUE
0.751613825099538,0.269895743917913,0.044,0.047,1,"PLD2","GSE214411","Myeloid",TRUE
0.751724636619874,0.0533442725864521,0.038,0.035,1,"LRP12","GSE214411","Myeloid",TRUE
0.751749260755054,-0.180198207969068,0.082,0.077,1,"ARFIP2","GSE214411","Myeloid",TRUE
0.751803197851903,0.519923061619541,0.064,0.06,1,"NUP133","GSE214411","Myeloid",TRUE
0.751828132564879,-0.722856245134008,0.006,0.007,1,"SLC38A5","GSE214411","Myeloid",TRUE
0.752165013818311,0.354989843549267,0.024,0.022,1,"MROH6","GSE214411","Myeloid",TRUE
0.752225202843267,-0.666125014711556,0.006,0.007,1,"ZFP28","GSE214411","Myeloid",TRUE
0.752350101819614,0.0786505133678395,0.161,0.162,1,"TRPV2","GSE214411","Myeloid",TRUE
0.752380581908569,0.0883397485683617,0.181,0.172,1,"TMEM170A","GSE214411","Myeloid",TRUE
0.752421793148465,0.0180973440977554,0.18,0.181,1,"PDE7A","GSE214411","Myeloid",TRUE
0.752622338704965,-0.272419197513642,0.006,0.007,1,"BCAS4","GSE214411","Myeloid",TRUE
0.752816663831545,0.550312976452277,0.024,0.026,1,"ARL4D","GSE214411","Myeloid",TRUE
0.752870146420018,-0.0449919198079387,0.236,0.222,1,"SAFB2","GSE214411","Myeloid",TRUE
0.753019540052107,-0.637970598567508,0.006,0.007,1,"PRICKLE4","GSE214411","Myeloid",TRUE
0.753019540052107,-0.743528331983315,0.006,0.007,1,"AP003774.4","GSE214411","Myeloid",TRUE
0.753028425018782,0.657478896897262,0.107,0.101,1,"ERCC5","GSE214411","Myeloid",TRUE
0.753154658719744,0.0399370967468682,0.332,0.326,1,"BAG1","GSE214411","Myeloid",TRUE
0.753393713433771,0.133071254298148,0.247,0.239,1,"FGFR1OP2","GSE214411","Myeloid",TRUE
0.75362767942711,-0.325883343412244,0.09,0.092,1,"ADA","GSE214411","Myeloid",TRUE
0.753629980492679,0.76547631583895,0.039,0.036,1,"DAPK2","GSE214411","Myeloid",TRUE
0.753995922614206,0.407064851242613,0.028,0.025,1,"SLC24A1","GSE214411","Myeloid",TRUE
0.754078735340116,0.584808727108646,0.016,0.018,1,"MAP1B","GSE214411","Myeloid",TRUE
0.754211536026753,-2.15202077079316,0.006,0.007,1,"EXO1","GSE214411","Myeloid",TRUE
0.754211536026753,-0.570612708228315,0.006,0.007,1,"BCAS1","GSE214411","Myeloid",TRUE
0.754217629704697,-0.700907133352684,0.014,0.013,1,"ANKRD6","GSE214411","Myeloid",TRUE
0.754504490639485,-0.119827095852496,0.015,0.017,1,"SHROOM1","GSE214411","Myeloid",TRUE
0.754504490639485,-0.898284508907643,0.015,0.017,1,"PAGR1","GSE214411","Myeloid",TRUE
0.754549999868779,-0.0336208065384422,0.036,0.038,1,"BCKDHB","GSE214411","Myeloid",TRUE
0.754608998335969,-0.483760206780809,0.006,0.007,1,"CAPNS2","GSE214411","Myeloid",TRUE
0.755006525640519,-0.609666153010746,0.006,0.007,1,"SLCO5A1","GSE214411","Myeloid",TRUE
0.755006525640519,-0.215305296447873,0.006,0.007,1,"GJC1","GSE214411","Myeloid",TRUE
0.755006525640519,-0.380785163829607,0.006,0.007,1,"ZNF816-ZNF321P","GSE214411","Myeloid",TRUE
0.755404117842226,-0.682941289528818,0.006,0.007,1,"DNAH14","GSE214411","Myeloid",TRUE
0.755404117842226,-0.687017418386167,0.006,0.007,1,"C10orf10","GSE214411","Myeloid",TRUE
0.755404117842226,-0.890004472722844,0.006,0.007,1,"PCDH17","GSE214411","Myeloid",TRUE
0.755404117842226,0.384572103341083,0.006,0.007,1,"ZNF793","GSE214411","Myeloid",TRUE
0.755479782273798,0.143642436944801,0.11,0.104,1,"DHX38","GSE214411","Myeloid",TRUE
0.755801774842861,0.212082656426103,0.006,0.007,1,"YY2","GSE214411","Myeloid",TRUE
0.755844322181976,-0.32901090225727,0.144,0.143,1,"DTD1","GSE214411","Myeloid",TRUE
0.755963805757643,-1.15923050836434,0.023,0.021,1,"SHF","GSE214411","Myeloid",TRUE
0.756199496544145,-0.362978422868322,0.006,0.007,1,"TNFRSF13C","GSE214411","Myeloid",TRUE
0.756337938940713,0.525303724199797,0.148,0.154,1,"FSCN1","GSE214411","Myeloid",TRUE
0.756428728073672,-0.0160788546123727,0.066,0.068,1,"OGFOD1","GSE214411","Myeloid",TRUE
0.756597282847747,-0.0167611971197408,0.006,0.007,1,"PART1","GSE214411","Myeloid",TRUE
0.756661622957078,0.163172806324248,0.615,0.665,1,"HNRNPC","GSE214411","Myeloid",TRUE
0.75675582148426,-0.219093471504347,0.031,0.033,1,"PIGL","GSE214411","Myeloid",TRUE
0.756756837634535,-0.772902833999824,0.014,0.013,1,"CTD-2006K23.1","GSE214411","Myeloid",TRUE
0.756816745143241,0.181944151297304,0.037,0.039,1,"ALOX12-AS1","GSE214411","Myeloid",TRUE
0.756927050057999,1.12859340904907,0.024,0.022,1,"SLC30A4","GSE214411","Myeloid",TRUE
0.756995133655282,-0.177224284185186,0.006,0.007,1,"KCP","GSE214411","Myeloid",TRUE
0.75730268827282,0.628909828754466,0.038,0.035,1,"RECK","GSE214411","Myeloid",TRUE
0.757393048868317,-0.0422879020224913,0.006,0.007,1,"ZNF517","GSE214411","Myeloid",TRUE
0.757702388179111,-0.0476349503857574,0.184,0.177,1,"BCAT1","GSE214411","Myeloid",TRUE
0.758064859591888,0.0742595785216249,0.031,0.033,1,"RDH10","GSE214411","Myeloid",TRUE
0.758189072116896,-0.718195227459776,0.006,0.007,1,"OAZ3","GSE214411","Myeloid",TRUE
0.758189072116896,1.30291908269186,0.006,0.007,1,"MST1","GSE214411","Myeloid",TRUE
0.758587179955315,-0.0549168834043483,0.006,0.007,1,"TNFSF13","GSE214411","Myeloid",TRUE
0.758587179955315,-0.695022964458232,0.006,0.007,1,"CLDN5","GSE214411","Myeloid",TRUE
0.758587179955315,0.863328633095856,0.006,0.007,1,"SH3BGR","GSE214411","Myeloid",TRUE
0.758985351804987,0.767118054434942,0.006,0.007,1,"ATAD3C","GSE214411","Myeloid",TRUE
0.759305318227379,0.392284650759609,0.052,0.055,1,"COL18A1","GSE214411","Myeloid",TRUE
0.75931804729178,-0.078114452748907,0.062,0.058,1,"TMED8","GSE214411","Myeloid",TRUE
0.759383587567223,0.618710853273084,0.006,0.007,1,"CCNT2-AS1","GSE214411","Myeloid",TRUE
0.759413154558285,0.107496830118623,0.088,0.084,1,"CDIP1","GSE214411","Myeloid",TRUE
0.75959490456562,-0.00969125269461735,0.089,0.092,1,"SENP5","GSE214411","Myeloid",TRUE
0.759781887143281,0.27567691516907,0.006,0.007,1,"LKAAEAR1","GSE214411","Myeloid",TRUE
0.75982723447288,-0.116438284736838,0.168,0.156,1,"UBE2J2","GSE214411","Myeloid",TRUE
0.759833446392439,0.314901720718003,0.043,0.046,1,"TTN-AS1","GSE214411","Myeloid",TRUE
0.760427021166262,-0.973522356743433,0.066,0.069,1,"DENND1C","GSE214411","Myeloid",TRUE
0.760578677341654,1.79387103763204,0.006,0.007,1,"RP11-385F7.1","GSE214411","Myeloid",TRUE
0.760680375090489,-0.420352942950455,0.118,0.111,1,"E2F3","GSE214411","Myeloid",TRUE
0.760798017445915,0.103739153890115,0.088,0.083,1,"BCL11A","GSE214411","Myeloid",TRUE
0.761405235994267,-0.1792554467316,0.108,0.11,1,"BORCS8","GSE214411","Myeloid",TRUE
0.761494555950181,-0.527052807435495,0.038,0.035,1,"TTC27","GSE214411","Myeloid",TRUE
0.761537060463852,0.089229390937813,0.281,0.279,1,"IKZF1","GSE214411","Myeloid",TRUE
0.761655470655119,0.290274762727555,0.117,0.119,1,"C1orf27","GSE214411","Myeloid",TRUE
0.761755353823389,0.950460081304967,0.031,0.034,1,"SP4","GSE214411","Myeloid",TRUE
0.761774338771468,0.945608726429342,0.006,0.007,1,"TXNDC5","GSE214411","Myeloid",TRUE
0.762040034845332,0.120194176679494,0.203,0.199,1,"PGM2","GSE214411","Myeloid",TRUE
0.762356397671362,0.148245230442692,0.323,0.323,1,"FOXN3","GSE214411","Myeloid",TRUE
0.762571762657929,0.0316556755875403,0.006,0.007,1,"SERPINI1","GSE214411","Myeloid",TRUE
0.762571762657929,1.39510138684268,0.006,0.007,1,"HARBI1","GSE214411","Myeloid",TRUE
0.762697292833473,0.0220412995114203,0.086,0.089,1,"MYO1E","GSE214411","Myeloid",TRUE
0.762701779396431,0.0179571154979228,0.159,0.162,1,"PTDSS1","GSE214411","Myeloid",TRUE
0.763283836129721,-1.04206661142922,0.029,0.031,1,"CA5B","GSE214411","Myeloid",TRUE
0.763579913271447,0.219155257639128,0.064,0.06,1,"MAPK13","GSE214411","Myeloid",TRUE
0.764020697409504,-0.160775244363228,0.082,0.076,1,"MPV17L2","GSE214411","Myeloid",TRUE
0.764034248997158,0.32691193525974,0.084,0.078,1,"KIAA0040","GSE214411","Myeloid",TRUE
0.764045264815235,2.36956151782556,0.006,0.005,1,"SLC24A3","GSE214411","Myeloid",TRUE
0.764136145752932,0.875035161057201,0.04,0.037,1,"ARG2","GSE214411","Myeloid",TRUE
0.764318451014428,-0.281776026249409,0.019,0.017,1,"RASL10A","GSE214411","Myeloid",TRUE
0.764476068387883,0.971623266122894,0.006,0.005,1,"NFE4","GSE214411","Myeloid",TRUE
0.764476068387883,1.04155273745882,0.006,0.005,1,"FAM27C","GSE214411","Myeloid",TRUE
0.764476068387883,2.67501010411733,0.006,0.005,1,"TSPAN9","GSE214411","Myeloid",TRUE
0.764703540326353,-0.0163816185039201,0.139,0.142,1,"KIAA1143","GSE214411","Myeloid",TRUE
0.765082529213168,0.265802692873113,0.058,0.054,1,"XPR1","GSE214411","Myeloid",TRUE
0.765337894113273,1.60770547813757,0.006,0.005,1,"KIRREL","GSE214411","Myeloid",TRUE
0.76537986943046,0.375609357599452,0.067,0.064,1,"CFAP36","GSE214411","Myeloid",TRUE
0.765728134603054,0.0398279516852229,0.03,0.028,1,"CACTIN","GSE214411","Myeloid",TRUE
0.765769815931822,0.291784368095755,0.028,0.025,1,"TCTE3","GSE214411","Myeloid",TRUE
0.765817622678349,-0.122265050232954,0.122,0.123,1,"FARSA","GSE214411","Myeloid",TRUE
0.765827320305673,0.219329060225037,0.159,0.15,1,"CS","GSE214411","Myeloid",TRUE
0.76586294345825,2.16002501615965,0.011,0.01,1,"CHDH","GSE214411","Myeloid",TRUE
0.766177787422593,0.361579359215762,0.233,0.224,1,"TMEM248","GSE214411","Myeloid",TRUE
0.766437061931323,0.18395704375104,0.157,0.148,1,"IWS1","GSE214411","Myeloid",TRUE
0.766757465793449,0.434606425856493,0.134,0.128,1,"FLOT2","GSE214411","Myeloid",TRUE
0.766765690245691,-0.20914158650422,0.029,0.031,1,"FCHSD1","GSE214411","Myeloid",TRUE
0.766863557385118,-0.0893016056564333,0.093,0.094,1,"SEC24B","GSE214411","Myeloid",TRUE
0.766889691044017,-0.228982231524245,0.167,0.167,1,"CCDC6","GSE214411","Myeloid",TRUE
0.767062416378732,0.313323452083355,0.006,0.005,1,"CNTNAP3","GSE214411","Myeloid",TRUE
0.767377134399289,-0.47377844405877,0.157,0.146,1,"SSH1","GSE214411","Myeloid",TRUE
0.767493727633682,-0.966558555172578,0.006,0.005,1,"CP","GSE214411","Myeloid",TRUE
0.767577112349631,0.29743030796543,0.031,0.034,1,"APCDD1","GSE214411","Myeloid",TRUE
0.767899619066111,0.108071498067733,0.419,0.404,1,"ERP44","GSE214411","Myeloid",TRUE
0.767925110913122,0.219748047809506,0.006,0.005,1,"RP11-2C24.9","GSE214411","Myeloid",TRUE
0.767933654041713,-0.988318043629151,0.022,0.023,1,"KCTD2","GSE214411","Myeloid",TRUE
0.767965336199877,-0.262259828349194,0.127,0.128,1,"CDK13","GSE214411","Myeloid",TRUE
0.768258335215587,0.965889635971215,0.024,0.026,1,"LAMC1","GSE214411","Myeloid",TRUE
0.768356566091462,1.93446882838405,0.006,0.005,1,"FASLG","GSE214411","Myeloid",TRUE
0.768356566091462,0.656900579508671,0.006,0.005,1,"RP11-57H14.2","GSE214411","Myeloid",TRUE
0.768361887549228,0.275792571976712,0.512,0.529,1,"ATP6V0D1","GSE214411","Myeloid",TRUE
0.768430203133084,-1.25777500157119,0.021,0.022,1,"RELL2","GSE214411","Myeloid",TRUE
0.768619716766423,-0.802384724976711,0.036,0.038,1,"C11orf49","GSE214411","Myeloid",TRUE
0.768953137756668,0.016157400293169,0.104,0.106,1,"BRD1","GSE214411","Myeloid",TRUE
0.768983031597363,-0.282016316128886,0.084,0.079,1,"KIAA1715","GSE214411","Myeloid",TRUE
0.769186553157322,-0.467361745461369,0.08,0.074,1,"KIAA0355","GSE214411","Myeloid",TRUE
0.769219691642147,-0.385464331155999,0.006,0.005,1,"GPC2","GSE214411","Myeloid",TRUE
0.769263371093584,0.502344069812815,0.053,0.05,1,"LRRC8A","GSE214411","Myeloid",TRUE
0.769264454653533,0.243713746656316,0.126,0.119,1,"AIMP2","GSE214411","Myeloid",TRUE
0.769411147800451,-0.22662037636649,0.091,0.085,1,"MTMR9","GSE214411","Myeloid",TRUE
0.769599685411521,0.589453469073291,0.07,0.066,1,"HOOK2","GSE214411","Myeloid",TRUE
0.769635974108557,0.473780980362724,0.015,0.017,1,"DCP1B","GSE214411","Myeloid",TRUE
0.76965136176298,0.74706033962391,0.006,0.005,1,"ZNF251","GSE214411","Myeloid",TRUE
0.76965136176298,0.170207681644131,0.006,0.005,1,"NRSN2-AS1","GSE214411","Myeloid",TRUE
0.769791374345601,-0.678661118936851,0.014,0.016,1,"RP11-582E3.6","GSE214411","Myeloid",TRUE
0.769804245488289,0.116425263086898,0.043,0.046,1,"BISPR","GSE214411","Myeloid",TRUE
0.769997330506307,-0.327988745471616,0.116,0.109,1,"AIFM1","GSE214411","Myeloid",TRUE
0.770083103279687,1.85089196523092,0.006,0.005,1,"SCNN1D","GSE214411","Myeloid",TRUE
0.770111938956143,2.49424873736206,0.011,0.01,1,"ANKRD13B","GSE214411","Myeloid",TRUE
0.770331144087919,-0.762235180884073,0.014,0.016,1,"MIR762HG","GSE214411","Myeloid",TRUE
0.770514916066345,-1.05366458093962,0.005,0.006,1,"LINC01355","GSE214411","Myeloid",TRUE
0.770514916066345,-0.256517005206527,0.005,0.006,1,"SLC1A2","GSE214411","Myeloid",TRUE
0.770518240640799,0.269789381848599,0.126,0.127,1,"C4orf33","GSE214411","Myeloid",TRUE
0.77088165730408,0.0434784456799981,0.084,0.078,1,"PILRB","GSE214411","Myeloid",TRUE
0.77094462137877,-0.300311498641696,0.015,0.017,1,"PIGW","GSE214411","Myeloid",TRUE
0.770946799996965,-0.30994379282098,0.006,0.005,1,"HOXD10","GSE214411","Myeloid",TRUE
0.770946799996965,-0.856996103304966,0.006,0.005,1,"KALRN","GSE214411","Myeloid",TRUE
0.770946799996965,0.337244233114835,0.006,0.005,1,"TENM4","GSE214411","Myeloid",TRUE
0.770946799996965,-1.08309010923334,0.005,0.006,1,"CEP126","GSE214411","Myeloid",TRUE
0.770946799996965,-0.695356015989739,0.005,0.006,1,"OLFM4","GSE214411","Myeloid",TRUE
0.771085400359228,0.370601582317936,0.049,0.047,1,"NSDHL","GSE214411","Myeloid",TRUE
0.771378754945493,-0.547307972163606,0.005,0.006,1,"AMY2B","GSE214411","Myeloid",TRUE
0.771378754945493,-0.357308890282187,0.005,0.006,1,"RAB17","GSE214411","Myeloid",TRUE
0.771378754945493,-0.229225602359685,0.006,0.005,1,"FAM171A1","GSE214411","Myeloid",TRUE
0.771468263119568,0.472530727210155,0.015,0.017,1,"ITM2A","GSE214411","Myeloid",TRUE
0.771657324030358,0.261102338739208,0.418,0.409,1,"BAX","GSE214411","Myeloid",TRUE
0.771693834481649,-0.68443444667503,0.052,0.054,1,"ARL17A","GSE214411","Myeloid",TRUE
0.771701105202347,0.0724079141844352,0.476,0.486,1,"EIF3M","GSE214411","Myeloid",TRUE
0.771810780785808,-0.599059564618537,0.005,0.006,1,"CTD-2553L13.10","GSE214411","Myeloid",TRUE
0.772015531556955,0.600937594689499,0.301,0.31,1,"GBP1","GSE214411","Myeloid",TRUE
0.772115144750095,-0.418570315111977,0.1,0.102,1,"GPATCH11","GSE214411","Myeloid",TRUE
0.772129379005535,0.285581437810219,0.074,0.069,1,"RCAN3","GSE214411","Myeloid",TRUE
0.772242877391721,-2.09603322246936,0.005,0.006,1,"ITGB1BP2","GSE214411","Myeloid",TRUE
0.772242877391721,-0.968869285039243,0.005,0.006,1,"ZNF433","GSE214411","Myeloid",TRUE
0.772282977038274,0.134066930774885,0.043,0.046,1,"AXIN1","GSE214411","Myeloid",TRUE
0.772668590608972,0.0161195805621799,0.147,0.147,1,"ATF7","GSE214411","Myeloid",TRUE
0.772757482958543,0.164665551567559,0.084,0.088,1,"PRRG4","GSE214411","Myeloid",TRUE
0.772775484071864,1.0400125611115,0.034,0.032,1,"CD99L2","GSE214411","Myeloid",TRUE
0.772913354675104,0.653107082620772,0.112,0.108,1,"SH3YL1","GSE214411","Myeloid",TRUE
0.77291656343029,0.0890239661284542,0.656,0.707,1,"TMBIM6","GSE214411","Myeloid",TRUE
0.77310728239527,0.047903346955283,0.005,0.006,1,"MANEAL","GSE214411","Myeloid",TRUE
0.77310728239527,-0.242056019187966,0.005,0.006,1,"CTD-2650P22.1","GSE214411","Myeloid",TRUE
0.77310728239527,0.558528503240844,0.005,0.006,1,"RP11-327F22.1","GSE214411","Myeloid",TRUE
0.77310728239527,1.32702673134226,0.006,0.005,1,"RP1-193H18.2","GSE214411","Myeloid",TRUE
0.77310728239527,0.0213385587506867,0.005,0.006,1,"LL22NC03-2H8.5","GSE214411","Myeloid",TRUE
0.77310728239527,-0.571722973636438,0.005,0.006,1,"WBP2NL","GSE214411","Myeloid",TRUE
0.773241863788371,0.251160292947462,0.03,0.032,1,"ZDHHC1","GSE214411","Myeloid",TRUE
0.773293077582457,0.144673648263912,0.532,0.568,1,"PRELID1","GSE214411","Myeloid",TRUE
0.77330185998005,-0.868718397599724,0.014,0.016,1,"KCTD11","GSE214411","Myeloid",TRUE
0.7735217008218,-0.254190714134316,0.041,0.043,1,"C6orf47","GSE214411","Myeloid",TRUE
0.773539590540203,-0.7169951333764,0.006,0.005,1,"NSG1","GSE214411","Myeloid",TRUE
0.773539590540203,1.36305158609606,0.005,0.006,1,"LINC00106","GSE214411","Myeloid",TRUE
0.773539590540203,-0.432969047746087,0.006,0.005,1,"PYGM","GSE214411","Myeloid",TRUE
0.773539590540203,1.3863682362136,0.005,0.006,1,"NAPSA","GSE214411","Myeloid",TRUE
0.773549402123588,0.568790134284773,0.029,0.031,1,"SPDL1","GSE214411","Myeloid",TRUE
0.773646297814482,0.1357354235128,0.048,0.044,1,"RPUSD4","GSE214411","Myeloid",TRUE
0.77397196894533,-0.909648902884532,0.005,0.006,1,"ITK","GSE214411","Myeloid",TRUE
0.77397196894533,0.177240851072496,0.005,0.006,1,"TRGC1","GSE214411","Myeloid",TRUE
0.77397196894533,0.0998163659964533,0.005,0.006,1,"ATP5L2","GSE214411","Myeloid",TRUE
0.773998309882726,0.559204937693797,0.039,0.041,1,"NID1","GSE214411","Myeloid",TRUE
0.774074926565017,0.886063557364978,0.215,0.237,1,"HLA-DRB5","GSE214411","Myeloid",TRUE
0.77428611765159,0.800528165095361,0.076,0.073,1,"PLEKHA1","GSE214411","Myeloid",TRUE
0.774396956532627,0.077422994563713,0.136,0.128,1,"ASGR1","GSE214411","Myeloid",TRUE
0.774404417484136,-0.829019586187896,0.005,0.006,1,"PPP1R3F","GSE214411","Myeloid",TRUE
0.774404417484136,0.908377273282104,0.005,0.006,1,"TEX22","GSE214411","Myeloid",TRUE
0.774404417484136,-0.322978007455379,0.005,0.006,1,"RP11-17M16.2","GSE214411","Myeloid",TRUE
0.774508080552409,-0.617208155103872,0.046,0.048,1,"SBF1","GSE214411","Myeloid",TRUE
0.774759778893363,0.93972117428563,0.035,0.033,1,"GCC1","GSE214411","Myeloid",TRUE
0.774836936030042,1.43438488529137,0.005,0.006,1,"KIAA1614","GSE214411","Myeloid",TRUE
0.774836936030042,1.47996628423824,0.005,0.006,1,"AIF1L","GSE214411","Myeloid",TRUE
0.774863071315789,-0.430858960839777,0.02,0.018,1,"SCMH1","GSE214411","Myeloid",TRUE
0.775205964244618,0.61877396672098,0.062,0.066,1,"RFFL","GSE214411","Myeloid",TRUE
0.775269524456401,0.89493935761283,0.005,0.006,1,"KCNC4","GSE214411","Myeloid",TRUE
0.775269524456401,-1.19518690774908,0.006,0.005,1,"RP11-572B2.1","GSE214411","Myeloid",TRUE
0.775269524456401,0.591245027649821,0.005,0.006,1,"SCARA3","GSE214411","Myeloid",TRUE
0.775357604258053,0.120239800040912,0.199,0.201,1,"DUSP3","GSE214411","Myeloid",TRUE
0.775464471292297,-0.442725567292888,0.014,0.016,1,"ZNF81","GSE214411","Myeloid",TRUE
0.775553240281949,0.6398589216499,0.05,0.048,1,"AAR2","GSE214411","Myeloid",TRUE
0.775702182636504,1.18766594615671,0.005,0.006,1,"ZFYVE9","GSE214411","Myeloid",TRUE
0.775702182636504,1.04586668233428,0.005,0.006,1,"CCDC64B","GSE214411","Myeloid",TRUE
0.775702182636504,-0.511567330113396,0.006,0.005,1,"RP11-737O24.2","GSE214411","Myeloid",TRUE
0.776126174292908,-0.0837268902652748,0.048,0.05,1,"TRMT11","GSE214411","Myeloid",TRUE
0.776134910443576,0.148969219931758,0.005,0.006,1,"CYP27B1","GSE214411","Myeloid",TRUE
0.776546431471935,-0.174310515615246,0.014,0.016,1,"PARVA","GSE214411","Myeloid",TRUE
0.776546431471935,-0.373400970021783,0.014,0.016,1,"DDIAS","GSE214411","Myeloid",TRUE
0.776567707750775,0.554531887358039,0.005,0.006,1,"ST6GAL2","GSE214411","Myeloid",TRUE
0.776567707750775,0.615591163146144,0.005,0.006,1,"RP11-65L3.2","GSE214411","Myeloid",TRUE
0.776567707750775,0.934325545337805,0.005,0.006,1,"CTHRC1","GSE214411","Myeloid",TRUE
0.776661120866611,0.288022779504252,0.288,0.271,1,"CCDC59","GSE214411","Myeloid",TRUE
0.776939245444382,0.342497121263593,0.022,0.024,1,"HOMER2","GSE214411","Myeloid",TRUE
0.777000574431197,-1.53477057909911,0.005,0.006,1,"WASF1","GSE214411","Myeloid",TRUE
0.777028866579438,0.148252476201989,0.373,0.379,1,"GLS","GSE214411","Myeloid",TRUE
0.777282116933181,-0.447688804129261,0.022,0.023,1,"TDRKH","GSE214411","Myeloid",TRUE
0.777358186334949,0.160031941335609,0.014,0.016,1,"MCAM","GSE214411","Myeloid",TRUE
0.777433510357873,1.41967920083849,0.005,0.006,1,"RP11-1008C21.1","GSE214411","Myeloid",TRUE
0.777541706606032,-0.07537273699241,0.015,0.014,1,"SNHG21","GSE214411","Myeloid",TRUE
0.778299589441785,2.22203135317097,0.005,0.006,1,"RP11-505K9.1","GSE214411","Myeloid",TRUE
0.778302407141396,0.608547966403582,0.011,0.01,1,"LINC00852","GSE214411","Myeloid",TRUE
0.778460825443005,0.427003803190957,0.563,0.567,1,"TALDO1","GSE214411","Myeloid",TRUE
0.778584821621549,-0.512133246335753,0.062,0.064,1,"RASAL2","GSE214411","Myeloid",TRUE
0.778590810481107,0.334680285631365,0.048,0.044,1,"RSPH3","GSE214411","Myeloid",TRUE
0.7789241244543,-0.342923811644388,0.041,0.043,1,"NCKAP5","GSE214411","Myeloid",TRUE
0.779165943985468,0.454288230829507,0.005,0.006,1,"RP11-20D14.6","GSE214411","Myeloid",TRUE
0.779351347776571,-0.182945707647641,0.046,0.048,1,"GEMIN8","GSE214411","Myeloid",TRUE
0.779487013918709,-0.232206022235104,0.013,0.015,1,"DCHS1","GSE214411","Myeloid",TRUE
0.779572329888339,-1.13355829550158,0.029,0.031,1,"NPIPA1","GSE214411","Myeloid",TRUE
0.779599224236616,0.615810240164006,0.005,0.006,1,"THSD7A","GSE214411","Myeloid",TRUE
0.77973112825755,0.063702864905658,0.287,0.275,1,"RNMT","GSE214411","Myeloid",TRUE
0.779819366660801,1.50928596839015,0.021,0.019,1,"GPR27","GSE214411","Myeloid",TRUE
0.780266368696686,-0.0703091227143307,0.135,0.128,1,"IDH3A","GSE214411","Myeloid",TRUE
0.780651874076981,0.399303566115992,0.104,0.107,1,"OSBP","GSE214411","Myeloid",TRUE
0.780668583012885,0.335880208537937,0.103,0.099,1,"TAF1","GSE214411","Myeloid",TRUE
0.780823983084037,0.0475428042702367,0.411,0.408,1,"RSL24D1","GSE214411","Myeloid",TRUE
0.780878589389131,0.0654091956897007,0.014,0.016,1,"RORA","GSE214411","Myeloid",TRUE
0.780928615376094,0.0220496864059809,0.011,0.01,1,"NDFIP2","GSE214411","Myeloid",TRUE
0.781333028797569,1.62293206524112,0.005,0.006,1,"SEMA3F","GSE214411","Myeloid",TRUE
0.781365610453916,-0.660188119547486,0.036,0.038,1,"TEX2","GSE214411","Myeloid",TRUE
0.78137319671807,0.0861232420660372,0.164,0.164,1,"TMX2","GSE214411","Myeloid",TRUE
0.781902211843214,0.129864357333337,0.06,0.062,1,"TRMO","GSE214411","Myeloid",TRUE
0.781914089821862,-0.751063194103861,0.011,0.01,1,"SELENBP1","GSE214411","Myeloid",TRUE
0.781961547703477,0.15336998398061,0.394,0.396,1,"ARF6","GSE214411","Myeloid",TRUE
0.781961990484203,0.502816138689543,0.061,0.064,1,"B4GALT4","GSE214411","Myeloid",TRUE
0.782137362776356,-0.716710232618967,0.052,0.054,1,"CCDC28B","GSE214411","Myeloid",TRUE
0.782360744370257,0.445223890281837,0.02,0.018,1,"CDC42BPA","GSE214411","Myeloid",TRUE
0.782439128671425,0.231561034767616,0.198,0.197,1,"BROX","GSE214411","Myeloid",TRUE
0.782744223453485,-0.0133011339861353,0.097,0.099,1,"KIF13B","GSE214411","Myeloid",TRUE
0.782776058047677,0.419985110815879,0.014,0.016,1,"NIPA1","GSE214411","Myeloid",TRUE
0.783162661059428,0.160493049858701,0.052,0.049,1,"MOB3C","GSE214411","Myeloid",TRUE
0.783209708424666,-0.140320017214322,0.134,0.133,1,"FAM118A","GSE214411","Myeloid",TRUE
0.783331083914093,0.695500644998337,0.113,0.11,1,"RNF24","GSE214411","Myeloid",TRUE
0.783875173346153,-0.0584851273758837,0.015,0.014,1,"SCNN1A","GSE214411","Myeloid",TRUE
0.783979477229696,0.768915488814712,0.022,0.023,1,"RP11-76E17.3","GSE214411","Myeloid",TRUE
0.784003872424561,0.787822544513268,0.197,0.198,1,"ARHGAP9","GSE214411","Myeloid",TRUE
0.784234165242354,0.166352332206353,0.148,0.142,1,"SGTA","GSE214411","Myeloid",TRUE
0.784319374310772,0.200214637969834,0.038,0.035,1,"NPIPB15","GSE214411","Myeloid",TRUE
0.784831428248163,-0.501999206694251,0.092,0.092,1,"SIDT2","GSE214411","Myeloid",TRUE
0.785112112894983,1.09591849328091,0.03,0.032,1,"PAXIP1","GSE214411","Myeloid",TRUE
0.78520152563929,0.143767269619935,0.011,0.01,1,"USP21","GSE214411","Myeloid",TRUE
0.78520152563929,-0.497483553640685,0.011,0.01,1,"SNX25","GSE214411","Myeloid",TRUE
0.786051676026883,-0.0188861003704023,0.324,0.319,1,"SNHG15","GSE214411","Myeloid",TRUE
0.786188506897388,-0.256839216020392,0.011,0.01,1,"NEGR1","GSE214411","Myeloid",TRUE
0.786188506897388,-0.0237127863516768,0.011,0.01,1,"RTTN","GSE214411","Myeloid",TRUE
0.786204019183259,-0.149165310167621,0.021,0.022,1,"TRIM3","GSE214411","Myeloid",TRUE
0.78634468928089,0.0731692134598312,0.022,0.024,1,"SPICE1","GSE214411","Myeloid",TRUE
0.786357414666019,-0.0943308695313947,0.015,0.014,1,"CAPN3","GSE214411","Myeloid",TRUE
0.786481021678807,-0.521267311026557,0.02,0.018,1,"RP11-658F2.8","GSE214411","Myeloid",TRUE
0.786492951113264,-0.103972636266913,0.013,0.015,1,"RWDD2A","GSE214411","Myeloid",TRUE
0.786785631027101,0.179763910753286,0.12,0.114,1,"LPIN1","GSE214411","Myeloid",TRUE
0.786807340593671,-0.0115498401985142,0.431,0.431,1,"XRCC6","GSE214411","Myeloid",TRUE
0.786966155964228,0.467654451972574,0.02,0.018,1,"MEX3B","GSE214411","Myeloid",TRUE
0.787153176103018,0.0997330517931191,0.275,0.275,1,"CCRL2","GSE214411","Myeloid",TRUE
0.787208754129294,-0.408737967387325,0.02,0.018,1,"SMYD5","GSE214411","Myeloid",TRUE
0.787267462768598,-0.766883843806496,0.04,0.041,1,"POT1","GSE214411","Myeloid",TRUE
0.787879671270498,-0.0740450229665743,0.025,0.023,1,"RP11-51J9.5","GSE214411","Myeloid",TRUE
0.788175091697444,-2.39628271093805,0.004,0.005,1,"CFAP126","GSE214411","Myeloid",TRUE
0.788175091697444,-1.01466317268681,0.004,0.005,1,"CTD-2192J16.22","GSE214411","Myeloid",TRUE
0.788176974887269,-0.965432131402246,0.013,0.015,1,"NOP14-AS1","GSE214411","Myeloid",TRUE
0.788334092741484,-0.173528355632436,0.187,0.185,1,"IER3IP1","GSE214411","Myeloid",TRUE
0.788544674850295,0.105515396197804,0.23,0.219,1,"NUTF2","GSE214411","Myeloid",TRUE
0.788915580990995,0.167362330252394,0.241,0.229,1,"BORCS7","GSE214411","Myeloid",TRUE
0.788975103469482,-0.542160327037727,0.024,0.022,1,"CTPS2","GSE214411","Myeloid",TRUE
0.789127040722291,-1.61123301107455,0.004,0.005,1,"BHLHB9","GSE214411","Myeloid",TRUE
0.789217110637954,0.189416690626737,0.084,0.081,1,"ECD","GSE214411","Myeloid",TRUE
0.789406070088964,0.11777079628898,0.146,0.139,1,"HMGCS1","GSE214411","Myeloid",TRUE
0.789406317310977,-0.338304311660804,0.021,0.022,1,"AACS","GSE214411","Myeloid",TRUE
0.789595116777776,2.39441843412197,0.003,0.002,1,"NRIR","GSE214411","Myeloid",TRUE
0.789595116777776,1.1818880158305,0.003,0.002,1,"N4BP3","GSE214411","Myeloid",TRUE
0.789595116777776,2.66726686350681,0.003,0.002,1,"ARFGEF3","GSE214411","Myeloid",TRUE
0.789595116777776,0.507327407876033,0.003,0.002,1,"IQUB","GSE214411","Myeloid",TRUE
0.789595116777776,2.13434609412271,0.003,0.002,1,"TMEM35","GSE214411","Myeloid",TRUE
0.789595116777776,2.51777468676646,0.003,0.002,1,"LL0XNC01-237H1.2","GSE214411","Myeloid",TRUE
0.789595116777776,2.23931683581604,0.003,0.002,1,"PGM5","GSE214411","Myeloid",TRUE
0.789595116777776,0.637635062556846,0.003,0.002,1,"LHX2","GSE214411","Myeloid",TRUE
0.789595116777776,3.8517520104319,0.003,0.002,1,"TCN1","GSE214411","Myeloid",TRUE
0.789595116777776,0.51637459251784,0.003,0.002,1,"RP11-1348G14.4","GSE214411","Myeloid",TRUE
0.789595116777776,2.44769814270149,0.003,0.002,1,"ESRP2","GSE214411","Myeloid",TRUE
0.789595116777776,0.614760413459956,0.003,0.002,1,"CEACAM19","GSE214411","Myeloid",TRUE
0.789603133413151,-0.87176059280679,0.004,0.005,1,"CRIP3","GSE214411","Myeloid",TRUE
0.789603133413151,-1.25441981579746,0.004,0.005,1,"ZNF471","GSE214411","Myeloid",TRUE
0.789844989394737,-0.383185755767895,0.039,0.036,1,"SUMO4","GSE214411","Myeloid",TRUE
0.790079304664256,-2.1339713676581,0.004,0.005,1,"RP11-98D18.9","GSE214411","Myeloid",TRUE
0.790079304664256,-0.660912915197675,0.004,0.005,1,"LRRTM2","GSE214411","Myeloid",TRUE
0.79026772666949,1.90354535960777,0.003,0.002,1,"FBXO2","GSE214411","Myeloid",TRUE
0.79026772666949,2.70939942094297,0.003,0.002,1,"NBPF3","GSE214411","Myeloid",TRUE
0.79026772666949,1.96020162732152,0.003,0.002,1,"ST6GALNAC3","GSE214411","Myeloid",TRUE
0.79026772666949,1.55716151879378,0.003,0.002,1,"MASP1","GSE214411","Myeloid",TRUE
0.79026772666949,0.840456505606763,0.003,0.002,1,"RGMB-AS1","GSE214411","Myeloid",TRUE
0.79026772666949,2.87764048188557,0.003,0.002,1,"RP5-1148A21.3","GSE214411","Myeloid",TRUE
0.79026772666949,0.55349106418123,0.003,0.002,1,"RP11-1275H24.3","GSE214411","Myeloid",TRUE
0.79026772666949,2.81869162553167,0.003,0.002,1,"TMLHE-AS1","GSE214411","Myeloid",TRUE
0.79026772666949,2.16228804668164,0.003,0.002,1,"CASC21","GSE214411","Myeloid",TRUE
0.79026772666949,2.38250803223157,0.003,0.002,1,"PRRX2","GSE214411","Myeloid",TRUE
0.79026772666949,1.66034326111623,0.003,0.002,1,"THSD1","GSE214411","Myeloid",TRUE
0.79026772666949,1.18595598866991,0.003,0.002,1,"RHCG","GSE214411","Myeloid",TRUE
0.79026772666949,0.302788191894729,0.003,0.002,1,"CTD-2555A7.3","GSE214411","Myeloid",TRUE
0.790298504849978,0.270733204951823,0.047,0.049,1,"TUBGCP4","GSE214411","Myeloid",TRUE
0.790469378132921,-0.56087772163041,0.011,0.01,1,"AATBC","GSE214411","Myeloid",TRUE
0.79055555430646,-2.45041918862185,0.004,0.005,1,"ATP8B2","GSE214411","Myeloid",TRUE
0.79055555430646,-0.819716178628743,0.004,0.005,1,"INCA1","GSE214411","Myeloid",TRUE
0.79055555430646,-1.00197809277921,0.004,0.005,1,"FAM106A","GSE214411","Myeloid",TRUE
0.790798939732147,-1.04415649417993,0.011,0.01,1,"RP1-39G22.7","GSE214411","Myeloid",TRUE
0.790940492828724,1.77896800048452,0.003,0.002,1,"ARHGEF16","GSE214411","Myeloid",TRUE
0.790940492828724,2.36248358690394,0.003,0.002,1,"DIRAS3","GSE214411","Myeloid",TRUE
0.790940492828724,0.85903574501902,0.003,0.002,1,"MARC2","GSE214411","Myeloid",TRUE
0.790940492828724,0.180906204938177,0.003,0.002,1,"AC017002.1","GSE214411","Myeloid",TRUE
0.790940492828724,0.35496283021997,0.003,0.002,1,"RP11-10C24.3","GSE214411","Myeloid",TRUE
0.790940492828724,0.453275896671837,0.003,0.002,1,"ST3GAL6-AS1","GSE214411","Myeloid",TRUE
0.790940492828724,0.665605567020847,0.003,0.002,1,"PLSCR4","GSE214411","Myeloid",TRUE
0.790940492828724,2.85214672850816,0.003,0.002,1,"NRN1","GSE214411","Myeloid",TRUE
0.790940492828724,0.438625118583146,0.003,0.002,1,"MDGA1","GSE214411","Myeloid",TRUE
0.790940492828724,1.05883076534997,0.003,0.002,1,"BVES","GSE214411","Myeloid",TRUE
0.790940492828724,2.43375325872997,0.003,0.002,1,"FNDC1","GSE214411","Myeloid",TRUE
0.790940492828724,2.28512581290196,0.003,0.002,1,"PACRG","GSE214411","Myeloid",TRUE
0.790940492828724,2.08419162405374,0.003,0.002,1,"TDRP","GSE214411","Myeloid",TRUE
0.790940492828724,2.72656952605236,0.003,0.002,1,"LINC00861","GSE214411","Myeloid",TRUE
0.790940492828724,1.54433465356845,0.003,0.002,1,"RP11-273G15.2","GSE214411","Myeloid",TRUE
0.790940492828724,3.13203913267296,0.003,0.002,1,"WDR38","GSE214411","Myeloid",TRUE
0.790940492828724,2.37447966083193,0.003,0.002,1,"FAM157B","GSE214411","Myeloid",TRUE
0.790940492828724,0.288237288151613,0.003,0.002,1,"WT1-AS","GSE214411","Myeloid",TRUE
0.790940492828724,0.316920032093305,0.003,0.002,1,"ALDH3B2","GSE214411","Myeloid",TRUE
0.790940492828724,0.758322104529139,0.003,0.002,1,"PIH1D2","GSE214411","Myeloid",TRUE
0.790940492828724,0.710481964321991,0.003,0.002,1,"DDX11-AS1","GSE214411","Myeloid",TRUE
0.790940492828724,0.454882696003347,0.003,0.002,1,"GLIPR1L2","GSE214411","Myeloid",TRUE
0.790940492828724,0.31309847703778,0.003,0.002,1,"RP11-11M20.4","GSE214411","Myeloid",TRUE
0.790940492828724,0.891325675326906,0.003,0.002,1,"PRKCG","GSE214411","Myeloid",TRUE
0.790940492828724,0.183869379942072,0.003,0.002,1,"TTYH1","GSE214411","Myeloid",TRUE
0.790940492828724,0.781785951861968,0.003,0.002,1,"RP4-756G23.5","GSE214411","Myeloid",TRUE
0.790940492828724,0.59204282365655,0.003,0.002,1,"LL21NC02-21A1.1","GSE214411","Myeloid",TRUE
0.790940492828724,0.409564397033705,0.003,0.002,1,"CTD-2639E6.9","GSE214411","Myeloid",TRUE
0.790985878922957,-0.678864343043238,0.013,0.015,1,"APBA1","GSE214411","Myeloid",TRUE
0.79103188217053,-1.59820138999056,0.004,0.005,1,"LINC00954","GSE214411","Myeloid",TRUE
0.79103188217053,-0.590421811704787,0.004,0.005,1,"RP11-553A21.3","GSE214411","Myeloid",TRUE
0.79103188217053,0.426939014396444,0.004,0.005,1,"RP11-1275H24.1","GSE214411","Myeloid",TRUE
0.791230063372042,-0.0357137992044781,0.28,0.279,1,"DNAJA2","GSE214411","Myeloid",TRUE
0.791266917654484,0.176898350737955,0.013,0.015,1,"NTNG2","GSE214411","Myeloid",TRUE
0.791316371585331,-0.0798164734731985,0.054,0.056,1,"BLZF1","GSE214411","Myeloid",TRUE
0.791345119026959,0.13957529392239,0.155,0.157,1,"PIN4","GSE214411","Myeloid",TRUE
0.791508288087148,-0.562939130318109,0.004,0.005,1,"BMP8B","GSE214411","Myeloid",TRUE
0.791508288087148,-0.787750478346604,0.004,0.005,1,"SAMD5","GSE214411","Myeloid",TRUE
0.791508288087148,-1.9692286904497,0.004,0.005,1,"RP11-290C10.1","GSE214411","Myeloid",TRUE
0.791508288087148,-0.69189838687152,0.004,0.005,1,"ZNF415","GSE214411","Myeloid",TRUE
0.791522412275296,0.285328413786655,0.033,0.035,1,"AMMECR1L","GSE214411","Myeloid",TRUE
0.791613414778413,-0.00746104892164112,0.003,0.002,1,"L1TD1","GSE214411","Myeloid",TRUE
0.791613414778413,0.0454949644200902,0.003,0.002,1,"KCNA3","GSE214411","Myeloid",TRUE
0.791613414778413,0.418967675850667,0.003,0.002,1,"RP11-54A4.2","GSE214411","Myeloid",TRUE
0.791613414778413,0.12448860412216,0.003,0.002,1,"RP11-434B12.1","GSE214411","Myeloid",TRUE
0.791613414778413,0.054747903398928,0.003,0.002,1,"COLQ","GSE214411","Myeloid",TRUE
0.791613414778413,0.303444456640087,0.003,0.002,1,"ZNF385D","GSE214411","Myeloid",TRUE
0.791613414778413,0.0587887686882915,0.003,0.002,1,"RP11-480A16.1","GSE214411","Myeloid",TRUE
0.791613414778413,0.0596797177634718,0.003,0.002,1,"ADAMTS19","GSE214411","Myeloid",TRUE
0.791613414778413,2.20995192613198,0.003,0.002,1,"SPRY4","GSE214411","Myeloid",TRUE
0.791613414778413,0.383588751992161,0.003,0.002,1,"RP3-525N10.2","GSE214411","Myeloid",TRUE
0.791613414778413,1.81420340553133,0.003,0.002,1,"PPP1R14C","GSE214411","Myeloid",TRUE
0.791613414778413,-1.47088775492794,0.003,0.002,1,"FOXD4","GSE214411","Myeloid",TRUE
0.791613414778413,-0.110659460008222,0.003,0.002,1,"RP11-563J2.3","GSE214411","Myeloid",TRUE
0.791613414778413,-0.424758484398446,0.003,0.002,1,"IQSEC3","GSE214411","Myeloid",TRUE
0.791613414778413,0.0593440736588544,0.003,0.002,1,"RP11-16E12.1","GSE214411","Myeloid",TRUE
0.791613414778413,0.0992145241805638,0.003,0.002,1,"RP11-817O13.9","GSE214411","Myeloid",TRUE
0.791613414778413,-0.299345605134182,0.003,0.002,1,"MIR9-3HG","GSE214411","Myeloid",TRUE
0.791613414778413,0.0643327544131687,0.003,0.002,1,"NPIPA5","GSE214411","Myeloid",TRUE
0.791613414778413,0.0917945237038076,0.003,0.002,1,"AC006449.2","GSE214411","Myeloid",TRUE
0.791613414778413,0.175034289660584,0.003,0.002,1,"MYOM1","GSE214411","Myeloid",TRUE
0.791613414778413,0.133677246108689,0.003,0.002,1,"TNNC2","GSE214411","Myeloid",TRUE
0.791613414778413,-2.7467630111053,0.003,0.002,1,"RP11-15A1.7","GSE214411","Myeloid",TRUE
0.791613414778413,2.48408382230586,0.003,0.002,1,"MGAT3","GSE214411","Myeloid",TRUE
0.791613414778413,1.8043586605137,0.003,0.002,1,"SERHL2","GSE214411","Myeloid",TRUE
0.791766451054512,0.0765896032824545,0.138,0.131,1,"CENPC","GSE214411","Myeloid",TRUE
0.791835710997346,0.624740448697075,0.109,0.105,1,"DLG1","GSE214411","Myeloid",TRUE
0.791984771886904,-0.692908038080423,0.004,0.005,1,"SNCAIP","GSE214411","Myeloid",TRUE
0.791984771886904,0.687317035087535,0.004,0.005,1,"PTPRK","GSE214411","Myeloid",TRUE
0.792110435418773,-0.297663797457561,0.305,0.292,1,"HSPA4","GSE214411","Myeloid",TRUE
0.792232750914885,-0.202059853979877,0.17,0.161,1,"CCDC90B","GSE214411","Myeloid",TRUE
0.792286492041141,2.16519481597682,0.003,0.002,1,"ERICH3","GSE214411","Myeloid",TRUE
0.792286492041141,0.881903244203269,0.003,0.002,1,"CD160","GSE214411","Myeloid",TRUE
0.792286492041141,0.0174608447265978,0.003,0.002,1,"ACADL","GSE214411","Myeloid",TRUE
0.792286492041141,0.877753061862727,0.003,0.002,1,"EFHD1","GSE214411","Myeloid",TRUE
0.792286492041141,0.119456259246463,0.003,0.002,1,"SCAANT1","GSE214411","Myeloid",TRUE
0.792286492041141,-0.109398380258911,0.003,0.002,1,"TNK2-AS1","GSE214411","Myeloid",TRUE
0.792286492041141,0.048745292620497,0.003,0.002,1,"LINC01063","GSE214411","Myeloid",TRUE
0.792286492041141,2.2853678036865,0.003,0.002,1,"CDHR3","GSE214411","Myeloid",TRUE
0.792286492041141,0.164963112961363,0.003,0.002,1,"SLC16A2","GSE214411","Myeloid",TRUE
0.792286492041141,-0.269211871475382,0.003,0.002,1,"FZD4","GSE214411","Myeloid",TRUE
0.792286492041141,-0.599473576168213,0.003,0.002,1,"MYOZ1","GSE214411","Myeloid",TRUE
0.792286492041141,-0.235635538999779,0.003,0.002,1,"RP11-3D4.3","GSE214411","Myeloid",TRUE
0.792286492041141,0.0416146864506013,0.003,0.002,1,"FGF7","GSE214411","Myeloid",TRUE
0.792286492041141,1.84445610061839,0.003,0.002,1,"BOLA2","GSE214411","Myeloid",TRUE
0.792286492041141,0.358245614038468,0.003,0.002,1,"MYO15A","GSE214411","Myeloid",TRUE
0.792286492041141,0.0528419922297054,0.003,0.002,1,"RP11-321A17.6","GSE214411","Myeloid",TRUE
0.792286492041141,1.08755451998827,0.003,0.002,1,"BPI","GSE214411","Myeloid",TRUE
0.792286492041141,-1.05875552670642,0.003,0.002,1,"ZGPAT","GSE214411","Myeloid",TRUE
0.792286492041141,0.221937573519583,0.003,0.002,1,"CPT1C","GSE214411","Myeloid",TRUE
0.792286492041141,0.220616117750541,0.003,0.002,1,"RP11-313P22.1","GSE214411","Myeloid",TRUE
0.792316115386715,0.0545085081783514,0.22,0.209,1,"ZNF655","GSE214411","Myeloid",TRUE
0.792327620160834,-0.0925267958193143,0.164,0.163,1,"C5orf15","GSE214411","Myeloid",TRUE
0.792439079946339,9.82548908297076e-05,0.031,0.029,1,"SLC17A9","GSE214411","Myeloid",TRUE
0.792937972457765,-1.07933294060643,0.004,0.005,1,"ADGRL2","GSE214411","Myeloid",TRUE
0.792937972457765,1.12007435872799,0.004,0.005,1,"C1QTNF7","GSE214411","Myeloid",TRUE
0.792937972457765,-0.483751091578834,0.004,0.005,1,"SH3RF2","GSE214411","Myeloid",TRUE
0.792953730482187,-1.7790436973869,0.013,0.015,1,"MPV17L","GSE214411","Myeloid",TRUE
0.792959724139146,-0.323893532558102,0.003,0.002,1,"TEKT2","GSE214411","Myeloid",TRUE
0.792959724139146,-0.259293250057214,0.003,0.002,1,"TMEM61","GSE214411","Myeloid",TRUE
0.792959724139146,-1.83187053783891,0.003,0.002,1,"LAX1","GSE214411","Myeloid",TRUE
0.792959724139146,-0.419493916045341,0.003,0.002,1,"AGT","GSE214411","Myeloid",TRUE
0.792959724139146,-0.551572828540925,0.003,0.002,1,"LINC01139","GSE214411","Myeloid",TRUE
0.792959724139146,-2.27335851018163,0.003,0.002,1,"TEKT4","GSE214411","Myeloid",TRUE
0.792959724139146,-0.290130901549823,0.003,0.002,1,"RP3-467N11.1","GSE214411","Myeloid",TRUE
0.792959724139146,-0.880388387059546,0.003,0.002,1,"MAP6","GSE214411","Myeloid",TRUE
0.792959724139146,-0.409016940502609,0.003,0.002,1,"RP11-380N8.7","GSE214411","Myeloid",TRUE
0.792959724139146,-0.204731782807471,0.003,0.002,1,"PRSS27","GSE214411","Myeloid",TRUE
0.792959724139146,-0.476720356427164,0.003,0.002,1,"NACA2","GSE214411","Myeloid",TRUE
0.792959724139146,-0.482115740740019,0.003,0.002,1,"SIRPG","GSE214411","Myeloid",TRUE
0.792959724139146,-0.402838091544698,0.003,0.002,1,"C19orf84","GSE214411","Myeloid",TRUE
0.792959724139146,-0.30050885200125,0.003,0.002,1,"TMEM190","GSE214411","Myeloid",TRUE
0.793105311106457,-0.366038746334974,0.123,0.124,1,"SAMD1","GSE214411","Myeloid",TRUE
0.793187882137672,0.319272939447886,0.064,0.06,1,"MAP4K3","GSE214411","Myeloid",TRUE
0.793366848508763,-0.311053109857107,0.165,0.155,1,"PCYT1A","GSE214411","Myeloid",TRUE
0.793414688889618,0.330089738958256,0.004,0.005,1,"SLC35E2","GSE214411","Myeloid",TRUE
0.793414688889618,-0.421873345798725,0.004,0.005,1,"C14orf79","GSE214411","Myeloid",TRUE
0.793414688889618,-0.567128084742108,0.004,0.005,1,"GOLGA6L4","GSE214411","Myeloid",TRUE
0.793414688889618,-0.912890312618962,0.004,0.005,1,"GNAL","GSE214411","Myeloid",TRUE
0.793423746752355,-0.378907079445055,0.163,0.154,1,"NKRF","GSE214411","Myeloid",TRUE
0.793516216652437,-0.224643715694883,0.013,0.015,1,"PARP16","GSE214411","Myeloid",TRUE
0.793579002093215,-0.282949462691489,0.076,0.078,1,"CERS5","GSE214411","Myeloid",TRUE
0.793633110594321,-0.488273528085641,0.003,0.002,1,"RP11-295M18.6","GSE214411","Myeloid",TRUE
0.793633110594321,-0.692484430525155,0.003,0.002,1,"RP11-329B9.4","GSE214411","Myeloid",TRUE
0.793633110594321,-0.546135855544776,0.003,0.002,1,"LINC00887","GSE214411","Myeloid",TRUE
0.793633110594321,-0.873090624001828,0.003,0.002,1,"CTD-2012J19.3","GSE214411","Myeloid",TRUE
0.793633110594321,-1.06895726498617,0.003,0.002,1,"EPB41L4A","GSE214411","Myeloid",TRUE
0.793633110594321,-2.05509854369587,0.003,0.002,1,"TCTE1","GSE214411","Myeloid",TRUE
0.793633110594321,-0.151016405147633,0.003,0.002,1,"ADGB","GSE214411","Myeloid",TRUE
0.793633110594321,-0.699952087630672,0.003,0.002,1,"ZBED6CL","GSE214411","Myeloid",TRUE
0.793633110594321,-0.291200432088488,0.003,0.002,1,"RP11-706O15.5","GSE214411","Myeloid",TRUE
0.793633110594321,-0.858502958023566,0.003,0.002,1,"CTD-2532N20.1","GSE214411","Myeloid",TRUE
0.793633110594321,-0.73430416911366,0.003,0.002,1,"RP11-37N22.1","GSE214411","Myeloid",TRUE
0.793633110594321,-0.403271995463133,0.003,0.002,1,"LINC01537","GSE214411","Myeloid",TRUE
0.793633110594321,-0.482772701966001,0.003,0.002,1,"RP11-356J5.13","GSE214411","Myeloid",TRUE
0.793633110594321,-0.484884135124624,0.003,0.002,1,"KCNIP2","GSE214411","Myeloid",TRUE
0.793633110594321,-0.544686949379348,0.003,0.002,1,"RERG","GSE214411","Myeloid",TRUE
0.793633110594321,-0.868928365409334,0.003,0.002,1,"EML5","GSE214411","Myeloid",TRUE
0.793633110594321,-1.60501597180082,0.003,0.002,1,"RP11-667K14.4","GSE214411","Myeloid",TRUE
0.793633110594321,-1.60555111937219,0.003,0.002,1,"CTD-2349P21.12","GSE214411","Myeloid",TRUE
0.793633110594321,-0.348737025414469,0.003,0.002,1,"RP11-798G7.8","GSE214411","Myeloid",TRUE
0.793633110594321,-0.326894179479323,0.003,0.002,1,"SGCA","GSE214411","Myeloid",TRUE
0.793633110594321,-2.54327327125347,0.003,0.002,1,"ARHGEF18","GSE214411","Myeloid",TRUE
0.793633110594321,-0.528086764396269,0.003,0.002,1,"AF064858.6","GSE214411","Myeloid",TRUE
0.793682084236158,-0.0735891167644072,0.791,0.907,1,"RPLP2","GSE214411","Myeloid",TRUE
0.793854482321002,-0.0347710993192301,0.222,0.211,1,"NELFE","GSE214411","Myeloid",TRUE
0.793891482526109,0.157047127959496,0.004,0.005,1,"PCDH1","GSE214411","Myeloid",TRUE
0.793891482526109,1.08983778474554,0.004,0.005,1,"KCNK7","GSE214411","Myeloid",TRUE
0.793891482526109,-0.122342940982684,0.004,0.005,1,"PAPLN","GSE214411","Myeloid",TRUE
0.793891482526109,-2.38704495924308,0.004,0.005,1,"LINC00910","GSE214411","Myeloid",TRUE
0.793891482526109,0.695096275614609,0.004,0.005,1,"RNF43","GSE214411","Myeloid",TRUE
0.793895893187969,-0.030743130798069,0.239,0.234,1,"IAH1","GSE214411","Myeloid",TRUE
0.794055444059948,0.159150568039585,0.022,0.023,1,"TMEM201","GSE214411","Myeloid",TRUE
0.794368353197394,-1.29006564382061,0.004,0.005,1,"LRRC49","GSE214411","Myeloid",TRUE
0.794368353197394,0.130728518659344,0.004,0.005,1,"LAMA3","GSE214411","Myeloid",TRUE
0.794386279546994,0.267025327235888,0.063,0.066,1,"HECTD4","GSE214411","Myeloid",TRUE
0.794548473721112,0.235736115283487,0.248,0.246,1,"DDX27","GSE214411","Myeloid",TRUE
0.794845300733545,2.04810835067245,0.004,0.005,1,"WDR78","GSE214411","Myeloid",TRUE
0.794845300733545,0.342624008142563,0.004,0.005,1,"ERBB3","GSE214411","Myeloid",TRUE
0.795322324964547,-0.626325780088129,0.004,0.005,1,"TIE1","GSE214411","Myeloid",TRUE
0.795322324964547,-0.50631821297834,0.004,0.005,1,"PPP1R3G","GSE214411","Myeloid",TRUE
0.795322324964547,-0.452287268240448,0.004,0.005,1,"DYNC1I1","GSE214411","Myeloid",TRUE
0.795322324964547,0.136444444902373,0.004,0.005,1,"CDC37L1-AS1","GSE214411","Myeloid",TRUE
0.795799425720299,0.789529692128029,0.004,0.005,1,"PTPRG","GSE214411","Myeloid",TRUE
0.795799425720299,1.98314111210265,0.004,0.005,1,"SCOC-AS1","GSE214411","Myeloid",TRUE
0.795799425720299,1.01999842871798,0.004,0.005,1,"FZD8","GSE214411","Myeloid",TRUE
0.795865793735776,0.100753022190649,0.057,0.058,1,"TRAPPC2","GSE214411","Myeloid",TRUE
0.796094542139186,0.329446407797723,0.033,0.035,1,"ZNF808","GSE214411","Myeloid",TRUE
0.796276602830615,1.22142688119628,0.004,0.005,1,"COL21A1","GSE214411","Myeloid",TRUE
0.796301816912327,0.400758424908399,0.056,0.053,1,"CDKN1C","GSE214411","Myeloid",TRUE
0.796348524474275,-0.541680853227307,0.041,0.043,1,"PCYOX1L","GSE214411","Myeloid",TRUE
0.79647460074734,0.367844082951985,0.231,0.228,1,"SLU7","GSE214411","Myeloid",TRUE
0.796622229364256,-1.87810879470649,0.013,0.014,1,"PRICKLE1","GSE214411","Myeloid",TRUE
0.796753856125222,0.606861152858529,0.004,0.005,1,"RP11-50I19.2","GSE214411","Myeloid",TRUE
0.796984146818736,0.129794132855469,0.043,0.04,1,"BRPF1","GSE214411","Myeloid",TRUE
0.797231185433763,1.24639127398647,0.004,0.005,1,"SCX","GSE214411","Myeloid",TRUE
0.797231185433763,1.88397842965553,0.004,0.005,1,"SLC7A4","GSE214411","Myeloid",TRUE
0.797613752271835,0.560923611614988,0.047,0.049,1,"REPS2","GSE214411","Myeloid",TRUE
0.797708590585794,0.814012443472736,0.004,0.005,1,"RP3-475N16.1","GSE214411","Myeloid",TRUE
0.797761196601582,-0.108667591594377,0.122,0.114,1,"PPM1M","GSE214411","Myeloid",TRUE
0.797941686194095,0.45145153298684,0.109,0.105,1,"ARAP2","GSE214411","Myeloid",TRUE
0.798408154735957,0.653630416018046,0.037,0.039,1,"SMIM22","GSE214411","Myeloid",TRUE
0.798478844051068,0.065318183419883,0.209,0.207,1,"HPS1","GSE214411","Myeloid",TRUE
0.798533602409966,0.387135558749576,0.021,0.019,1,"TUSC3","GSE214411","Myeloid",TRUE
0.799043135570483,0.240871215038782,0.072,0.074,1,"FASN","GSE214411","Myeloid",TRUE
0.799141259397127,2.04168049975894,0.004,0.005,1,"FAM46B","GSE214411","Myeloid",TRUE
0.799141259397127,2.17907439189787,0.004,0.005,1,"RORC","GSE214411","Myeloid",TRUE
0.799186340657543,0.301704161937089,0.151,0.155,1,"UBA3","GSE214411","Myeloid",TRUE
0.799409630342886,-0.283034422049844,0.034,0.032,1,"GDF11","GSE214411","Myeloid",TRUE
0.79942216260073,-0.131741728020596,0.092,0.087,1,"NSUN2","GSE214411","Myeloid",TRUE
0.800124229232823,-0.821949182767112,0.013,0.014,1,"LRP8","GSE214411","Myeloid",TRUE
0.800509784467896,-0.0888252734437243,0.163,0.162,1,"SBNO1","GSE214411","Myeloid",TRUE
0.8005562678084,0.95788759015428,0.013,0.015,1,"CRNDE","GSE214411","Myeloid",TRUE
0.800575521970677,0.106777932040545,0.403,0.392,1,"C1QBP","GSE214411","Myeloid",TRUE
0.80062225555121,0.18766160540095,0.09,0.085,1,"STAU2","GSE214411","Myeloid",TRUE
0.80062266082902,0.17548709845984,0.577,0.593,1,"COX7B","GSE214411","Myeloid",TRUE
0.800892289057366,-0.080932527201925,0.053,0.055,1,"FUT11","GSE214411","Myeloid",TRUE
0.801082776069454,-0.355163659684901,0.02,0.021,1,"BCL2L14","GSE214411","Myeloid",TRUE
0.801150018027276,0.278232659201323,0.155,0.156,1,"MRPL42","GSE214411","Myeloid",TRUE
0.801289297020129,-0.181116851482848,0.091,0.085,1,"RPGR","GSE214411","Myeloid",TRUE
0.801331336954719,0.0534082804180986,0.021,0.022,1,"ZNF250","GSE214411","Myeloid",TRUE
0.801796105263596,-0.464307204363517,0.094,0.095,1,"YBEY","GSE214411","Myeloid",TRUE
0.801834281560971,0.00547081194271382,0.085,0.081,1,"AVL9","GSE214411","Myeloid",TRUE
0.802042937426169,0.36281936252647,0.042,0.04,1,"TMEM64","GSE214411","Myeloid",TRUE
0.802360170418165,0.335677853644859,0.119,0.114,1,"FBXL3","GSE214411","Myeloid",TRUE
0.802520528977834,0.509735895196227,0.178,0.179,1,"MYOF","GSE214411","Myeloid",TRUE
0.802698604899342,-0.607358516696876,0.062,0.065,1,"DUSP7","GSE214411","Myeloid",TRUE
0.802914522059349,0.125747489097797,0.135,0.139,1,"ERAP2","GSE214411","Myeloid",TRUE
0.803032470795207,0.575707990605056,0.196,0.191,1,"CREB5","GSE214411","Myeloid",TRUE
0.803052261189623,0.327938755179068,0.021,0.019,1,"GNAO1","GSE214411","Myeloid",TRUE
0.803337931532972,-0.838120037353874,0.013,0.014,1,"CTD-2547G23.4","GSE214411","Myeloid",TRUE
0.803469924505651,0.506010310719963,0.161,0.156,1,"SMARCD2","GSE214411","Myeloid",TRUE
0.803500056181233,0.47354162269309,0.549,0.549,1,"NABP1","GSE214411","Myeloid",TRUE
0.804242483708979,0.420788680137687,0.021,0.019,1,"RP11-500C11.3","GSE214411","Myeloid",TRUE
0.804324513670692,-0.105283444877094,0.155,0.156,1,"MLXIP","GSE214411","Myeloid",TRUE
0.804549970404487,-0.0180793420547696,0.021,0.022,1,"PLS3","GSE214411","Myeloid",TRUE
0.804897814748414,0.00515260967392217,0.526,0.511,1,"NDUFA1","GSE214411","Myeloid",TRUE
0.805071066196841,0.296647378225597,0.073,0.075,1,"FAM20B","GSE214411","Myeloid",TRUE
0.805107173814744,0.329877069762746,0.066,0.068,1,"RASGRP4","GSE214411","Myeloid",TRUE
0.805340898223943,-0.136017146522464,0.169,0.171,1,"OTUD4","GSE214411","Myeloid",TRUE
0.805384749395807,0.71192805050047,0.013,0.014,1,"AZU1","GSE214411","Myeloid",TRUE
0.805659443068992,0.633601393257073,0.035,0.037,1,"CERS4","GSE214411","Myeloid",TRUE
0.805741958287021,0.26780819568922,0.028,0.03,1,"FAM13A-AS1","GSE214411","Myeloid",TRUE
0.805810457536757,0.0224381445870732,0.035,0.033,1,"FAM220A","GSE214411","Myeloid",TRUE
0.806287689802187,-0.563488730075226,0.074,0.069,1,"ACTR1B","GSE214411","Myeloid",TRUE
0.806587987028265,-0.217259859269922,0.164,0.162,1,"DYRK1A","GSE214411","Myeloid",TRUE
0.806628815910453,-0.265622373272575,0.163,0.153,1,"CNPPD1","GSE214411","Myeloid",TRUE
0.806758607427013,0.0360620152810358,0.333,0.328,1,"CCT7","GSE214411","Myeloid",TRUE
0.806979576001036,0.382193887351642,0.074,0.076,1,"RBM38","GSE214411","Myeloid",TRUE
0.807582362774102,0.333653189364125,0.197,0.196,1,"ZNFX1","GSE214411","Myeloid",TRUE
0.807750588397067,0.250100834604006,0.277,0.271,1,"RAB5A","GSE214411","Myeloid",TRUE
0.808403087368758,-0.0169040245844232,0.084,0.086,1,"INPP5F","GSE214411","Myeloid",TRUE
0.808531024669648,-0.284828742505739,0.021,0.019,1,"TAF4B","GSE214411","Myeloid",TRUE
0.80860387273546,-0.403280446204815,0.013,0.014,1,"UCKL1-AS1","GSE214411","Myeloid",TRUE
0.808735383067604,0.09403659951288,0.325,0.317,1,"SLIRP","GSE214411","Myeloid",TRUE
0.808990156688872,-0.330980446055861,0.068,0.07,1,"TULP4","GSE214411","Myeloid",TRUE
0.809189517529319,0.225594642403758,0.013,0.014,1,"NPAS3","GSE214411","Myeloid",TRUE
0.809273593735913,-0.0894949282421724,0.33,0.307,1,"BAG3","GSE214411","Myeloid",TRUE
0.809343801732568,0.33860969548723,0.136,0.137,1,"GSK3A","GSE214411","Myeloid",TRUE
0.809468838201628,0.940422073852282,0.034,0.036,1,"PLXNA3","GSE214411","Myeloid",TRUE
0.809525355298375,0.817791314434328,0.027,0.029,1,"KPNA5","GSE214411","Myeloid",TRUE
0.80970169711507,-0.126809856909137,0.08,0.076,1,"ZC3H12C","GSE214411","Myeloid",TRUE
0.8098591163174,-0.148774423612354,0.1,0.095,1,"SEC23A","GSE214411","Myeloid",TRUE
0.810023101876304,0.463189216484242,0.053,0.055,1,"RASSF7","GSE214411","Myeloid",TRUE
0.810408974171684,1.09372156262749,0.012,0.011,1,"CTD-2015H6.3","GSE214411","Myeloid",TRUE
0.810540723970155,0.193267673619842,0.388,0.378,1,"MRPL51","GSE214411","Myeloid",TRUE
0.810830354242487,0.335302191463125,0.075,0.078,1,"APTX","GSE214411","Myeloid",TRUE
0.810970758405006,0.530328597188295,0.02,0.021,1,"DUOX1","GSE214411","Myeloid",TRUE
0.811035097809988,-0.484216561548102,0.069,0.066,1,"SYNGR1","GSE214411","Myeloid",TRUE
0.81104324534004,0.717078634008795,0.012,0.011,1,"IRS1","GSE214411","Myeloid",TRUE
0.81104324534004,1.62925783467966,0.012,0.011,1,"PARD6B","GSE214411","Myeloid",TRUE
0.811301323966678,-1.10828247533528,0.004,0.004,1,"RP11-144G7.2","GSE214411","Myeloid",TRUE
0.811301323966678,-1.25884277244824,0.004,0.004,1,"RP11-398C13.6","GSE214411","Myeloid",TRUE
0.811360427473776,0.232684154361607,0.012,0.011,1,"SNAI2","GSE214411","Myeloid",TRUE
0.811691322008531,0.298428102052568,0.035,0.033,1,"STK35","GSE214411","Myeloid",TRUE
0.811805470757657,-0.0213397024484427,0.079,0.075,1,"EIF2D","GSE214411","Myeloid",TRUE
0.81183723079239,-0.974326017189284,0.004,0.004,1,"RP11-644F5.10","GSE214411","Myeloid",TRUE
0.81183723079239,-3.20228602308277,0.004,0.004,1,"RHBDL1","GSE214411","Myeloid",TRUE
0.81183723079239,-0.953765977290618,0.004,0.004,1,"RP11-258F1.1","GSE214411","Myeloid",TRUE
0.811994884590165,1.55599047117641,0.012,0.011,1,"MEI1","GSE214411","Myeloid",TRUE
0.812004491120024,0.287857316530286,0.181,0.18,1,"CNIH4","GSE214411","Myeloid",TRUE
0.812036993514288,0.543425555331564,0.072,0.069,1,"TXNRD2","GSE214411","Myeloid",TRUE
0.812066604430006,2.21117038460861,0.007,0.006,1,"AC138969.4","GSE214411","Myeloid",TRUE
0.812119338537969,1.81828526395521,0.013,0.014,1,"PATL2","GSE214411","Myeloid",TRUE
0.812285284120345,0.677768828870754,0.082,0.078,1,"GPD2","GSE214411","Myeloid",TRUE
0.812315371129983,-0.0766227408203017,0.169,0.171,1,"PFDN4","GSE214411","Myeloid",TRUE
0.812373225783069,-0.840172330819062,0.004,0.004,1,"ANKRD66","GSE214411","Myeloid",TRUE
0.812373225783069,-2.3544243798172,0.004,0.004,1,"KIAA1462","GSE214411","Myeloid",TRUE
0.812373225783069,-0.746924331109823,0.004,0.004,1,"GRAP2","GSE214411","Myeloid",TRUE
0.812375364388147,0.471639584649416,0.047,0.049,1,"NEMP1","GSE214411","Myeloid",TRUE
0.812475413512745,-0.214099303489028,0.046,0.043,1,"COX10","GSE214411","Myeloid",TRUE
0.812841462189069,0.461415140241785,0.208,0.202,1,"IRS2","GSE214411","Myeloid",TRUE
0.812909308697237,-1.70444799726711,0.004,0.004,1,"FAM178B","GSE214411","Myeloid",TRUE
0.812909308697237,-0.615598300333887,0.004,0.004,1,"RP11-297N6.4","GSE214411","Myeloid",TRUE
0.812909308697237,-0.672777525883443,0.004,0.004,1,"LGR5","GSE214411","Myeloid",TRUE
0.812909308697237,-0.5042377645388,0.004,0.004,1,"XXbac-B135H6.18","GSE214411","Myeloid",TRUE
0.813064064064023,-0.584336751305947,0.021,0.019,1,"SERAC1","GSE214411","Myeloid",TRUE
0.813182915831762,0.445604994750656,0.287,0.28,1,"MLF2","GSE214411","Myeloid",TRUE
0.813292006336436,0.632582749682754,0.013,0.014,1,"TRBC2","GSE214411","Myeloid",TRUE
0.813445479293288,0.973566823077505,0.004,0.004,1,"WNT5A-AS1","GSE214411","Myeloid",TRUE
0.813445479293288,-1.29660612857189,0.004,0.004,1,"ANGPT1","GSE214411","Myeloid",TRUE
0.813445479293288,-0.609245510519309,0.004,0.004,1,"RP11-750H9.5","GSE214411","Myeloid",TRUE
0.813445479293288,-0.897735919194275,0.004,0.004,1,"SLC16A13","GSE214411","Myeloid",TRUE
0.813461627539713,0.487872921828475,0.147,0.149,1,"CCDC186","GSE214411","Myeloid",TRUE
0.813514120112501,0.0285241269955846,0.49,0.486,1,"ENY2","GSE214411","Myeloid",TRUE
0.813533484800441,0.655900756040297,0.021,0.022,1,"C17orf97","GSE214411","Myeloid",TRUE
0.813706487846037,-0.443677962484404,0.047,0.049,1,"CDC37L1","GSE214411","Myeloid",TRUE
0.813780384174733,-0.410798975114163,0.021,0.019,1,"AUH","GSE214411","Myeloid",TRUE
0.813981737329496,0.0859764875240447,0.004,0.004,1,"IL24","GSE214411","Myeloid",TRUE
0.813981737329496,-0.649427251590332,0.004,0.004,1,"TSPAN7","GSE214411","Myeloid",TRUE
0.813981737329496,-0.743226862544841,0.004,0.004,1,"B4GALNT4","GSE214411","Myeloid",TRUE
0.813981737329496,-0.623300803462782,0.004,0.004,1,"RP11-416N2.4","GSE214411","Myeloid",TRUE
0.813981737329496,0.0973282555227044,0.004,0.004,1,"NHLRC4","GSE214411","Myeloid",TRUE
0.813981737329496,-1.30004759622393,0.004,0.004,1,"CLEC18A","GSE214411","Myeloid",TRUE
0.813981737329496,-2.36182438710855,0.004,0.004,1,"C1QTNF1","GSE214411","Myeloid",TRUE
0.813981737329496,-1.68291725049447,0.004,0.004,1,"RP11-873E20.1","GSE214411","Myeloid",TRUE
0.814206774202503,0.0022852581444508,0.164,0.158,1,"SDHA","GSE214411","Myeloid",TRUE
0.814518082564012,0.0134625860462325,0.004,0.004,1,"MALL","GSE214411","Myeloid",TRUE
0.814518082564012,0.065326260889158,0.004,0.004,1,"EOMES","GSE214411","Myeloid",TRUE
0.814518082564012,-2.07974745121781,0.004,0.004,1,"PXT1","GSE214411","Myeloid",TRUE
0.814518082564012,-2.25976543631428,0.004,0.004,1,"KIAA1324L","GSE214411","Myeloid",TRUE
0.814518082564012,1.5439454475401,0.004,0.004,1,"RP13-188A5.1","GSE214411","Myeloid",TRUE
0.814518082564012,-0.590878488869008,0.004,0.004,1,"NOVA1","GSE214411","Myeloid",TRUE
0.814518082564012,-0.0790394672778039,0.004,0.004,1,"MEIS2","GSE214411","Myeloid",TRUE
0.814518082564012,-0.49743138124171,0.004,0.004,1,"RLTPR","GSE214411","Myeloid",TRUE
0.814518082564012,0.348922455166875,0.004,0.004,1,"RP11-401F2.3","GSE214411","Myeloid",TRUE
0.814518082564012,-1.17419165966847,0.004,0.004,1,"PVALB","GSE214411","Myeloid",TRUE
0.814518082564012,0.560692392612714,0.004,0.004,1,"TCP10L","GSE214411","Myeloid",TRUE
0.814518082564012,0.875975537522039,0.004,0.004,1,"AP001257.1","GSE214411","Myeloid",TRUE
0.814610903948095,0.255235851707896,0.045,0.042,1,"ERCC2","GSE214411","Myeloid",TRUE
0.814616286744687,-0.558871970899448,0.021,0.019,1,"CCNJ","GSE214411","Myeloid",TRUE
0.814680636809541,0.193290761398865,0.362,0.351,1,"CTDNEP1","GSE214411","Myeloid",TRUE
0.814702613151197,0.065794316688216,0.042,0.044,1,"PGAM5","GSE214411","Myeloid",TRUE
0.814745648806874,0.305194433210218,0.02,0.021,1,"TBCCD1","GSE214411","Myeloid",TRUE
0.814915534370216,-0.354161620779362,0.083,0.085,1,"EYA3","GSE214411","Myeloid",TRUE
0.815051792342444,-0.109521141331834,0.013,0.014,1,"KATNAL1","GSE214411","Myeloid",TRUE
0.815054514754861,0.804250770165703,0.004,0.004,1,"ESPN","GSE214411","Myeloid",TRUE
0.815054514754861,1.12268412121827,0.004,0.004,1,"ECSCR.1","GSE214411","Myeloid",TRUE
0.815054514754861,0.198507052017693,0.004,0.004,1,"C6orf132","GSE214411","Myeloid",TRUE
0.815054514754861,-0.566786245058286,0.004,0.004,1,"KCND1","GSE214411","Myeloid",TRUE
0.815054514754861,-0.379981502043124,0.004,0.004,1,"RP11-111F5.4","GSE214411","Myeloid",TRUE
0.815054514754861,-0.907743233564652,0.004,0.004,1,"PAPPA","GSE214411","Myeloid",TRUE
0.815054514754861,0.610548097867926,0.004,0.004,1,"C16orf95","GSE214411","Myeloid",TRUE
0.815054514754861,0.412879336235061,0.004,0.004,1,"RP11-806H10.4","GSE214411","Myeloid",TRUE
0.815169014125465,0.42502847231183,0.012,0.011,1,"PALMD","GSE214411","Myeloid",TRUE
0.815345181005049,0.799196823655165,0.013,0.014,1,"FAM84B","GSE214411","Myeloid",TRUE
0.815381644594307,0.16522519425228,0.105,0.107,1,"POLR2C","GSE214411","Myeloid",TRUE
0.815430348958637,0.552095132469717,0.032,0.034,1,"NDST1","GSE214411","Myeloid",TRUE
0.815443801839363,0.332633737675134,0.287,0.274,1,"ACSL4","GSE214411","Myeloid",TRUE
0.815453922684269,0.839621637720517,0.02,0.021,1,"RP11-532F12.5","GSE214411","Myeloid",TRUE
0.815453922684269,0.131884442579572,0.02,0.021,1,"DACT3","GSE214411","Myeloid",TRUE
0.81545846587124,1.1531690374008,0.036,0.034,1,"PIGB","GSE214411","Myeloid",TRUE
0.81558281116091,0.221037614499161,0.031,0.03,1,"SLC25A51","GSE214411","Myeloid",TRUE
0.815591033659951,2.18503040579735,0.004,0.004,1,"AZIN2","GSE214411","Myeloid",TRUE
0.815591033659951,-0.354749523043066,0.004,0.004,1,"AC241585.2","GSE214411","Myeloid",TRUE
0.815591033659951,-0.196780655604394,0.004,0.004,1,"ENPEP","GSE214411","Myeloid",TRUE
0.815591033659951,2.06948395434376,0.004,0.004,1,"PKIA","GSE214411","Myeloid",TRUE
0.815591033659951,-0.689705165063098,0.004,0.004,1,"RP11-84G21.1","GSE214411","Myeloid",TRUE
0.815591033659951,0.612181834704788,0.004,0.004,1,"PRRT2","GSE214411","Myeloid",TRUE
0.815591033659951,-0.168195436110785,0.004,0.004,1,"PCSK4","GSE214411","Myeloid",TRUE
0.815638595560623,0.990996170979665,0.013,0.014,1,"RP11-545I5.3","GSE214411","Myeloid",TRUE
0.815657472571619,0.156267581572945,0.098,0.1,1,"HRH2","GSE214411","Myeloid",TRUE
0.815804483121477,0.154033000143604,0.349,0.339,1,"NRIP1","GSE214411","Myeloid",TRUE
0.816127639037063,-0.0368124606820288,0.004,0.004,1,"RP1-28O10.1","GSE214411","Myeloid",TRUE
0.816127639037063,-0.143662826469781,0.004,0.004,1,"MYLK-AS1","GSE214411","Myeloid",TRUE
0.816127639037063,0.701560340826365,0.004,0.004,1,"SPATA18","GSE214411","Myeloid",TRUE
0.816127639037063,-0.0517200971717413,0.004,0.004,1,"CTD-2260A17.2","GSE214411","Myeloid",TRUE
0.816127639037063,-0.0625924552088994,0.004,0.004,1,"DDX43","GSE214411","Myeloid",TRUE
0.816127639037063,1.08915647268381,0.004,0.004,1,"FGD1","GSE214411","Myeloid",TRUE
0.816127639037063,0.239259757260745,0.004,0.004,1,"SPATA41","GSE214411","Myeloid",TRUE
0.816132440454787,0.155722797319445,0.139,0.136,1,"RBBP8","GSE214411","Myeloid",TRUE
0.816439518960517,0.774381430801472,0.012,0.011,1,"COL12A1","GSE214411","Myeloid",TRUE
0.81666433064386,1.10388789701176,0.004,0.004,1,"DPYSL3","GSE214411","Myeloid",TRUE
0.81666433064386,-0.451495438830499,0.004,0.004,1,"RP11-875O11.1","GSE214411","Myeloid",TRUE
0.81666433064386,0.699368091371134,0.004,0.004,1,"RP11-108P20.3","GSE214411","Myeloid",TRUE
0.81675722070406,1.0943092834007,0.012,0.011,1,"ZNF582","GSE214411","Myeloid",TRUE
0.816875081018241,0.0953234655575326,0.058,0.06,1,"SNX12","GSE214411","Myeloid",TRUE
0.816896752236671,0.177718571533713,0.542,0.551,1,"MORF4L1","GSE214411","Myeloid",TRUE
0.817161147337058,0.130788757692945,0.496,0.493,1,"TOP1","GSE214411","Myeloid",TRUE
0.817201108237882,0.668917007509317,0.004,0.004,1,"RP11-367G6.3","GSE214411","Myeloid",TRUE
0.817201108237882,-0.118172167079542,0.004,0.004,1,"FZD9","GSE214411","Myeloid",TRUE
0.817201108237882,2.42873422553497,0.004,0.004,1,"AVPR1A","GSE214411","Myeloid",TRUE
0.817201108237882,1.22051209381936,0.004,0.004,1,"ATP2A1-AS1","GSE214411","Myeloid",TRUE
0.817345733201935,0.454023356033834,0.007,0.006,1,"HOXD9","GSE214411","Myeloid",TRUE
0.817345733201935,1.17008551667546,0.007,0.006,1,"EVA1C","GSE214411","Myeloid",TRUE
0.817399624427045,0.57182778411767,0.013,0.014,1,"SEMA5A","GSE214411","Myeloid",TRUE
0.817560619801662,0.00636353713883175,0.18,0.18,1,"MCTP1","GSE214411","Myeloid",TRUE
0.817600660287733,-0.272928529443847,0.145,0.136,1,"TRIO","GSE214411","Myeloid",TRUE
0.817690068865201,-0.14455549311525,0.16,0.158,1,"MSRA","GSE214411","Myeloid",TRUE
0.817737971576548,1.17150589080168,0.004,0.004,1,"XDH","GSE214411","Myeloid",TRUE
0.817737971576548,1.46923216464127,0.004,0.004,1,"CKMT2","GSE214411","Myeloid",TRUE
0.817737971576548,0.0690476155602449,0.004,0.004,1,"TEK","GSE214411","Myeloid",TRUE
0.818051149571233,-0.47444631889544,0.1,0.095,1,"TMEM189","GSE214411","Myeloid",TRUE
0.818274920417157,1.85853368459367,0.004,0.004,1,"FAM150B","GSE214411","Myeloid",TRUE
0.818337883095108,0.353532814429168,0.45,0.453,1,"CARD16","GSE214411","Myeloid",TRUE
0.818628262998298,-0.292504485683724,0.057,0.058,1,"VWA9","GSE214411","Myeloid",TRUE
0.818811954516887,0.554934023549863,0.004,0.004,1,"RP11-439L18.1","GSE214411","Myeloid",TRUE
0.818811954516887,1.46632662618893,0.004,0.004,1,"RP11-522B15.3","GSE214411","Myeloid",TRUE
0.819009410730932,0.0296197222791166,0.158,0.157,1,"RQCD1","GSE214411","Myeloid",TRUE
0.819299914504851,-0.0985218442286966,0.012,0.011,1,"RP11-8L8.2","GSE214411","Myeloid",TRUE
0.819617885456079,-0.402507925650548,0.012,0.011,1,"XXbac-BPG252P9.10","GSE214411","Myeloid",TRUE
0.819886277521825,2.66018124201632,0.004,0.004,1,"C8orf88","GSE214411","Myeloid",TRUE
0.820191792913057,-0.289202618057893,0.007,0.006,1,"RP11-245J9.4","GSE214411","Myeloid",TRUE
0.820587525578339,-0.218354626739159,0.119,0.113,1,"SIGLEC9","GSE214411","Myeloid",TRUE
0.820610857394015,0.0906232602039005,0.085,0.087,1,"ZBTB7B","GSE214411","Myeloid",TRUE
0.820976946201802,-0.884938281411202,0.018,0.019,1,"ALDH4A1","GSE214411","Myeloid",TRUE
0.821005389696863,-0.294212559874778,0.007,0.006,1,"LINC00484","GSE214411","Myeloid",TRUE
0.821144119118715,-0.4617584186924,0.016,0.015,1,"DDX31","GSE214411","Myeloid",TRUE
0.821191199127303,0.0456931005868327,0.391,0.399,1,"SH2B3","GSE214411","Myeloid",TRUE
0.821281460630227,-0.68196246090643,0.012,0.013,1,"NUDT17","GSE214411","Myeloid",TRUE
0.821412260372117,-0.184858833139531,0.007,0.006,1,"AP000487.5","GSE214411","Myeloid",TRUE
0.821550585089213,0.486334544387136,0.086,0.084,1,"C11orf54","GSE214411","Myeloid",TRUE
0.821819179095408,-0.398951069518523,0.007,0.006,1,"C1RL-AS1","GSE214411","Myeloid",TRUE
0.821822899029696,0.207278863069924,0.036,0.034,1,"CCSER1","GSE214411","Myeloid",TRUE
0.82216271658765,0.443057045916078,0.012,0.011,1,"AC010226.4","GSE214411","Myeloid",TRUE
0.822226145761039,-1.68121249217308,0.007,0.006,1,"BTBD11","GSE214411","Myeloid",TRUE
0.82229374460483,-0.549354664478527,0.128,0.125,1,"AMZ2","GSE214411","Myeloid",TRUE
0.822480952661911,-0.629837424424778,0.012,0.011,1,"EXOC3L1","GSE214411","Myeloid",TRUE
0.822544864777105,0.791254283040381,0.02,0.021,1,"CDC42EP5","GSE214411","Myeloid",TRUE
0.822633160263273,0.684828553334857,0.007,0.006,1,"RP11-65J3.14","GSE214411","Myeloid",TRUE
0.82276528838165,0.321491413630145,0.266,0.251,1,"NDUFB6","GSE214411","Myeloid",TRUE
0.822808289834198,-0.242113059967119,0.012,0.013,1,"SPIN4","GSE214411","Myeloid",TRUE
0.822873100727479,1.18041304949917,0.052,0.05,1,"POLM","GSE214411","Myeloid",TRUE
0.822927435226824,-0.203795031122639,0.019,0.02,1,"TM9SF1","GSE214411","Myeloid",TRUE
0.823040222496338,-0.266219929700453,0.007,0.006,1,"RP11-488L18.8","GSE214411","Myeloid",TRUE
0.823113736395963,-0.599976423919045,0.012,0.013,1,"RP11-66N24.3","GSE214411","Myeloid",TRUE
0.823435835915469,0.792319692675702,0.012,0.011,1,"CCDC121","GSE214411","Myeloid",TRUE
0.82357338797152,0.214984068451005,0.474,0.467,1,"TRMT112","GSE214411","Myeloid",TRUE
0.82365488250614,0.0512310110210058,0.325,0.326,1,"FGD4","GSE214411","Myeloid",TRUE
0.823754188508288,-0.191423559890985,0.012,0.011,1,"FOXO4","GSE214411","Myeloid",TRUE
0.823754188508288,-0.806551219072169,0.012,0.011,1,"CDH2","GSE214411","Myeloid",TRUE
0.82385448973167,-2.05885402292438,0.007,0.006,1,"LRP5","GSE214411","Myeloid",TRUE
0.82385448973167,-0.442447421963815,0.007,0.006,1,"ITGAD","GSE214411","Myeloid",TRUE
0.823890501149507,0.497381177595006,0.092,0.093,1,"SLMAP","GSE214411","Myeloid",TRUE
0.823982710683178,0.235505959278526,0.427,0.434,1,"MIF","GSE214411","Myeloid",TRUE
0.82398692327797,-0.0296008103917007,0.138,0.138,1,"ZNF622","GSE214411","Myeloid",TRUE
0.82419319526458,0.0359143108313607,0.022,0.02,1,"DNLZ","GSE214411","Myeloid",TRUE
0.824554133243658,-0.103944407094358,0.036,0.034,1,"MDP1","GSE214411","Myeloid",TRUE
0.82466894662007,-0.107717073067029,0.007,0.006,1,"ANGPTL2","GSE214411","Myeloid",TRUE
0.82466894662007,-0.37923140135423,0.007,0.006,1,"FCER2","GSE214411","Myeloid",TRUE
0.824723832605387,-0.912006385408861,0.056,0.057,1,"RAD54L2","GSE214411","Myeloid",TRUE
0.824726560162608,0.353657846438496,0.202,0.195,1,"RALB","GSE214411","Myeloid",TRUE
0.824779821453139,0.348525990765397,0.128,0.123,1,"RNF4","GSE214411","Myeloid",TRUE
0.824867123030633,-0.288121826817933,0.121,0.113,1,"SNX30","GSE214411","Myeloid",TRUE
0.824886867770435,0.024045459061817,0.373,0.371,1,"C6orf48","GSE214411","Myeloid",TRUE
0.825018774050556,-0.372871946000649,0.105,0.101,1,"NBPF19","GSE214411","Myeloid",TRUE
0.825076245919327,-0.531063858207951,0.007,0.006,1,"MARVELD3","GSE214411","Myeloid",TRUE
0.825409261522066,-0.212550105524182,0.046,0.043,1,"CLCN6","GSE214411","Myeloid",TRUE
0.825483592313964,-0.910452569587271,0.007,0.006,1,"ARC","GSE214411","Myeloid",TRUE
0.825564860333971,0.734640221728398,0.144,0.147,1,"NT5C2","GSE214411","Myeloid",TRUE
0.825746674031108,-0.331735573991001,0.027,0.025,1,"KCTD15","GSE214411","Myeloid",TRUE
0.82579083567126,0.162907993461574,0.057,0.054,1,"ETFDH","GSE214411","Myeloid",TRUE
0.825809706265059,-0.248165679647557,0.2,0.196,1,"GPATCH2L","GSE214411","Myeloid",TRUE
0.825983465909486,-0.261915365945707,0.012,0.011,1,"RP11-166P13.4","GSE214411","Myeloid",TRUE
0.826419550935016,-0.346698774586961,0.231,0.222,1,"GLRX3","GSE214411","Myeloid",TRUE
0.826643802115536,-0.128667431238754,0.082,0.083,1,"CHPF2","GSE214411","Myeloid",TRUE
0.826741822186596,-0.00168175146656258,0.207,0.204,1,"ADAM9","GSE214411","Myeloid",TRUE
0.826796820795706,0.455409376278816,0.048,0.046,1,"CNN3","GSE214411","Myeloid",TRUE
0.826815224852258,-0.630168555443411,0.057,0.054,1,"IQCE","GSE214411","Myeloid",TRUE
0.826821701198663,-0.685413653980899,0.025,0.026,1,"DTNA","GSE214411","Myeloid",TRUE
0.827062951380297,0.147065069923188,0.169,0.171,1,"EBPL","GSE214411","Myeloid",TRUE
0.827206463603003,-0.634018963522067,0.088,0.083,1,"CCDC94","GSE214411","Myeloid",TRUE
0.827467931832096,0.347575018352942,0.129,0.123,1,"KDM3B","GSE214411","Myeloid",TRUE
0.827576667376095,-0.704579034626017,0.012,0.011,1,"NIPSNAP3B","GSE214411","Myeloid",TRUE
0.827651593378917,0.303509142255914,0.203,0.201,1,"SNRNP200","GSE214411","Myeloid",TRUE
0.827807732767289,0.115898697735578,0.242,0.238,1,"MAP3K13","GSE214411","Myeloid",TRUE
0.827843485893333,0.587252280958638,0.084,0.087,1,"EXOSC10","GSE214411","Myeloid",TRUE
0.827897652543923,0.177846077145531,0.402,0.395,1,"FERMT3","GSE214411","Myeloid",TRUE
0.828362022237778,0.884897310608548,0.086,0.083,1,"CUTC","GSE214411","Myeloid",TRUE
0.828397024651411,0.661507989856926,0.031,0.03,1,"SLC35D1","GSE214411","Myeloid",TRUE
0.828445660851889,-0.227079661280779,0.164,0.164,1,"SLC25A24","GSE214411","Myeloid",TRUE
0.828517612571676,0.101885309682871,0.026,0.028,1,"FKBP1B","GSE214411","Myeloid",TRUE
0.829019406443792,0.0490029068564282,0.441,0.441,1,"MAT2A","GSE214411","Myeloid",TRUE
0.829065483103447,0.0212501012106441,0.206,0.208,1,"ADD1","GSE214411","Myeloid",TRUE
0.829176191704172,1.40263439985131,0.02,0.021,1,"CXADR","GSE214411","Myeloid",TRUE
0.829382402776098,-0.284445208975017,0.184,0.18,1,"LUC7L","GSE214411","Myeloid",TRUE
0.829390971635822,0.625392978664117,0.07,0.067,1,"LRCH3","GSE214411","Myeloid",TRUE
0.829534236664101,-0.0602924344903144,0.012,0.013,1,"MMP15","GSE214411","Myeloid",TRUE
0.829676592689448,-0.219224219279743,0.139,0.14,1,"ZDHHC7","GSE214411","Myeloid",TRUE
0.829778693593984,0.211554256042316,0.069,0.071,1,"BCOR","GSE214411","Myeloid",TRUE
0.829965677163091,-0.0561117298958302,0.41,0.409,1,"EIF3I","GSE214411","Myeloid",TRUE
0.830035624878061,0.787581025954621,0.047,0.049,1,"BRF1","GSE214411","Myeloid",TRUE
0.830206580964741,-1.1407869993216,0.025,0.026,1,"TCTEX1D1","GSE214411","Myeloid",TRUE
0.830212015912553,1.07187037033762,0.047,0.044,1,"CTA-292E10.6","GSE214411","Myeloid",TRUE
0.830923700814362,0.109550310372877,0.103,0.099,1,"B3GALT6","GSE214411","Myeloid",TRUE
0.831220445855895,1.0264557467692,0.022,0.02,1,"AC133644.2","GSE214411","Myeloid",TRUE
0.831828464341411,-0.0190653869769308,0.116,0.111,1,"GOLGA3","GSE214411","Myeloid",TRUE
0.831892234603974,-0.389626291101288,0.073,0.069,1,"SMIM13","GSE214411","Myeloid",TRUE
0.83193402454005,0.279345523049997,0.281,0.269,1,"ABI1","GSE214411","Myeloid",TRUE
0.832903812891454,0.151368564883018,0.126,0.125,1,"RANBP9","GSE214411","Myeloid",TRUE
0.833281408527471,1.07094777552692,0.033,0.035,1,"KCNJ2","GSE214411","Myeloid",TRUE
0.833481032405307,0.292571592476682,0.037,0.035,1,"ARSG","GSE214411","Myeloid",TRUE
0.833514573797066,-0.206338978913204,0.012,0.013,1,"C5orf63","GSE214411","Myeloid",TRUE
0.833674872878586,0.363032454409381,0.041,0.042,1,"C12orf73","GSE214411","Myeloid",TRUE
0.833833736001515,0.514964800847526,0.05,0.052,1,"BTBD10","GSE214411","Myeloid",TRUE
0.834397148600112,0.418337772778696,0.093,0.089,1,"FRMD8","GSE214411","Myeloid",TRUE
0.834556908818681,0.303783907842805,0.078,0.075,1,"RUNX2","GSE214411","Myeloid",TRUE
0.834822968970922,0.382979106603081,0.019,0.02,1,"CDKN2A","GSE214411","Myeloid",TRUE
0.834913642668404,0.0349133481424984,0.19,0.179,1,"STK17A","GSE214411","Myeloid",TRUE
0.835133098787814,-0.301106218424103,0.135,0.133,1,"AP1S1","GSE214411","Myeloid",TRUE
0.835304881702878,0.146780319668813,0.082,0.078,1,"GDAP2","GSE214411","Myeloid",TRUE
0.835309324297895,0.274053774786267,0.019,0.02,1,"SMTN","GSE214411","Myeloid",TRUE
0.835399132347357,-0.861278880390261,0.031,0.033,1,"PIK3R4","GSE214411","Myeloid",TRUE
0.835735813039663,-0.648814723750331,0.06,0.061,1,"UCKL1","GSE214411","Myeloid",TRUE
0.835827641779145,0.288954194440894,0.032,0.031,1,"SEMA4B","GSE214411","Myeloid",TRUE
0.835912824683815,0.365555563720829,0.022,0.02,1,"LCAT","GSE214411","Myeloid",TRUE
0.836034096751327,-0.401456516094318,0.032,0.034,1,"UBXN8","GSE214411","Myeloid",TRUE
0.836429988347988,-0.375993388319402,0.094,0.095,1,"ASMTL","GSE214411","Myeloid",TRUE
0.836561683062508,0.0283882420866179,0.025,0.026,1,"RP11-1398P2.1","GSE214411","Myeloid",TRUE
0.836785743515095,0.757326286042623,0.058,0.055,1,"SEPT1","GSE214411","Myeloid",TRUE
0.836965501898931,-0.52361388372549,0.031,0.03,1,"TBP","GSE214411","Myeloid",TRUE
0.837102977395181,0.141205006434575,0.017,0.016,1,"IFT81","GSE214411","Myeloid",TRUE
0.837287067034864,-1.37695610928587,0.003,0.003,1,"GSTM5","GSE214411","Myeloid",TRUE
0.837287067034864,-2.37077596193761,0.003,0.003,1,"CYP1B1-AS1","GSE214411","Myeloid",TRUE
0.837287067034864,-1.35922611977954,0.003,0.003,1,"NEB","GSE214411","Myeloid",TRUE
0.837287067034864,-1.82627316143433,0.003,0.003,1,"BHLHE40-AS1","GSE214411","Myeloid",TRUE
0.837287067034864,-0.80694562405313,0.003,0.003,1,"SERF1A","GSE214411","Myeloid",TRUE
0.837287067034864,-0.639622257678208,0.003,0.003,1,"CNIH2","GSE214411","Myeloid",TRUE
0.837287067034864,-1.00039128484597,0.003,0.003,1,"RP11-120K19.4","GSE214411","Myeloid",TRUE
0.837307562725109,-0.082383678570352,0.14,0.135,1,"KLHL5","GSE214411","Myeloid",TRUE
0.837310777827749,0.619579987086143,0.061,0.059,1,"TMCO3","GSE214411","Myeloid",TRUE
0.837429792368361,0.278791351368397,0.038,0.039,1,"ZNF493","GSE214411","Myeloid",TRUE
0.837499182478051,1.47119424638991,0.012,0.013,1,"GTF2IRD2B","GSE214411","Myeloid",TRUE
0.837775709742415,0.266171088908595,0.233,0.228,1,"TAB2","GSE214411","Myeloid",TRUE
0.837778171160652,-0.0813295304616757,0.049,0.05,1,"FAM117A","GSE214411","Myeloid",TRUE
0.837799419761612,-0.455096319004598,0.054,0.055,1,"SENP2","GSE214411","Myeloid",TRUE
0.837910179402275,-0.721604622034697,0.003,0.003,1,"GS1-279B7.2","GSE214411","Myeloid",TRUE
0.837910179402275,-0.66671749118415,0.003,0.003,1,"HOXA1","GSE214411","Myeloid",TRUE
0.837910179402275,-0.757595575170361,0.003,0.003,1,"DRD4","GSE214411","Myeloid",TRUE
0.837910179402275,-2.0630530882497,0.003,0.003,1,"ACSS3","GSE214411","Myeloid",TRUE
0.838108526551699,0.0119765905411588,0.062,0.064,1,"FAM73A","GSE214411","Myeloid",TRUE
0.838506876138115,-0.179490449563168,0.07,0.071,1,"MYCBP","GSE214411","Myeloid",TRUE
0.838533393438318,-1.09964897556979,0.003,0.003,1,"SEC16B","GSE214411","Myeloid",TRUE
0.838533393438318,-2.22951639961584,0.003,0.003,1,"DUSP19","GSE214411","Myeloid",TRUE
0.838533393438318,-0.67398003784617,0.003,0.003,1,"SAG","GSE214411","Myeloid",TRUE
0.838533393438318,-1.85816603860785,0.003,0.003,1,"DKFZP434I0714","GSE214411","Myeloid",TRUE
0.838533393438318,-2.1258482467875,0.003,0.003,1,"CEBPB-AS1","GSE214411","Myeloid",TRUE
0.838533393438318,-2.38733545278695,0.003,0.003,1,"KISS1R","GSE214411","Myeloid",TRUE
0.838533393438318,-1.45802033193619,0.003,0.003,1,"CALCR","GSE214411","Myeloid",TRUE
0.838698643640308,0.200957412269832,0.596,0.686,1,"REL","GSE214411","Myeloid",TRUE
0.839046655566268,-0.458849623483931,0.104,0.099,1,"AP5Z1","GSE214411","Myeloid",TRUE
0.839156708763115,0.562527322726717,0.003,0.003,1,"WDR63","GSE214411","Myeloid",TRUE
0.839156708763115,-2.38743271729108,0.003,0.003,1,"IPO9-AS1","GSE214411","Myeloid",TRUE
0.839156708763115,1.03350124827662,0.003,0.003,1,"PKI55","GSE214411","Myeloid",TRUE
0.839156708763115,1.60555768791171,0.003,0.003,1,"RP11-379F4.4","GSE214411","Myeloid",TRUE
0.839156708763115,0.476553442205984,0.003,0.003,1,"PRRT1","GSE214411","Myeloid",TRUE
0.839156708763115,-0.930719534514139,0.003,0.003,1,"RP3-466P17.1","GSE214411","Myeloid",TRUE
0.839156708763115,-0.0617134426252166,0.003,0.003,1,"ADAM22","GSE214411","Myeloid",TRUE
0.839156708763115,-0.204970692670286,0.003,0.003,1,"TSPAN12","GSE214411","Myeloid",TRUE
0.839156708763115,-2.55400613296485,0.003,0.003,1,"MTMR8","GSE214411","Myeloid",TRUE
0.839156708763115,0.680049287635516,0.003,0.003,1,"GPRASP2","GSE214411","Myeloid",TRUE
0.839156708763115,1.59402480316864,0.003,0.003,1,"CSNK2A3","GSE214411","Myeloid",TRUE
0.839156708763115,1.4489311475558,0.003,0.003,1,"RP11-111M22.2","GSE214411","Myeloid",TRUE
0.839156708763115,1.48522397307263,0.003,0.003,1,"RP11-481J2.4","GSE214411","Myeloid",TRUE
0.839156708763115,0.523521959008916,0.003,0.003,1,"CALB2","GSE214411","Myeloid",TRUE
0.839156708763115,-2.49504257307892,0.003,0.003,1,"RP11-15F12.1","GSE214411","Myeloid",TRUE
0.839213135925382,-0.276957827940075,0.045,0.047,1,"COL8A2","GSE214411","Myeloid",TRUE
0.839237955716472,0.294023193361324,0.124,0.119,1,"EBLN3","GSE214411","Myeloid",TRUE
0.839468398034569,-0.538037259300137,0.003,0.003,1,"LARGE","GSE214411","Myeloid",TRUE
0.839475382114885,0.92920618813569,0.017,0.016,1,"TCP11L2","GSE214411","Myeloid",TRUE
0.839780124996597,-0.376405822599788,0.003,0.003,1,"LURAP1","GSE214411","Myeloid",TRUE
0.839780124996597,-0.177731418140385,0.003,0.003,1,"S100A1","GSE214411","Myeloid",TRUE
0.839780124996597,-0.650701326896422,0.003,0.003,1,"RP11-171I2.2","GSE214411","Myeloid",TRUE
0.839780124996597,-0.319589924991093,0.003,0.003,1,"RP5-1112D6.4","GSE214411","Myeloid",TRUE
0.839780124996597,0.721061176902217,0.003,0.003,1,"HOXA6","GSE214411","Myeloid",TRUE
0.839780124996597,-2.02046444203425,0.003,0.003,1,"C7orf57","GSE214411","Myeloid",TRUE
0.839780124996597,-0.357779525388915,0.003,0.003,1,"MSC","GSE214411","Myeloid",TRUE
0.839780124996597,-0.207195116438596,0.003,0.003,1,"RP11-138E2.1","GSE214411","Myeloid",TRUE
0.839780124996597,-1.64994703874362,0.003,0.003,1,"C10orf107","GSE214411","Myeloid",TRUE
0.839780124996597,-0.843245765607838,0.003,0.003,1,"SFTPD","GSE214411","Myeloid",TRUE
0.839780124996597,-1.08083613365636,0.003,0.003,1,"AGAP2-AS1","GSE214411","Myeloid",TRUE
0.839780124996597,-0.244053033318281,0.003,0.003,1,"MAP1LC3B2","GSE214411","Myeloid",TRUE
0.839780124996597,-1.85023352489827,0.003,0.003,1,"CTD-3035K23.6","GSE214411","Myeloid",TRUE
0.839780124996597,-0.228023375942209,0.003,0.003,1,"AC144831.3","GSE214411","Myeloid",TRUE
0.839780124996597,-0.078768541670736,0.003,0.003,1,"RP11-53B2.3","GSE214411","Myeloid",TRUE
0.839780124996597,1.92775971749785,0.003,0.003,1,"CCDC114","GSE214411","Myeloid",TRUE
0.839780124996597,-0.537220344393047,0.003,0.003,1,"LAIR2","GSE214411","Myeloid",TRUE
0.839780124996597,0.78602545523082,0.003,0.003,1,"RAB36","GSE214411","Myeloid",TRUE
0.839816478304265,0.11058712396299,0.061,0.058,1,"LRRC8B","GSE214411","Myeloid",TRUE
0.839867619398836,-0.376627419149748,0.011,0.012,1,"ZNF16","GSE214411","Myeloid",TRUE
0.839929800125648,0.109157569188008,0.101,0.102,1,"PLAA","GSE214411","Myeloid",TRUE
0.840002782094303,0.818522866498101,0.017,0.016,1,"CORO2A","GSE214411","Myeloid",TRUE
0.840091864603433,-0.312437263276719,0.003,0.003,1,"LRIG3","GSE214411","Myeloid",TRUE
0.840403641758508,1.18698788407374,0.003,0.003,1,"HMCN1","GSE214411","Myeloid",TRUE
0.840403641758508,0.482229120494402,0.003,0.003,1,"DMGDH","GSE214411","Myeloid",TRUE
0.840403641758508,2.26694994883637,0.003,0.003,1,"RP5-1159O4.1","GSE214411","Myeloid",TRUE
0.840403641758508,-0.136590208258909,0.003,0.003,1,"OLMALINC","GSE214411","Myeloid",TRUE
0.840403641758508,0.624673657218292,0.003,0.003,1,"CTD-2184D3.5","GSE214411","Myeloid",TRUE
0.840403641758508,0.195441617701883,0.003,0.003,1,"LA16c-OS12.2","GSE214411","Myeloid",TRUE
0.840403641758508,-0.0263805329926399,0.003,0.003,1,"ZNF23","GSE214411","Myeloid",TRUE
0.840403641758508,-0.139961027034797,0.003,0.003,1,"LLNLR-284B4.2","GSE214411","Myeloid",TRUE
0.840403641758508,-0.525895850247105,0.003,0.003,1,"CTC-471J1.11","GSE214411","Myeloid",TRUE
0.840403641758508,-0.303866693481388,0.003,0.003,1,"AC145212.2","GSE214411","Myeloid",TRUE
0.840964153044905,0.0504048308864826,0.053,0.051,1,"ATAD3B","GSE214411","Myeloid",TRUE
0.841027258668401,1.09379748156611,0.003,0.003,1,"RIIAD1","GSE214411","Myeloid",TRUE
0.841027258668401,1.21118550550636,0.003,0.003,1,"EVA1A","GSE214411","Myeloid",TRUE
0.841027258668401,0.666460383721744,0.003,0.003,1,"NRCAM","GSE214411","Myeloid",TRUE
0.841027258668401,0.520624664807872,0.003,0.003,1,"COLCA1","GSE214411","Myeloid",TRUE
0.841027258668401,-0.439267451203561,0.003,0.003,1,"CUX2","GSE214411","Myeloid",TRUE
0.841027258668401,-0.104457515590759,0.003,0.003,1,"CACNB1","GSE214411","Myeloid",TRUE
0.841027258668401,0.26361888786855,0.003,0.003,1,"INPP5J","GSE214411","Myeloid",TRUE
0.841027258668401,-0.166489700051798,0.003,0.003,1,"RP1-37E16.12","GSE214411","Myeloid",TRUE
0.84137305486143,-0.0977113809231271,0.071,0.068,1,"TOP3A","GSE214411","Myeloid",TRUE
0.841403507551963,-0.797528688308399,0.018,0.019,1,"PPP1R3D","GSE214411","Myeloid",TRUE
0.841466783236983,-1.06650199570884,0.011,0.012,1,"PKD2L1","GSE214411","Myeloid",TRUE
0.841650975345638,0.00558111940820005,0.003,0.003,1,"GNG4","GSE214411","Myeloid",TRUE
0.841650975345638,1.23247556861571,0.003,0.003,1,"AC012358.8","GSE214411","Myeloid",TRUE
0.841650975345638,0.143289740346308,0.003,0.003,1,"AC010894.3","GSE214411","Myeloid",TRUE
0.841650975345638,0.343535444308529,0.003,0.003,1,"CPNE9","GSE214411","Myeloid",TRUE
0.841650975345638,0.776571761633305,0.003,0.003,1,"HHIP-AS1","GSE214411","Myeloid",TRUE
0.841650975345638,1.28796177282961,0.003,0.003,1,"NAP1L3","GSE214411","Myeloid",TRUE
0.841650975345638,0.739620512227188,0.003,0.003,1,"CASC1","GSE214411","Myeloid",TRUE
0.841650975345638,1.24666434526384,0.003,0.003,1,"RP11-1017G21.6","GSE214411","Myeloid",TRUE
0.841650975345638,1.57142357751541,0.003,0.003,1,"SHISA6","GSE214411","Myeloid",TRUE
0.841650975345638,0.698165853252552,0.003,0.003,1,"PODNL1","GSE214411","Myeloid",TRUE
0.841695103186625,0.384413344237093,0.123,0.123,1,"ASL","GSE214411","Myeloid",TRUE
0.841922792068736,0.684043724402439,0.052,0.05,1,"PPP3CC","GSE214411","Myeloid",TRUE
0.842274791409399,0.412487644789225,0.003,0.003,1,"MSH5","GSE214411","Myeloid",TRUE
0.842274791409399,2.6134891740455,0.003,0.003,1,"CHRNA5","GSE214411","Myeloid",TRUE
0.842274791409399,0.589697334104174,0.003,0.003,1,"NR2F2-AS1","GSE214411","Myeloid",TRUE
0.842274791409399,1.22877872534009,0.003,0.003,1,"ZNF812P","GSE214411","Myeloid",TRUE
0.842327613078285,0.0148031052237121,0.038,0.039,1,"ZNF532","GSE214411","Myeloid",TRUE
0.842491941606838,-0.934137341418722,0.022,0.02,1,"ZSWIM4","GSE214411","Myeloid",TRUE
0.842544144875817,0.366810459002071,0.066,0.067,1,"INSR","GSE214411","Myeloid",TRUE
0.842782882452448,-0.381001957477543,0.109,0.11,1,"CD80","GSE214411","Myeloid",TRUE
0.84289870647867,2.26275151845394,0.003,0.003,1,"TMEM215","GSE214411","Myeloid",TRUE
0.84289870647867,0.0174223181729189,0.003,0.003,1,"ABO","GSE214411","Myeloid",TRUE
0.84289870647867,1.74196958068838,0.003,0.003,1,"JAM3","GSE214411","Myeloid",TRUE
0.84289870647867,0.516169570058224,0.003,0.003,1,"AC008697.1","GSE214411","Myeloid",TRUE
0.842988596289671,0.39893074631112,0.03,0.031,1,"CTC-479C5.12","GSE214411","Myeloid",TRUE
0.84338664295828,-0.283370984582294,0.011,0.012,1,"LENG9","GSE214411","Myeloid",TRUE
0.843399463139446,1.11757314522099,0.045,0.047,1,"NLK","GSE214411","Myeloid",TRUE
0.843633230008276,-0.131093926794128,0.056,0.057,1,"ZNF598","GSE214411","Myeloid",TRUE
0.843997658883541,-1.01409584594235,0.024,0.025,1,"DHODH","GSE214411","Myeloid",TRUE
0.844220657608253,0.318807029000415,0.102,0.099,1,"QRICH1","GSE214411","Myeloid",TRUE
0.844341569149157,0.485577881106023,0.112,0.113,1,"PLRG1","GSE214411","Myeloid",TRUE
0.844438853801781,-0.249138879314859,0.081,0.082,1,"CCR2","GSE214411","Myeloid",TRUE
0.844902067883479,-0.177541863110585,0.018,0.019,1,"RP11-206L10.9","GSE214411","Myeloid",TRUE
0.845009566703596,0.139550608992841,0.065,0.066,1,"SIGMAR1","GSE214411","Myeloid",TRUE
0.845147345682663,1.0298949406,0.018,0.017,1,"YAP1","GSE214411","Myeloid",TRUE
0.845152083002956,-0.74341183547861,0.018,0.019,1,"GTF2IRD1","GSE214411","Myeloid",TRUE
0.845280695038446,-0.614933836137619,0.017,0.016,1,"IFNLR1","GSE214411","Myeloid",TRUE
0.845280695038446,0.0815057600978681,0.017,0.016,1,"RBM34","GSE214411","Myeloid",TRUE
0.845327171651513,0.753192581275636,0.013,0.012,1,"PEX11A","GSE214411","Myeloid",TRUE
0.84546615184583,0.0670972454778369,0.266,0.253,1,"ETFA","GSE214411","Myeloid",TRUE
0.845547766962023,0.481525515571925,0.199,0.202,1,"LMNB1","GSE214411","Myeloid",TRUE
0.845627655313798,-0.755529217205845,0.011,0.012,1,"LINC00623","GSE214411","Myeloid",TRUE
0.845627655313798,-0.208343222030314,0.011,0.012,1,"RP11-14N7.2","GSE214411","Myeloid",TRUE
0.845661201307736,0.129563572760547,0.148,0.143,1,"GPR84","GSE214411","Myeloid",TRUE
0.845973641250036,0.065020658346608,0.052,0.05,1,"CAMSAP1","GSE214411","Myeloid",TRUE
0.845985078727205,0.320950729947143,0.102,0.103,1,"MAML1","GSE214411","Myeloid",TRUE
0.846004996851971,0.0229830496441279,0.038,0.039,1,"E2F6","GSE214411","Myeloid",TRUE
0.846104625859752,0.206816097170432,0.149,0.149,1,"GTPBP4","GSE214411","Myeloid",TRUE
0.846319966415635,0.243240205298835,0.481,0.5,1,"RBPJ","GSE214411","Myeloid",TRUE
0.846915503445533,-0.574235161187937,0.056,0.057,1,"CBLL1","GSE214411","Myeloid",TRUE
0.847229144548859,-0.32809738741106,0.011,0.012,1,"RP1-267D11.6","GSE214411","Myeloid",TRUE
0.847964600035193,0.0972965584336849,0.16,0.153,1,"ALG2","GSE214411","Myeloid",TRUE
0.848272777369973,0.760757220767486,0.071,0.069,1,"FBXO28","GSE214411","Myeloid",TRUE
0.849305682365297,0.412930611326746,0.069,0.067,1,"RBMXL1","GSE214411","Myeloid",TRUE
0.849387537423834,0.240100778884964,0.422,0.417,1,"SPCS3","GSE214411","Myeloid",TRUE
0.849482167270359,1.20082008597326,0.022,0.021,1,"KCTD7","GSE214411","Myeloid",TRUE
0.849804613361281,-0.212515177139101,0.077,0.078,1,"RIC1","GSE214411","Myeloid",TRUE
0.849813452384954,0.365150713359449,0.434,0.452,1,"TNFAIP2","GSE214411","Myeloid",TRUE
0.849905305580943,0.665846948628266,0.018,0.019,1,"ZFAND4","GSE214411","Myeloid",TRUE
0.849905305580943,0.000775956011405121,0.018,0.019,1,"FBXW8","GSE214411","Myeloid",TRUE
0.85028139247383,0.0982856125819778,0.061,0.062,1,"ERI1","GSE214411","Myeloid",TRUE
0.850822458832798,-0.189282617641699,0.163,0.16,1,"IBTK","GSE214411","Myeloid",TRUE
0.850858887011762,-0.045584199475166,0.028,0.026,1,"TRDMT1","GSE214411","Myeloid",TRUE
0.850862067590607,0.819474700747329,0.013,0.012,1,"RP1-198K11.5","GSE214411","Myeloid",TRUE
0.850881268895907,-0.459173504070564,0.111,0.111,1,"DDX56","GSE214411","Myeloid",TRUE
0.851075281433807,0.818754895569683,0.011,0.012,1,"TMEM67","GSE214411","Myeloid",TRUE
0.851125555689711,-0.548411500578712,0.035,0.036,1,"TSPAN32","GSE214411","Myeloid",TRUE
0.85114108616981,0.089842796284509,0.105,0.102,1,"OAS3","GSE214411","Myeloid",TRUE
0.851221292465443,-0.14738965197323,0.062,0.059,1,"ABCA7","GSE214411","Myeloid",TRUE
0.851313978801545,0.365549073698666,0.018,0.017,1,"PRICKLE3","GSE214411","Myeloid",TRUE
0.851556233582163,-0.368415663589023,0.022,0.021,1,"NPIPB4","GSE214411","Myeloid",TRUE
0.851657878570705,-0.624644619359573,0.018,0.019,1,"ZNF566","GSE214411","Myeloid",TRUE
0.851812458537105,-0.713149186329923,0.027,0.025,1,"CLIC3","GSE214411","Myeloid",TRUE
0.85212591635288,1.67308231803744,0.019,0.02,1,"FAM174B","GSE214411","Myeloid",TRUE
0.852611072334309,0.329652829869543,0.051,0.049,1,"ZBTB25","GSE214411","Myeloid",TRUE
0.852678890161259,0.216200077148073,0.011,0.012,1,"MARC1","GSE214411","Myeloid",TRUE
0.853016528800655,-0.520915637727086,0.013,0.012,1,"LETM2","GSE214411","Myeloid",TRUE
0.853076930587749,-0.00191698967077603,0.047,0.044,1,"GTDC1","GSE214411","Myeloid",TRUE
0.853102534968186,0.359547203770936,0.159,0.16,1,"CHIC2","GSE214411","Myeloid",TRUE
0.853114311696157,0.681334075780898,0.017,0.018,1,"ECHDC3","GSE214411","Myeloid",TRUE
0.853124994183058,0.0903861472858141,0.356,0.344,1,"RAB8A","GSE214411","Myeloid",TRUE
0.853147412097159,-0.067830552921774,0.106,0.106,1,"PYCR2","GSE214411","Myeloid",TRUE
0.853962216043451,0.566095950239655,0.011,0.012,1,"SCD5","GSE214411","Myeloid",TRUE
0.854035191414716,-0.187496292305465,0.136,0.135,1,"RRM2B","GSE214411","Myeloid",TRUE
0.854110527675577,0.119084308905918,0.164,0.156,1,"DHPS","GSE214411","Myeloid",TRUE
0.854143417603456,0.87133708869754,0.018,0.017,1,"GPSM1","GSE214411","Myeloid",TRUE
0.854189503047825,0.222405969270796,0.044,0.046,1,"PKD1","GSE214411","Myeloid",TRUE
0.854248143045381,0.194096364639597,0.013,0.012,1,"LOXL2","GSE214411","Myeloid",TRUE
0.854591837020755,-0.322691660655831,0.084,0.081,1,"C16orf91","GSE214411","Myeloid",TRUE
0.854924964303073,0.673332735342149,0.011,0.012,1,"RP11-539L10.3","GSE214411","Myeloid",TRUE
0.855172087043496,-0.135439457357237,0.013,0.012,1,"SULT1A3","GSE214411","Myeloid",TRUE
0.85522850316564,-0.16200906612347,0.208,0.197,1,"RBM6","GSE214411","Myeloid",TRUE
0.85541173390283,0.251092459648389,0.184,0.179,1,"C19orf38","GSE214411","Myeloid",TRUE
0.855418797033316,0.291941859739464,0.028,0.026,1,"TSPAN13","GSE214411","Myeloid",TRUE
0.855515487718204,-0.903623080045718,0.048,0.049,1,"COG3","GSE214411","Myeloid",TRUE
0.855561635173882,0.473432263821429,0.181,0.181,1,"ITPK1","GSE214411","Myeloid",TRUE
0.855782940663568,0.380313122677618,0.117,0.119,1,"KIAA0232","GSE214411","Myeloid",TRUE
0.855869992291986,-0.095290788081432,0.041,0.042,1,"CCDC58","GSE214411","Myeloid",TRUE
0.855887928590212,0.263496923990986,0.011,0.012,1,"FAM161B","GSE214411","Myeloid",TRUE
0.856208964449771,0.344312943409544,0.011,0.012,1,"STRA6","GSE214411","Myeloid",TRUE
0.856406850872173,-0.228979436132362,0.23,0.221,1,"SZRD1","GSE214411","Myeloid",TRUE
0.856474739624884,-0.600784882635324,0.046,0.043,1,"RP11-390P2.4","GSE214411","Myeloid",TRUE
0.856502061015723,0.12217127511116,0.124,0.12,1,"USP37","GSE214411","Myeloid",TRUE
0.856729267957555,-0.0179392368464224,0.181,0.177,1,"TMEM167B","GSE214411","Myeloid",TRUE
0.856993323317546,0.0772999903004434,0.085,0.086,1,"CBFA2T3","GSE214411","Myeloid",TRUE
0.857147198425166,0.487877929836788,0.098,0.094,1,"TRAPPC8","GSE214411","Myeloid",TRUE
0.857192835485464,-0.151715517572244,0.185,0.176,1,"MED10","GSE214411","Myeloid",TRUE
0.857200613271717,1.19755454328623,0.066,0.069,1,"BDH2","GSE214411","Myeloid",TRUE
0.857219008564648,-0.375721764434062,0.041,0.042,1,"B3GALNT2","GSE214411","Myeloid",TRUE
0.857256804194465,0.795172709274197,0.084,0.082,1,"PRKAA1","GSE214411","Myeloid",TRUE
0.857935352788541,-0.134698211694326,0.038,0.039,1,"CLIP4","GSE214411","Myeloid",TRUE
0.858059403867679,0.14134642794493,0.037,0.038,1,"TAMM41","GSE214411","Myeloid",TRUE
0.858577354298799,0.0256286089562634,0.112,0.107,1,"PEX16","GSE214411","Myeloid",TRUE
0.858731332228236,0.205938865095544,0.159,0.162,1,"PYGL","GSE214411","Myeloid",TRUE
0.858945317403072,2.09110720375889,0.008,0.007,1,"PDGFA","GSE214411","Myeloid",TRUE
0.858954323950401,0.277797795779247,0.198,0.195,1,"KCMF1","GSE214411","Myeloid",TRUE
0.859064074001962,-0.61398088822396,0.166,0.158,1,"E2F4","GSE214411","Myeloid",TRUE
0.859522117125254,0.34016220173365,0.008,0.007,1,"THRB","GSE214411","Myeloid",TRUE
0.859912838605648,-0.153187125010348,0.13,0.129,1,"ENOPH1","GSE214411","Myeloid",TRUE
0.859931712087824,0.810847456605736,0.053,0.051,1,"PIGG","GSE214411","Myeloid",TRUE
0.860063235934513,2.02306542731927,0.011,0.012,1,"ZBP1","GSE214411","Myeloid",TRUE
0.86007551886226,-0.0479644765159781,0.822,0.921,1,"RPL9","GSE214411","Myeloid",TRUE
0.860103112394526,0.186030205723862,0.013,0.012,1,"RP11-385D13.3","GSE214411","Myeloid",TRUE
0.860243090662669,0.0760907802489074,0.257,0.245,1,"C9orf78","GSE214411","Myeloid",TRUE
0.860285976846014,1.05247272439128,0.029,0.028,1,"IRF2BP1","GSE214411","Myeloid",TRUE
0.860291297221121,1.20936888862785,0.008,0.007,1,"RP11-468E2.5","GSE214411","Myeloid",TRUE
0.860398751136179,-0.0331123524439132,0.028,0.026,1,"IPO13","GSE214411","Myeloid",TRUE
0.860414595606192,0.258217813648943,0.075,0.076,1,"NEK9","GSE214411","Myeloid",TRUE
0.860675937026698,0.900463032682668,0.008,0.007,1,"FAM69B","GSE214411","Myeloid",TRUE
0.861148513964375,0.274650001740363,0.053,0.051,1,"CTU2","GSE214411","Myeloid",TRUE
0.861445315706415,1.25634166032438,0.008,0.007,1,"SNTA1","GSE214411","Myeloid",TRUE
0.861608459790849,0.0958985120321881,0.233,0.234,1,"HBP1","GSE214411","Myeloid",TRUE
0.861676329598839,0.407966610566911,0.044,0.042,1,"SNHG19","GSE214411","Myeloid",TRUE
0.862403837253885,0.514386068779497,0.022,0.021,1,"TTC7B","GSE214411","Myeloid",TRUE
0.862437697269402,0.180808783302283,0.119,0.115,1,"LIN7C","GSE214411","Myeloid",TRUE
0.862570871582284,-0.553237939729222,0.043,0.044,1,"NUFIP1","GSE214411","Myeloid",TRUE
0.86319262776337,1.42389146534481,0.018,0.019,1,"MCC","GSE214411","Myeloid",TRUE
0.863369336133474,1.60102359655318,0.008,0.007,1,"CDH5","GSE214411","Myeloid",TRUE
0.863402068121364,0.178540202164585,0.258,0.258,1,"MED29","GSE214411","Myeloid",TRUE
0.863571893304586,0.449915203563044,0.023,0.022,1,"SLC26A6","GSE214411","Myeloid",TRUE
0.864105837091451,0.174289083099304,0.033,0.032,1,"AC137932.4","GSE214411","Myeloid",TRUE
0.864464593608531,0.0944025062755958,0.118,0.118,1,"RNF6","GSE214411","Myeloid",TRUE
0.864621350490839,-0.0122132013178269,0.166,0.166,1,"CD300LF","GSE214411","Myeloid",TRUE
0.86463263686862,0.0991914558934179,0.105,0.101,1,"CECR5","GSE214411","Myeloid",TRUE
0.864909136689852,-0.823338783509842,0.008,0.007,1,"KRT17","GSE214411","Myeloid",TRUE
0.865063713824594,0.495934235993752,0.087,0.088,1,"ATMIN","GSE214411","Myeloid",TRUE
0.86530774727487,-0.963191321239017,0.032,0.031,1,"CTD-2371O3.3","GSE214411","Myeloid",TRUE
0.865614618154722,-0.0225398813492004,0.088,0.089,1,"FPGS","GSE214411","Myeloid",TRUE
0.865679229736211,-1.49095775486826,0.008,0.007,1,"SLC18A2","GSE214411","Myeloid",TRUE
0.865679229736211,-0.0890821446184367,0.008,0.007,1,"NOMO3","GSE214411","Myeloid",TRUE
0.866211224957161,0.308011230148467,0.154,0.148,1,"CDK11B","GSE214411","Myeloid",TRUE
0.866904920862998,-0.802981151848389,0.031,0.03,1,"RP11-325F22.2","GSE214411","Myeloid",TRUE
0.867027630789606,-0.222080831814115,0.017,0.018,1,"FCRLB","GSE214411","Myeloid",TRUE
0.867031635736909,0.536841170563758,0.049,0.05,1,"FLVCR1","GSE214411","Myeloid",TRUE
0.867154482800561,0.126287823040083,0.033,0.032,1,"RP11-67L2.2","GSE214411","Myeloid",TRUE
0.867181043070447,0.285867318823554,0.023,0.024,1,"PDCD2L","GSE214411","Myeloid",TRUE
0.8673075854518,-0.247459843006192,0.01,0.011,1,"OXER1","GSE214411","Myeloid",TRUE
0.867463153602851,-0.458768636923115,0.028,0.026,1,"SPATA33","GSE214411","Myeloid",TRUE
0.867631317891544,-0.130176809736551,0.042,0.04,1,"UBQLN4","GSE214411","Myeloid",TRUE
0.867644248635376,0.0860720691293135,0.01,0.011,1,"DCAF4","GSE214411","Myeloid",TRUE
0.867795641845663,-0.49226725824102,0.002,0.002,1,"RP11-31F15.2","GSE214411","Myeloid",TRUE
0.867795641845663,-1.28912866150191,0.002,0.002,1,"DPT","GSE214411","Myeloid",TRUE
0.867795641845663,-2.64258244507282,0.002,0.002,1,"LMOD1","GSE214411","Myeloid",TRUE
0.867795641845663,-0.804176100224248,0.002,0.002,1,"RP4-597N16.4","GSE214411","Myeloid",TRUE
0.867795641845663,-0.687316041145476,0.002,0.002,1,"AC015971.2","GSE214411","Myeloid",TRUE
0.867795641845663,-1.3668181731194,0.002,0.002,1,"ATRIP.1","GSE214411","Myeloid",TRUE
0.867795641845663,-0.886756121524932,0.002,0.002,1,"RP11-190C22.8","GSE214411","Myeloid",TRUE
0.867795641845663,-0.8852093580347,0.002,0.002,1,"ALG1L","GSE214411","Myeloid",TRUE
0.867795641845663,-2.71037673068675,0.002,0.002,1,"ESM1","GSE214411","Myeloid",TRUE
0.867795641845663,-0.888782563794919,0.002,0.002,1,"AC113404.1","GSE214411","Myeloid",TRUE
0.867795641845663,-0.928731699704747,0.002,0.002,1,"RP11-54C4.3","GSE214411","Myeloid",TRUE
0.867795641845663,-0.476561956342884,0.002,0.002,1,"RP11-428J1.5","GSE214411","Myeloid",TRUE
0.867795641845663,-1.41518911355714,0.002,0.002,1,"HOXA-AS2","GSE214411","Myeloid",TRUE
0.867795641845663,-3.53558347153223,0.002,0.002,1,"NACAD","GSE214411","Myeloid",TRUE
0.867795641845663,-1.5575971742149,0.002,0.002,1,"FBXO24","GSE214411","Myeloid",TRUE
0.867795641845663,-1.8315087379872,0.002,0.002,1,"COL26A1","GSE214411","Myeloid",TRUE
0.867795641845663,-3.10355064940508,0.002,0.002,1,"RIBC1","GSE214411","Myeloid",TRUE
0.867795641845663,-2.96546436094426,0.002,0.002,1,"LRCH2","GSE214411","Myeloid",TRUE
0.867795641845663,-0.906170767601328,0.002,0.002,1,"RP11-677M14.7","GSE214411","Myeloid",TRUE
0.867795641845663,-1.17405267574094,0.002,0.002,1,"RP11-38L15.3","GSE214411","Myeloid",TRUE
0.867795641845663,-2.59124150367489,0.002,0.002,1,"ADRA2A","GSE214411","Myeloid",TRUE
0.867795641845663,-2.01003237764613,0.002,0.002,1,"RP11-1143G9.5","GSE214411","Myeloid",TRUE
0.867795641845663,-1.08057098951885,0.002,0.002,1,"RP11-588G21.2","GSE214411","Myeloid",TRUE
0.867795641845663,-0.754225040683975,0.002,0.002,1,"RP11-768F21.1","GSE214411","Myeloid",TRUE
0.867795641845663,-2.42199995106912,0.002,0.002,1,"RP11-540O11.1","GSE214411","Myeloid",TRUE
0.867795641845663,-1.08941655778338,0.002,0.002,1,"CHAC1","GSE214411","Myeloid",TRUE
0.867795641845663,-0.719783402090345,0.002,0.002,1,"ACSM1","GSE214411","Myeloid",TRUE
0.867795641845663,-2.4907674192903,0.002,0.002,1,"AC009133.21","GSE214411","Myeloid",TRUE
0.867795641845663,-0.915346718391094,0.002,0.002,1,"TBX6","GSE214411","Myeloid",TRUE
0.867795641845663,-0.713501350269421,0.002,0.002,1,"PKD1L3","GSE214411","Myeloid",TRUE
0.867795641845663,-0.603441370630781,0.002,0.002,1,"ALOX15B","GSE214411","Myeloid",TRUE
0.867795641845663,-0.995969632223285,0.002,0.002,1,"HSPA12B","GSE214411","Myeloid",TRUE
0.867795641845663,-0.972329526562962,0.002,0.002,1,"RP5-965G21.6","GSE214411","Myeloid",TRUE
0.867795641845663,-2.47800498466652,0.002,0.002,1,"BMP7","GSE214411","Myeloid",TRUE
0.867795641845663,-0.617458133763863,0.002,0.002,1,"GALP","GSE214411","Myeloid",TRUE
0.867795641845663,-0.661932089998004,0.002,0.002,1,"RP4-742C19.13","GSE214411","Myeloid",TRUE
0.867795641845663,-0.856873344277608,0.002,0.002,1,"PNPLA3","GSE214411","Myeloid",TRUE
0.867795641845663,-1.24992765251108,0.002,0.002,1,"DSCR9","GSE214411","Myeloid",TRUE
0.867990271341959,-0.253307522283484,0.008,0.007,1,"RP11-296O14.3","GSE214411","Myeloid",TRUE
0.867990271341959,-0.239659381471112,0.008,0.007,1,"PRSS21","GSE214411","Myeloid",TRUE
0.868107592167427,-1.05032744551534,0.033,0.032,1,"GLYCTK","GSE214411","Myeloid",TRUE
0.868208766030313,0.30957651838951,0.032,0.031,1,"SLC35C1","GSE214411","Myeloid",TRUE
0.868239617189049,-0.167465761518,0.303,0.289,1,"WDR45B","GSE214411","Myeloid",TRUE
0.868357341920225,-0.308326128032495,0.043,0.044,1,"SS18L1","GSE214411","Myeloid",TRUE
0.868563961019097,-1.33246984524694,0.002,0.002,1,"PDZK1IP1","GSE214411","Myeloid",TRUE
0.868563961019097,-0.435173291454046,0.002,0.002,1,"TRIM46","GSE214411","Myeloid",TRUE
0.868563961019097,-0.608657123793965,0.002,0.002,1,"TMEM198","GSE214411","Myeloid",TRUE
0.868563961019097,-1.12625315510828,0.002,0.002,1,"RP11-379K17.4","GSE214411","Myeloid",TRUE
0.868563961019097,-0.560565345847523,0.002,0.002,1,"ANKDD1B","GSE214411","Myeloid",TRUE
0.868563961019097,-0.577431725586386,0.002,0.002,1,"ISPD","GSE214411","Myeloid",TRUE
0.868563961019097,-0.587017657477995,0.002,0.002,1,"UXT-AS1","GSE214411","Myeloid",TRUE
0.868563961019097,-0.917883122601722,0.002,0.002,1,"AC083843.2","GSE214411","Myeloid",TRUE
0.868563961019097,-0.435897652643617,0.002,0.002,1,"RP11-195F19.9","GSE214411","Myeloid",TRUE
0.868563961019097,-0.730195540874806,0.002,0.002,1,"LDHC","GSE214411","Myeloid",TRUE
0.868563961019097,-0.53595103272657,0.002,0.002,1,"CCDC73","GSE214411","Myeloid",TRUE
0.868563961019097,-0.313979383045602,0.002,0.002,1,"RP11-867G23.3","GSE214411","Myeloid",TRUE
0.868563961019097,-0.486659382949966,0.002,0.002,1,"UCP3","GSE214411","Myeloid",TRUE
0.868563961019097,-0.569294804529594,0.002,0.002,1,"RP11-770J1.3","GSE214411","Myeloid",TRUE
0.868563961019097,-0.48727400874885,0.002,0.002,1,"CTD-2292M16.8","GSE214411","Myeloid",TRUE
0.868563961019097,-0.374441673705434,0.002,0.002,1,"RP3-414A15.10","GSE214411","Myeloid",TRUE
0.868563961019097,-1.104399116791,0.002,0.002,1,"RP11-114N19.3","GSE214411","Myeloid",TRUE
0.868563961019097,-0.367768114747802,0.002,0.002,1,"MSLN","GSE214411","Myeloid",TRUE
0.868563961019097,-0.334841642627163,0.002,0.002,1,"CTD-2135D7.5","GSE214411","Myeloid",TRUE
0.868563961019097,-0.992163609021944,0.002,0.002,1,"RP11-481J2.3","GSE214411","Myeloid",TRUE
0.868563961019097,-0.473168589902983,0.002,0.002,1,"TMEM220-AS1","GSE214411","Myeloid",TRUE
0.868563961019097,-0.659949360538963,0.002,0.002,1,"QRICH2","GSE214411","Myeloid",TRUE
0.868563961019097,-0.473381399318813,0.002,0.002,1,"ZNF578","GSE214411","Myeloid",TRUE
0.868601061651274,0.750270351244539,0.004,0.003,1,"RP4-613B23.1","GSE214411","Myeloid",TRUE
0.868601061651274,0.812357996055273,0.004,0.003,1,"HUS1B","GSE214411","Myeloid",TRUE
0.868601061651274,0.520344179044422,0.004,0.003,1,"RP11-532F6.3","GSE214411","Myeloid",TRUE
0.868853774621084,0.0435378608123811,0.091,0.087,1,"XAB2","GSE214411","Myeloid",TRUE
0.868984120394435,1.91442464144516,0.013,0.013,1,"RAB25","GSE214411","Myeloid",TRUE
0.869091177575886,0.0503184428425492,0.132,0.127,1,"IRF2BPL","GSE214411","Myeloid",TRUE
0.869182367449702,2.43710037343284,0.004,0.003,1,"AC009961.3","GSE214411","Myeloid",TRUE
0.869182367449702,1.24985897010496,0.004,0.003,1,"PCLO","GSE214411","Myeloid",TRUE
0.869182367449702,2.24368471411348,0.004,0.003,1,"C11orf97","GSE214411","Myeloid",TRUE
0.869182367449702,0.388564171955307,0.004,0.003,1,"CCDC26","GSE214411","Myeloid",TRUE
0.869332404332865,-0.864465830224025,0.002,0.002,1,"RP5-1071N3.1","GSE214411","Myeloid",TRUE
0.869332404332865,1.88237349013148,0.002,0.002,1,"CNR2","GSE214411","Myeloid",TRUE
0.869332404332865,-0.761278628433219,0.002,0.002,1,"ZSCAN20","GSE214411","Myeloid",TRUE
0.869332404332865,-1.86678077754395,0.002,0.002,1,"CYP4X1","GSE214411","Myeloid",TRUE
0.869332404332865,-2.66952235547753,0.002,0.002,1,"FAM231D","GSE214411","Myeloid",TRUE
0.869332404332865,0.949260735319274,0.002,0.002,1,"HIST2H4B","GSE214411","Myeloid",TRUE
0.869332404332865,-0.465166562273172,0.002,0.002,1,"C1orf204","GSE214411","Myeloid",TRUE
0.869332404332865,-0.698640416200687,0.002,0.002,1,"CYP27C1","GSE214411","Myeloid",TRUE
0.869332404332865,0.403637649513752,0.002,0.002,1,"RP11-348P10.2","GSE214411","Myeloid",TRUE
0.869332404332865,-0.409119017174994,0.002,0.002,1,"RP11-359I18.5","GSE214411","Myeloid",TRUE
0.869332404332865,-0.312894022365562,0.002,0.002,1,"C3orf67","GSE214411","Myeloid",TRUE
0.869332404332865,1.74454787672961,0.002,0.002,1,"SLCO2A1","GSE214411","Myeloid",TRUE
0.869332404332865,0.184442559242509,0.002,0.002,1,"LNX1","GSE214411","Myeloid",TRUE
0.869332404332865,2.1409127892969,0.002,0.002,1,"UGT8","GSE214411","Myeloid",TRUE
0.869332404332865,-0.891929381880045,0.002,0.002,1,"RP11-362F19.3","GSE214411","Myeloid",TRUE
0.869332404332865,-0.109698955280704,0.002,0.002,1,"KLKB1","GSE214411","Myeloid",TRUE
0.869332404332865,0.0396266819286231,0.002,0.002,1,"RP11-307L14.1","GSE214411","Myeloid",TRUE
0.869332404332865,0.944524713791939,0.002,0.002,1,"FAM81B","GSE214411","Myeloid",TRUE
0.869332404332865,-1.16630315802345,0.002,0.002,1,"KCNIP1","GSE214411","Myeloid",TRUE
0.869332404332865,0.916505108891229,0.002,0.002,1,"SFTA2","GSE214411","Myeloid",TRUE
0.869332404332865,0.888956679909079,0.002,0.002,1,"HCG25","GSE214411","Myeloid",TRUE
0.869332404332865,-0.368972558239898,0.002,0.002,1,"FAM26E","GSE214411","Myeloid",TRUE
0.869332404332865,-0.756088104371246,0.002,0.002,1,"AIRN","GSE214411","Myeloid",TRUE
0.869332404332865,-0.121999201505728,0.002,0.002,1,"GS1-259H13.2","GSE214411","Myeloid",TRUE
0.869332404332865,1.64086430328494,0.002,0.002,1,"CLCN1","GSE214411","Myeloid",TRUE
0.869332404332865,-0.369702272894775,0.002,0.002,1,"ZNF425","GSE214411","Myeloid",TRUE
0.869332404332865,-0.20973840902318,0.002,0.002,1,"RGN","GSE214411","Myeloid",TRUE
0.869332404332865,-0.343296973785014,0.002,0.002,1,"CACNA1F","GSE214411","Myeloid",TRUE
0.869332404332865,-0.176239213731121,0.002,0.002,1,"RP11-305L7.1","GSE214411","Myeloid",TRUE
0.869332404332865,0.0378893156143123,0.002,0.002,1,"ROR2","GSE214411","Myeloid",TRUE
0.869332404332865,1.92731814584752,0.002,0.002,1,"TNNT3","GSE214411","Myeloid",TRUE
0.869332404332865,-0.0256534167166631,0.002,0.002,1,"DCDC1","GSE214411","Myeloid",TRUE
0.869332404332865,-0.195115982178116,0.002,0.002,1,"RP11-712B9.2","GSE214411","Myeloid",TRUE
0.869332404332865,0.206395463111871,0.002,0.002,1,"AKR1C1","GSE214411","Myeloid",TRUE
0.869332404332865,0.0118698710194121,0.002,0.002,1,"C10orf35","GSE214411","Myeloid",TRUE
0.869332404332865,-0.81078192610842,0.002,0.002,1,"RBP5","GSE214411","Myeloid",TRUE
0.869332404332865,-0.127146407845546,0.002,0.002,1,"FAM66C","GSE214411","Myeloid",TRUE
0.869332404332865,-0.430878673978864,0.002,0.002,1,"RP11-87C12.2","GSE214411","Myeloid",TRUE
0.869332404332865,-1.13083986172336,0.002,0.002,1,"FZD10","GSE214411","Myeloid",TRUE
0.869332404332865,-0.134406504939875,0.002,0.002,1,"RP11-478K15.6","GSE214411","Myeloid",TRUE
0.869332404332865,-0.155673620044988,0.002,0.002,1,"LOXL1-AS1","GSE214411","Myeloid",TRUE
0.869332404332865,1.21333641056546,0.002,0.002,1,"LINGO1","GSE214411","Myeloid",TRUE
0.869332404332865,-0.228696006755451,0.002,0.002,1,"SYNM","GSE214411","Myeloid",TRUE
0.869332404332865,-0.402758798965488,0.002,0.002,1,"RP11-161M6.2","GSE214411","Myeloid",TRUE
0.869332404332865,-0.389548706822609,0.002,0.002,1,"LA16c-431H6.6","GSE214411","Myeloid",TRUE
0.869332404332865,-0.574995221134568,0.002,0.002,1,"RP11-452L6.1","GSE214411","Myeloid",TRUE
0.869332404332865,-0.365486509369221,0.002,0.002,1,"DBNDD1","GSE214411","Myeloid",TRUE
0.869332404332865,-1.82026383193809,0.002,0.002,1,"DNAH9","GSE214411","Myeloid",TRUE
0.869332404332865,-0.344387653682244,0.002,0.002,1,"CCDC144NL","GSE214411","Myeloid",TRUE
0.869332404332865,1.39679116122988,0.002,0.002,1,"RASL10B","GSE214411","Myeloid",TRUE
0.869332404332865,-0.276002146204657,0.002,0.002,1,"CTB-131K11.1","GSE214411","Myeloid",TRUE
0.869332404332865,-0.369410266724183,0.002,0.002,1,"RAMP2-AS1","GSE214411","Myeloid",TRUE
0.869332404332865,1.94154365245247,0.002,0.002,1,"GACAT2","GSE214411","Myeloid",TRUE
0.869332404332865,0.323633648394461,0.002,0.002,1,"RP5-965G21.3","GSE214411","Myeloid",TRUE
0.869332404332865,0.10017897219646,0.002,0.002,1,"MIF-AS1","GSE214411","Myeloid",TRUE
0.869332404332865,-0.161285753089061,0.002,0.002,1,"DUSP27","GSE214411","Myeloid",TRUE
0.869332404332865,-0.0318941366359429,0.002,0.002,1,"RP11-672A2.6","GSE214411","Myeloid",TRUE
0.86953159395577,-0.218047308853208,0.008,0.007,1,"ASB9","GSE214411","Myeloid",TRUE
0.869616348421279,-0.0442415129867553,0.119,0.119,1,"ZBTB11","GSE214411","Myeloid",TRUE
0.869718014906124,0.298838919763867,0.072,0.069,1,"SNRNP48","GSE214411","Myeloid",TRUE
0.869763704457172,0.360880506653462,0.043,0.044,1,"ARHGAP24","GSE214411","Myeloid",TRUE
0.869763743960975,2.24652373124755,0.004,0.003,1,"NPTXR","GSE214411","Myeloid",TRUE
0.869846391254525,0.096162386103253,0.201,0.194,1,"UBA2","GSE214411","Myeloid",TRUE
0.869867029479168,0.743573753495027,0.017,0.018,1,"ZNF525","GSE214411","Myeloid",TRUE
0.870001559735285,-0.277024359419088,0.01,0.011,1,"ADPGK-AS1","GSE214411","Myeloid",TRUE
0.870100971074457,-0.0040885595636535,0.002,0.002,1,"UNC80","GSE214411","Myeloid",TRUE
0.870100971074457,0.910598298641583,0.002,0.002,1,"AC105760.2","GSE214411","Myeloid",TRUE
0.870100971074457,0.10612967376187,0.002,0.002,1,"SEMA3F-AS1","GSE214411","Myeloid",TRUE
0.870100971074457,0.0529315041705161,0.002,0.002,1,"CLSTN2","GSE214411","Myeloid",TRUE
0.870100971074457,2.74404612450419,0.002,0.002,1,"RP11-531F16.4","GSE214411","Myeloid",TRUE
0.870100971074457,0.232873052987621,0.002,0.002,1,"RP11-121C2.2","GSE214411","Myeloid",TRUE
0.870100971074457,1.61798708758371,0.002,0.002,1,"WWC2-AS2","GSE214411","Myeloid",TRUE
0.870100971074457,1.95448573096731,0.002,0.002,1,"RP11-290F5.2","GSE214411","Myeloid",TRUE
0.870100971074457,-0.134287043988465,0.002,0.002,1,"TMED7-TICAM2","GSE214411","Myeloid",TRUE
0.870100971074457,-0.144839495882138,0.002,0.002,1,"C5orf66","GSE214411","Myeloid",TRUE
0.870100971074457,2.31437130756264,0.002,0.002,1,"FBLL1","GSE214411","Myeloid",TRUE
0.870100971074457,1.06802084648713,0.002,0.002,1,"LINC00997","GSE214411","Myeloid",TRUE
0.870100971074457,0.346271720171918,0.002,0.002,1,"GPR173","GSE214411","Myeloid",TRUE
0.870100971074457,1.52152063105146,0.002,0.002,1,"PI15","GSE214411","Myeloid",TRUE
0.870100971074457,0.0905232836739902,0.002,0.002,1,"RP11-110I1.14","GSE214411","Myeloid",TRUE
0.870100971074457,0.672045977610159,0.002,0.002,1,"CFAP58","GSE214411","Myeloid",TRUE
0.870100971074457,1.2748838213304,0.002,0.002,1,"RP11-651L5.3","GSE214411","Myeloid",TRUE
0.870100971074457,2.41218192444286,0.002,0.002,1,"RGS6","GSE214411","Myeloid",TRUE
0.870100971074457,0.533928209083072,0.002,0.002,1,"RP11-600F24.7","GSE214411","Myeloid",TRUE
0.870100971074457,2.26314156133462,0.002,0.002,1,"FAM81A","GSE214411","Myeloid",TRUE
0.870100971074457,-0.10655997341674,0.002,0.002,1,"RP11-249C24.10","GSE214411","Myeloid",TRUE
0.870100971074457,1.76280495010919,0.002,0.002,1,"AOC2","GSE214411","Myeloid",TRUE
0.870100971074457,0.78748373651359,0.002,0.002,1,"HOXB-AS3","GSE214411","Myeloid",TRUE
0.870100971074457,1.64448426120227,0.002,0.002,1,"ITGA3","GSE214411","Myeloid",TRUE
0.870100971074457,0.559045797235086,0.002,0.002,1,"TBX2-AS1","GSE214411","Myeloid",TRUE
0.870100971074457,-0.0194837574751823,0.002,0.002,1,"C17orf99","GSE214411","Myeloid",TRUE
0.870100971074457,2.49082933801852,0.002,0.002,1,"GATA6","GSE214411","Myeloid",TRUE
0.870100971074457,1.39743464593071,0.002,0.002,1,"ZNF521","GSE214411","Myeloid",TRUE
0.870100971074457,-0.0425529107713878,0.002,0.002,1,"RP5-967N21.11","GSE214411","Myeloid",TRUE
0.870100971074457,1.54636961605208,0.002,0.002,1,"CST4","GSE214411","Myeloid",TRUE
0.870100971074457,1.35956552993512,0.002,0.002,1,"PCP2","GSE214411","Myeloid",TRUE
0.870100971074457,0.974779935707737,0.002,0.002,1,"CTB-92J24.3","GSE214411","Myeloid",TRUE
0.870174022687792,1.05554940432748,0.013,0.013,1,"TRBC1","GSE214411","Myeloid",TRUE
0.870223399205408,0.108180389052193,0.303,0.297,1,"AKIRIN2","GSE214411","Myeloid",TRUE
0.870268753567044,0.880568402199747,0.024,0.025,1,"LRWD1","GSE214411","Myeloid",TRUE
0.870345190876537,3.09283530004963,0.004,0.003,1,"NR5A2","GSE214411","Myeloid",TRUE
0.870345190876537,3.09756311372182,0.004,0.003,1,"MYO7B","GSE214411","Myeloid",TRUE
0.870345190876537,1.82128311129825,0.004,0.003,1,"SH2D4A","GSE214411","Myeloid",TRUE
0.870345190876537,0.50354801929484,0.004,0.003,1,"ADAM32","GSE214411","Myeloid",TRUE
0.870345190876537,1.660582280755,0.004,0.003,1,"KCTD14","GSE214411","Myeloid",TRUE
0.870345190876537,0.309500364747771,0.004,0.003,1,"MAPK11","GSE214411","Myeloid",TRUE
0.870345190876537,1.04959143500334,0.004,0.003,1,"ADAMTS5","GSE214411","Myeloid",TRUE
0.870407867005652,0.115645070754631,0.447,0.436,1,"ERH","GSE214411","Myeloid",TRUE
0.870460435320265,0.33964929607087,0.042,0.043,1,"MMS19","GSE214411","Myeloid",TRUE
0.870675290369507,-1.32320063615982,0.01,0.011,1,"ZNF213-AS1","GSE214411","Myeloid",TRUE
0.870699232616563,0.623666510357797,0.111,0.107,1,"RNF44","GSE214411","Myeloid",TRUE
0.870869660531012,0.956605039846342,0.002,0.002,1,"TTLL10","GSE214411","Myeloid",TRUE
0.870869660531012,0.0646880714100355,0.002,0.002,1,"RWDD3","GSE214411","Myeloid",TRUE
0.870869660531012,0.680820870213227,0.002,0.002,1,"RP4-666F24.3","GSE214411","Myeloid",TRUE
0.870869660531012,1.98137270697208,0.002,0.002,1,"PEAR1","GSE214411","Myeloid",TRUE
0.870869660531012,3.01518249690031,0.002,0.002,1,"NFASC","GSE214411","Myeloid",TRUE
0.870869660531012,0.0254641062948426,0.002,0.002,1,"RP11-169K17.3","GSE214411","Myeloid",TRUE
0.870869660531012,2.71522815704608,0.002,0.002,1,"CELSR3","GSE214411","Myeloid",TRUE
0.870869660531012,1.84891097198881,0.002,0.002,1,"PPP2R2B","GSE214411","Myeloid",TRUE
0.870869660531012,2.20771797164518,0.002,0.002,1,"PRSS16","GSE214411","Myeloid",TRUE
0.870869660531012,2.58684588529915,0.002,0.002,1,"HCG14","GSE214411","Myeloid",TRUE
0.870869660531012,1.47042758213467,0.002,0.002,1,"RP11-306G20.1","GSE214411","Myeloid",TRUE
0.870869660531012,0.121127941623579,0.002,0.002,1,"IL9R","GSE214411","Myeloid",TRUE
0.870869660531012,6.85430701672054,0.002,0.002,1,"DEFA3","GSE214411","Myeloid",TRUE
0.870869660531012,1.41676279354513,0.002,0.002,1,"MAPK15","GSE214411","Myeloid",TRUE
0.870869660531012,0.251282525398507,0.002,0.002,1,"CCND2-AS1","GSE214411","Myeloid",TRUE
0.870869660531012,1.64549392996068,0.002,0.002,1,"RP11-463O12.3","GSE214411","Myeloid",TRUE
0.870869660531012,0.319768488820049,0.002,0.002,1,"FOXN3-AS2","GSE214411","Myeloid",TRUE
0.870869660531012,0.552369236561681,0.002,0.002,1,"CRYM-AS1","GSE214411","Myeloid",TRUE
0.870869660531012,0.0723553178741945,0.002,0.002,1,"PRR29","GSE214411","Myeloid",TRUE
0.870926707887722,1.27388795457257,0.004,0.003,1,"CTD-3025N20.3","GSE214411","Myeloid",TRUE
0.870926707887722,0.887538521181652,0.004,0.003,1,"MYBPC3","GSE214411","Myeloid",TRUE
0.870926707887722,1.41173333454987,0.004,0.003,1,"RHOD","GSE214411","Myeloid",TRUE
0.870926707887722,-0.209977831818473,0.004,0.003,1,"LINC01270","GSE214411","Myeloid",TRUE
0.870926707887722,1.49657358172404,0.004,0.003,1,"PLIN4","GSE214411","Myeloid",TRUE
0.870968214559904,-0.0777054752314731,0.322,0.303,1,"ANXA7","GSE214411","Myeloid",TRUE
0.871073412430567,-0.535361458450218,0.008,0.007,1,"C2orf81","GSE214411","Myeloid",TRUE
0.871116010856427,0.334238734725457,0.029,0.028,1,"SHQ1","GSE214411","Myeloid",TRUE
0.871154113569812,0.540890071485341,0.038,0.036,1,"FXR2","GSE214411","Myeloid",TRUE
0.87134911486898,0.340572083891263,0.01,0.011,1,"ADAM33","GSE214411","Myeloid",TRUE
0.871458943853229,0.693446895448155,0.008,0.007,1,"XKR6","GSE214411","Myeloid",TRUE
0.871508294685748,1.46460986521343,0.004,0.003,1,"AGMAT","GSE214411","Myeloid",TRUE
0.871508294685748,2.06720694392639,0.004,0.003,1,"LINC00265","GSE214411","Myeloid",TRUE
0.871508294685748,2.02957339556588,0.004,0.003,1,"SAA1","GSE214411","Myeloid",TRUE
0.871508294685748,0.101890520244227,0.004,0.003,1,"RP11-22P6.2","GSE214411","Myeloid",TRUE
0.871508294685748,0.330970006504941,0.004,0.003,1,"ZFP57","GSE214411","Myeloid",TRUE
0.871844505817548,-0.68470816563217,0.008,0.007,1,"CTB-113P19.5","GSE214411","Myeloid",TRUE
0.87192077308968,0.472486874750516,0.181,0.183,1,"CASC4","GSE214411","Myeloid",TRUE
0.871959426543662,1.61580875794822,0.013,0.013,1,"ANO1","GSE214411","Myeloid",TRUE
0.871961723882485,0.518463667954868,0.13,0.131,1,"PEF1","GSE214411","Myeloid",TRUE
0.872089950961719,0.0767343561904275,0.004,0.003,1,"RGS5.1","GSE214411","Myeloid",TRUE
0.872089950961719,1.87504586168907,0.004,0.003,1,"ARF4-AS1","GSE214411","Myeloid",TRUE
0.872089950961719,0.33168470401747,0.004,0.003,1,"BOC","GSE214411","Myeloid",TRUE
0.872089950961719,0.145214796894297,0.004,0.003,1,"COL11A2","GSE214411","Myeloid",TRUE
0.872089950961719,0.277364600507289,0.004,0.003,1,"AC093627.9","GSE214411","Myeloid",TRUE
0.872089950961719,2.08305193468081,0.004,0.003,1,"RP11-760H22.2","GSE214411","Myeloid",TRUE
0.872089950961719,0.748895961335693,0.004,0.003,1,"BSPRY","GSE214411","Myeloid",TRUE
0.872089950961719,1.79036214734892,0.004,0.003,1,"CCDC183","GSE214411","Myeloid",TRUE
0.872089950961719,2.18951985548594,0.004,0.003,1,"RP11-702H23.6","GSE214411","Myeloid",TRUE
0.872089950961719,0.309839862857769,0.004,0.003,1,"TAS2R30","GSE214411","Myeloid",TRUE
0.872089950961719,0.0675044063060204,0.004,0.003,1,"RP11-173P15.3","GSE214411","Myeloid",TRUE
0.872089950961719,-1.57344574228279,0.004,0.003,1,"CTD-2017C7.1","GSE214411","Myeloid",TRUE
0.872089950961719,-0.089987433454553,0.004,0.003,1,"RP11-42I10.1","GSE214411","Myeloid",TRUE
0.872090134191431,0.306277012768075,0.214,0.209,1,"PPP2R2A","GSE214411","Myeloid",TRUE
0.872166378127287,0.455302557711559,0.083,0.079,1,"BEST1","GSE214411","Myeloid",TRUE
0.872278698018719,-0.156879120251305,0.049,0.05,1,"ANKRD13C","GSE214411","Myeloid",TRUE
0.872312242817369,0.181044538058632,0.133,0.128,1,"TLK1","GSE214411","Myeloid",TRUE
0.872313072659966,0.0354667065158227,0.098,0.099,1,"RFX1","GSE214411","Myeloid",TRUE
0.872360026564595,-0.184322810587688,0.01,0.011,1,"JAM2","GSE214411","Myeloid",TRUE
0.872426742792142,0.448907684102098,0.114,0.117,1,"RASA2","GSE214411","Myeloid",TRUE
0.872656816254917,-0.112267231999219,0.098,0.097,1,"CIC","GSE214411","Myeloid",TRUE
0.872671676406628,1.0163771879649,0.004,0.003,1,"RP5-1074L1.4","GSE214411","Myeloid",TRUE
0.872671676406628,-0.102146106277634,0.004,0.003,1,"PLA2R1","GSE214411","Myeloid",TRUE
0.872671676406628,-0.59580585213111,0.004,0.003,1,"MSS51","GSE214411","Myeloid",TRUE
0.872671676406628,-0.849743441809876,0.004,0.003,1,"SLC51B","GSE214411","Myeloid",TRUE
0.872671676406628,-0.00158208502871027,0.004,0.003,1,"RP11-15A1.3","GSE214411","Myeloid",TRUE
0.872671676406628,0.385268676690903,0.004,0.003,1,"SPACA6P-AS","GSE214411","Myeloid",TRUE
0.873113925036964,-0.153493788236618,0.057,0.057,1,"FCHO1","GSE214411","Myeloid",TRUE
0.873253470711356,-0.508130006558905,0.004,0.003,1,"EDARADD","GSE214411","Myeloid",TRUE
0.873253470711356,0.521363301354753,0.004,0.003,1,"RP11-385F5.5","GSE214411","Myeloid",TRUE
0.873253470711356,-0.22311791446063,0.004,0.003,1,"ZNF483","GSE214411","Myeloid",TRUE
0.873253470711356,-0.135681547240114,0.004,0.003,1,"RP4-607I7.1","GSE214411","Myeloid",TRUE
0.873253470711356,-1.27343828190148,0.004,0.003,1,"VSIG2","GSE214411","Myeloid",TRUE
0.873253470711356,1.64973936201396,0.004,0.003,1,"AC006116.17","GSE214411","Myeloid",TRUE
0.873713930132014,-0.560956662970755,0.114,0.112,1,"ZSCAN16-AS1","GSE214411","Myeloid",TRUE
0.87383533356667,1.1656000903076,0.004,0.003,1,"RP11-378J18.8","GSE214411","Myeloid",TRUE
0.87383533356667,-0.812432040469907,0.004,0.003,1,"AC092835.2","GSE214411","Myeloid",TRUE
0.87383533356667,-1.66345353142601,0.004,0.003,1,"PTGDR2","GSE214411","Myeloid",TRUE
0.87383533356667,-0.777210735773293,0.004,0.003,1,"RP11-182J1.3","GSE214411","Myeloid",TRUE
0.87383533356667,-0.467303931860471,0.004,0.003,1,"RP11-158M2.3","GSE214411","Myeloid",TRUE
0.87383533356667,-0.561789436838787,0.004,0.003,1,"RP11-264B17.4","GSE214411","Myeloid",TRUE
0.87383533356667,-0.297240982122324,0.004,0.003,1,"U2AF1L5","GSE214411","Myeloid",TRUE
0.873850023863514,-0.311677830452037,0.115,0.11,1,"LTV1","GSE214411","Myeloid",TRUE
0.873893454015382,0.131038993786904,0.499,0.49,1,"RAP1A","GSE214411","Myeloid",TRUE
0.873930411522706,0.0774400790028493,0.074,0.074,1,"ZEB2-AS1","GSE214411","Myeloid",TRUE
0.874382473813493,-0.0437553725183415,0.01,0.011,1,"AC004893.11","GSE214411","Myeloid",TRUE
0.874417264663227,-0.310386387719367,0.004,0.003,1,"ERICH5","GSE214411","Myeloid",TRUE
0.874417264663227,-2.28042664803486,0.004,0.003,1,"CAPN5","GSE214411","Myeloid",TRUE
0.874638753071819,1.1773637921838,0.013,0.013,1,"EFNA1","GSE214411","Myeloid",TRUE
0.874876534611117,-0.441176912517614,0.035,0.036,1,"FGFR1","GSE214411","Myeloid",TRUE
0.874999263691575,-0.727885503318705,0.004,0.003,1,"DPYSL4","GSE214411","Myeloid",TRUE
0.874999263691575,-0.981126787564671,0.004,0.003,1,"RP3-449M8.9","GSE214411","Myeloid",TRUE
0.874999263691575,-0.156921888732361,0.004,0.003,1,"DMC1","GSE214411","Myeloid",TRUE
0.875176005522458,1.12186321804836,0.023,0.024,1,"PRUNE","GSE214411","Myeloid",TRUE
0.875183407616789,0.168342347915922,0.157,0.151,1,"DVL3","GSE214411","Myeloid",TRUE
0.875224756241612,-0.620867733832332,0.016,0.017,1,"ACBD4","GSE214411","Myeloid",TRUE
0.875318537442357,0.891943737694526,0.201,0.201,1,"USP10","GSE214411","Myeloid",TRUE
0.87533473364365,-0.315794773219498,0.151,0.149,1,"PRAM1","GSE214411","Myeloid",TRUE
0.87558133034215,-2.57911311935321,0.004,0.003,1,"PTPRU","GSE214411","Myeloid",TRUE
0.87558133034215,-2.41890713665132,0.004,0.003,1,"HNF1B","GSE214411","Myeloid",TRUE
0.87558133034215,-1.4973235629158,0.004,0.003,1,"SLC2A10","GSE214411","Myeloid",TRUE
0.87558133034215,-0.534610717186695,0.004,0.003,1,"HTR3A","GSE214411","Myeloid",TRUE
0.875582693902829,-0.137225881065044,0.03,0.031,1,"TASP1","GSE214411","Myeloid",TRUE
0.875618565241087,0.176167385883572,0.029,0.03,1,"CNFN","GSE214411","Myeloid",TRUE
0.875620551697739,0.722543958153829,0.023,0.024,1,"LINC01410","GSE214411","Myeloid",TRUE
0.875912119314752,-0.218090416216127,0.102,0.102,1,"AGO1","GSE214411","Myeloid",TRUE
0.876257250159518,-0.279627319785276,0.325,0.314,1,"ILF2","GSE214411","Myeloid",TRUE
0.876296127145098,0.0824773737325355,0.1,0.101,1,"DOPEY2","GSE214411","Myeloid",TRUE
0.876425771536046,-0.00457914982610319,0.013,0.013,1,"ZNF202","GSE214411","Myeloid",TRUE
0.876494536672927,0.376470481885748,0.065,0.062,1,"UIMC1","GSE214411","Myeloid",TRUE
0.876496238500872,0.116460631783913,0.215,0.213,1,"ACBD3","GSE214411","Myeloid",TRUE
0.876756464313961,0.108495311093404,0.414,0.399,1,"FLOT1","GSE214411","Myeloid",TRUE
0.876770548216584,0.655539875848122,0.019,0.018,1,"RP11-345J4.5","GSE214411","Myeloid",TRUE
0.877080344983377,0.908119959698897,0.01,0.011,1,"GPC1","GSE214411","Myeloid",TRUE
0.877080344983377,0.261746610703561,0.01,0.011,1,"NR2F1","GSE214411","Myeloid",TRUE
0.877324388434703,0.200860442168391,0.195,0.186,1,"ATG12","GSE214411","Myeloid",TRUE
0.877761700773398,0.607673693163797,0.034,0.033,1,"KIZ","GSE214411","Myeloid",TRUE
0.87786834922637,0.0370268543065646,0.081,0.082,1,"MRPL10","GSE214411","Myeloid",TRUE
0.878061229614711,0.116818652474505,0.09,0.087,1,"VPS37C","GSE214411","Myeloid",TRUE
0.878214245940351,0.0930810991508846,0.061,0.059,1,"COPS7B","GSE214411","Myeloid",TRUE
0.878237684442807,-0.138004810437359,0.029,0.03,1,"BPNT1","GSE214411","Myeloid",TRUE
0.87851941986909,-0.349330847443866,0.038,0.036,1,"WDSUB1","GSE214411","Myeloid",TRUE
0.878570452598105,0.147277818682935,0.208,0.198,1,"SEL1L","GSE214411","Myeloid",TRUE
0.879069652429587,0.139610781223526,0.35,0.35,1,"GTF2B","GSE214411","Myeloid",TRUE
0.879649373759665,0.304998421469748,0.031,0.033,1,"CROT","GSE214411","Myeloid",TRUE
0.880227314378924,0.257242806069359,0.198,0.198,1,"ACO2","GSE214411","Myeloid",TRUE
0.880299794738058,0.562906026399058,0.013,0.013,1,"INTU","GSE214411","Myeloid",TRUE
0.880321886006113,-0.0103242937633475,0.342,0.326,1,"RAD23A","GSE214411","Myeloid",TRUE
0.880396986372295,0.164115267677243,0.031,0.032,1,"BRPF3","GSE214411","Myeloid",TRUE
0.880544529285044,0.220947314672675,0.016,0.017,1,"DEGS2","GSE214411","Myeloid",TRUE
0.880581975598585,0.0666811022088347,0.082,0.079,1,"ATN1","GSE214411","Myeloid",TRUE
0.880804838206888,0.211972845621268,0.088,0.089,1,"SLC30A9","GSE214411","Myeloid",TRUE
0.880872523271047,-0.259738088294255,0.111,0.111,1,"TTC7A","GSE214411","Myeloid",TRUE
0.881052790690254,0.810501459150298,0.019,0.018,1,"MEX3D","GSE214411","Myeloid",TRUE
0.881143693841208,-0.00998654195283266,0.166,0.167,1,"RC3H1","GSE214411","Myeloid",TRUE
0.881229871918755,-0.194345493228709,0.041,0.042,1,"SLC9A6","GSE214411","Myeloid",TRUE
0.881314558796441,0.16592272498232,0.482,0.487,1,"GPBP1","GSE214411","Myeloid",TRUE
0.881492382910374,0.315601530442643,0.013,0.013,1,"SLC22A4","GSE214411","Myeloid",TRUE
0.881662753537979,-0.0537389327139315,0.029,0.028,1,"CNNM4","GSE214411","Myeloid",TRUE
0.881700369305454,-0.11402089944533,0.07,0.067,1,"METTL22","GSE214411","Myeloid",TRUE
0.881702116708825,0.0428087126730472,0.116,0.115,1,"ITGB7","GSE214411","Myeloid",TRUE
0.881708753850938,0.132535754436887,0.023,0.022,1,"CCDC144A","GSE214411","Myeloid",TRUE
0.881938474699074,-0.0107747651637812,0.42,0.409,1,"RHEB","GSE214411","Myeloid",TRUE
0.88208877795101,0.473748235299164,0.013,0.013,1,"ZNF440","GSE214411","Myeloid",TRUE
0.882293376891361,1.78021848871018,0.023,0.024,1,"SIRPB2","GSE214411","Myeloid",TRUE
0.882480342504925,1.17451075639157,0.01,0.011,1,"DAPL1","GSE214411","Myeloid",TRUE
0.883625129450314,0.19066202881189,0.058,0.058,1,"PROSER1","GSE214411","Myeloid",TRUE
0.883768825278141,-0.323606695312888,0.194,0.19,1,"AATF","GSE214411","Myeloid",TRUE
0.883983819094908,0.00338170952404204,0.166,0.163,1,"PSTPIP2","GSE214411","Myeloid",TRUE
0.884664300040182,0.139596470483904,0.341,0.344,1,"SLC38A2","GSE214411","Myeloid",TRUE
0.884704378350589,0.163239977984074,0.317,0.312,1,"ASAP1","GSE214411","Myeloid",TRUE
0.884900287109677,0.106161140217288,0.075,0.073,1,"TMEM39A","GSE214411","Myeloid",TRUE
0.885093920579485,0.247351722009949,0.029,0.03,1,"KBTBD3","GSE214411","Myeloid",TRUE
0.885241345511922,0.254409514964119,0.056,0.054,1,"PUS1","GSE214411","Myeloid",TRUE
0.885834870819699,-0.399937501346562,0.113,0.113,1,"NMD3","GSE214411","Myeloid",TRUE
0.885869698556598,-1.46212731056552,0.016,0.017,1,"RP11-884K10.7","GSE214411","Myeloid",TRUE
0.885966960502116,0.402347010760233,0.013,0.013,1,"TBC1D32","GSE214411","Myeloid",TRUE
0.886136094420421,-0.955809933961686,0.016,0.017,1,"DNAJC3-AS1","GSE214411","Myeloid",TRUE
0.886194746647222,0.0109982921641038,0.297,0.285,1,"PLIN3","GSE214411","Myeloid",TRUE
0.886523855308303,-0.537507944348994,0.023,0.024,1,"C1orf216","GSE214411","Myeloid",TRUE
0.886562581963124,0.170292200470169,0.242,0.236,1,"ANXA4","GSE214411","Myeloid",TRUE
0.8869353591021,-0.36486018080552,0.016,0.017,1,"SCLY","GSE214411","Myeloid",TRUE
0.887096810799936,0.551884707233244,0.047,0.048,1,"C7orf60","GSE214411","Myeloid",TRUE
0.887438385692842,0.275794118385241,0.036,0.035,1,"SYNE2","GSE214411","Myeloid",TRUE
0.887608282385089,-0.352027004725977,0.132,0.129,1,"HDAC3","GSE214411","Myeloid",TRUE
0.888534232698029,-0.1682389665985,0.016,0.017,1,"CH507-9B2.9","GSE214411","Myeloid",TRUE
0.888721533641997,0.331475124943248,0.034,0.035,1,"DTWD2","GSE214411","Myeloid",TRUE
0.88873530332612,0.0982509760842367,0.213,0.206,1,"RAB6A","GSE214411","Myeloid",TRUE
0.889081501518449,-0.276968144843778,0.177,0.169,1,"COMMD10","GSE214411","Myeloid",TRUE
0.889135345383318,-0.713590455466127,0.027,0.028,1,"RP5-1065J22.8","GSE214411","Myeloid",TRUE
0.889399479780398,0.874810617323934,0.042,0.043,1,"MICB","GSE214411","Myeloid",TRUE
0.889894324441818,0.281192029711631,0.152,0.147,1,"GARS","GSE214411","Myeloid",TRUE
0.890544637375888,-0.0524660139473307,0.217,0.213,1,"WBP11","GSE214411","Myeloid",TRUE
0.89068736977359,-0.17510397985456,0.022,0.023,1,"RP11-350G8.5","GSE214411","Myeloid",TRUE
0.890849523960428,0.558456611114575,0.259,0.257,1,"HSPA6","GSE214411","Myeloid",TRUE
0.891035405988297,-0.151063673870912,0.116,0.114,1,"DCTN1","GSE214411","Myeloid",TRUE
0.891093674680167,-0.123306293477403,0.058,0.059,1,"KCTD17","GSE214411","Myeloid",TRUE
0.891409015223025,0.00413923420410356,0.029,0.028,1,"EXOC6B","GSE214411","Myeloid",TRUE
0.891684331450145,0.22707801822305,0.287,0.278,1,"SEC31A","GSE214411","Myeloid",TRUE
0.891796821667934,0.176602973722211,0.037,0.038,1,"CDADC1","GSE214411","Myeloid",TRUE
0.891949863680934,-0.314311144583938,0.076,0.074,1,"PIGK","GSE214411","Myeloid",TRUE
0.891996684277349,-1.40234524169429,0.009,0.01,1,"RALGPS1","GSE214411","Myeloid",TRUE
0.892074297129162,0.308004509832589,0.18,0.174,1,"RHBDF2","GSE214411","Myeloid",TRUE
0.892206667508112,-0.132754955300245,0.024,0.023,1,"SEPT10","GSE214411","Myeloid",TRUE
0.892352129684565,0.0241683657086256,0.009,0.01,1,"NRXN2","GSE214411","Myeloid",TRUE
0.892352129684565,-1.24713550705893,0.009,0.01,1,"CTD-2369P2.10","GSE214411","Myeloid",TRUE
0.892358826160794,0.505945993810713,0.088,0.09,1,"ZNF335","GSE214411","Myeloid",TRUE
0.892699624553293,0.244584184650721,0.04,0.038,1,"TMEM52B","GSE214411","Myeloid",TRUE
0.892706920107823,0.484890368270139,0.047,0.048,1,"PUSL1","GSE214411","Myeloid",TRUE
0.893063085309763,-1.22436718785313,0.009,0.01,1,"LRP6","GSE214411","Myeloid",TRUE
0.89330408659551,-0.441734615692728,0.023,0.022,1,"EME2","GSE214411","Myeloid",TRUE
0.893558428038034,-0.326645763570768,0.141,0.133,1,"COPS8","GSE214411","Myeloid",TRUE
0.893600294477292,-0.22828853064327,0.016,0.017,1,"SGCB","GSE214411","Myeloid",TRUE
0.89360386181321,-0.445840531723596,0.034,0.033,1,"DGKQ","GSE214411","Myeloid",TRUE
0.893691970240078,-0.0490554336762086,0.187,0.178,1,"SMARCB1","GSE214411","Myeloid",TRUE
0.89375367627308,-0.765872513869755,0.093,0.092,1,"MARCO","GSE214411","Myeloid",TRUE
0.893757591316136,0.562545895133492,0.367,0.364,1,"SNX10","GSE214411","Myeloid",TRUE
0.893960822002868,0.110018301333111,0.128,0.123,1,"SNRK","GSE214411","Myeloid",TRUE
0.89417670941046,0.671166838377274,0.337,0.332,1,"CTD-3252C9.4","GSE214411","Myeloid",TRUE
0.894414306356153,0.29064397146345,0.328,0.318,1,"PHF20","GSE214411","Myeloid",TRUE
0.894485253827607,-0.238855107911592,0.009,0.01,1,"SH3BP5-AS1","GSE214411","Myeloid",TRUE
0.8947836162312,-0.518696388281643,0.022,0.023,1,"BCL2L2","GSE214411","Myeloid",TRUE
0.895391879185222,-0.086135605209018,0.268,0.261,1,"TMEM256","GSE214411","Myeloid",TRUE
0.895544544069473,0.776498422106321,0.103,0.101,1,"PLEKHM1","GSE214411","Myeloid",TRUE
0.896170349616081,-0.67502593371783,0.015,0.016,1,"STAG3","GSE214411","Myeloid",TRUE
0.896263441027178,-0.246372215912699,0.009,0.01,1,"WT1","GSE214411","Myeloid",TRUE
0.896379249844328,-0.845691898515669,0.038,0.038,1,"SFMBT1","GSE214411","Myeloid",TRUE
0.896974862354674,1.82903188998385,0.009,0.01,1,"OMG","GSE214411","Myeloid",TRUE
0.897246188619827,0.659023614936021,0.014,0.014,1,"PC","GSE214411","Myeloid",TRUE
0.897534850383904,0.765436364298378,0.014,0.014,1,"FANCE","GSE214411","Myeloid",TRUE
0.897603933494022,0.328910681719676,0.221,0.216,1,"CWC25","GSE214411","Myeloid",TRUE
0.897664380062624,0.883890705183858,0.009,0.008,1,"UBAC2-AS1","GSE214411","Myeloid",TRUE
0.897686366518405,0.541560665046096,0.009,0.01,1,"TCF7L1","GSE214411","Myeloid",TRUE
0.897858957426843,0.215863155412502,0.121,0.12,1,"KCTD5","GSE214411","Myeloid",TRUE
0.898397952952663,0.785919786649013,0.009,0.01,1,"RP11-817O13.8","GSE214411","Myeloid",TRUE
0.898700217291924,-0.27858789669306,0.022,0.022,1,"RP11-876N24.4","GSE214411","Myeloid",TRUE
0.898832041854153,0.456999426400998,0.054,0.052,1,"MYO15B","GSE214411","Myeloid",TRUE
0.899109621091545,0.91755592829283,0.009,0.01,1,"ITGA1","GSE214411","Myeloid",TRUE
0.899126278036979,0.191269803887473,0.009,0.008,1,"CTD-2260A17.1","GSE214411","Myeloid",TRUE
0.899126278036979,-0.268917093424756,0.009,0.008,1,"FAM127C","GSE214411","Myeloid",TRUE
0.899245151474044,-0.0109080064490192,0.765,0.881,1,"RPL10A","GSE214411","Myeloid",TRUE
0.89950379411447,-0.241770784627548,0.077,0.077,1,"SCAF1","GSE214411","Myeloid",TRUE
0.899604362951064,-0.486624405087333,0.137,0.136,1,"MAEA","GSE214411","Myeloid",TRUE
0.899821370368947,1.19012388043151,0.009,0.01,1,"HOXB8","GSE214411","Myeloid",TRUE
0.899857355716622,0.208378310067189,0.009,0.008,1,"MMP17","GSE214411","Myeloid",TRUE
0.90058851837305,0.150823624163518,0.009,0.008,1,"BMPR1B","GSE214411","Myeloid",TRUE
0.900889145180946,1.76700316463691,0.009,0.01,1,"TMEM182","GSE214411","Myeloid",TRUE
0.901048821986256,0.64173611341518,0.193,0.189,1,"SSH2","GSE214411","Myeloid",TRUE
0.901070575079378,-0.165233954107392,0.108,0.104,1,"MED1","GSE214411","Myeloid",TRUE
0.90122202243348,0.581524113296409,0.154,0.153,1,"EBNA1BP2","GSE214411","Myeloid",TRUE
0.901396503882826,-1.10653584070674,0.015,0.016,1,"ZNF627","GSE214411","Myeloid",TRUE
0.901668596229882,0.190587980738183,0.156,0.156,1,"PLEKHA3","GSE214411","Myeloid",TRUE
0.902772527722261,-0.888949686558769,0.015,0.016,1,"KCNK17","GSE214411","Myeloid",TRUE
0.902946297426316,-0.080658737016007,0.13,0.131,1,"OSCAR","GSE214411","Myeloid",TRUE
0.903478065923482,1.62617612338244,0.016,0.017,1,"IGFBP6","GSE214411","Myeloid",TRUE
0.903496414271946,0.407511483003656,0.125,0.121,1,"KIAA0430","GSE214411","Myeloid",TRUE
0.903747568606237,-0.264472414132778,0.085,0.086,1,"CALHM2","GSE214411","Myeloid",TRUE
0.903858894614959,0.632857640531755,0.037,0.036,1,"CC2D1B","GSE214411","Myeloid",TRUE
0.903908924507882,-0.0511735020749828,0.161,0.154,1,"AP2A1","GSE214411","Myeloid",TRUE
0.904103643461298,0.582958818620984,0.047,0.048,1,"POLA2","GSE214411","Myeloid",TRUE
0.904430543075652,0.169413849541564,0.02,0.019,1,"BOLA2B","GSE214411","Myeloid",TRUE
0.904699450954787,0.178865897715524,0.015,0.016,1,"PLVAP","GSE214411","Myeloid",TRUE
0.904755703530868,1.27444317909352,0.014,0.014,1,"CASP5","GSE214411","Myeloid",TRUE
0.90511113949164,0.027064736651075,0.079,0.079,1,"CIZ1","GSE214411","Myeloid",TRUE
0.905608449807561,0.179561814258539,0.481,0.482,1,"GNB1","GSE214411","Myeloid",TRUE
0.906343939783382,-0.521520680325774,0.059,0.06,1,"TTLL4","GSE214411","Myeloid",TRUE
0.906392345443534,-0.0658605625731337,0.207,0.197,1,"HK1","GSE214411","Myeloid",TRUE
0.906633778652953,0.387690379506644,0.136,0.136,1,"EBP","GSE214411","Myeloid",TRUE
0.906806745080303,1.46606709990105,0.009,0.008,1,"LINC01137","GSE214411","Myeloid",TRUE
0.906860683091809,0.588655638132507,0.022,0.023,1,"DMKN","GSE214411","Myeloid",TRUE
0.906910699209843,-0.361696352227837,0.027,0.028,1,"BBS10","GSE214411","Myeloid",TRUE
0.906963940162141,-0.101041349561458,0.065,0.062,1,"CALCOCO1","GSE214411","Myeloid",TRUE
0.907068601974757,0.0391279091021155,0.073,0.071,1,"FAM53B","GSE214411","Myeloid",TRUE
0.907167427079374,-0.292334696892564,0.001,0.001,1,"AKR7A3","GSE214411","Myeloid",TRUE
0.907167427079374,-0.592939148233945,0.001,0.001,1,"CD164L2","GSE214411","Myeloid",TRUE
0.907167427079374,-0.392604111318091,0.001,0.001,1,"RP1-159A19.4","GSE214411","Myeloid",TRUE
0.907167427079374,-0.494632152502772,0.001,0.001,1,"ARTN","GSE214411","Myeloid",TRUE
0.907167427079374,-3.20473992323148,0.001,0.001,1,"RP4-533D7.5","GSE214411","Myeloid",TRUE
0.907167427079374,-1.03494921111159,0.001,0.001,1,"RP4-794H19.1","GSE214411","Myeloid",TRUE
0.907167427079374,-0.691842679134092,0.001,0.001,1,"RPE65","GSE214411","Myeloid",TRUE
0.907167427079374,-1.02858242358971,0.001,0.001,1,"AMIGO1","GSE214411","Myeloid",TRUE
0.907167427079374,-0.408498181527991,0.001,0.001,1,"RP11-114O18.1","GSE214411","Myeloid",TRUE
0.907167427079374,-0.612503610906867,0.001,0.001,1,"RP11-344P13.6","GSE214411","Myeloid",TRUE
0.907167427079374,-2.78179349937063,0.001,0.001,1,"DCST2","GSE214411","Myeloid",TRUE
0.907167427079374,-0.492421290175622,0.001,0.001,1,"PMF1-BGLAP","GSE214411","Myeloid",TRUE
0.907167427079374,-0.51398647442114,0.001,0.001,1,"RP1-206D15.6","GSE214411","Myeloid",TRUE
0.907167427079374,-0.760236926966327,0.001,0.001,1,"RP11-160H22.5","GSE214411","Myeloid",TRUE
0.907167427079374,-0.287691290097882,0.001,0.001,1,"RP11-569A11.1","GSE214411","Myeloid",TRUE
0.907167427079374,-1.23307613613874,0.001,0.001,1,"LINC01132","GSE214411","Myeloid",TRUE
0.907167427079374,-0.48733102150932,0.001,0.001,1,"RP11-439E19.10","GSE214411","Myeloid",TRUE
0.907167427079374,-0.494634814785405,0.001,0.001,1,"KCNF1","GSE214411","Myeloid",TRUE
0.907167427079374,-1.16817632166446,0.001,0.001,1,"MIR3681HG","GSE214411","Myeloid",TRUE
0.907167427079374,-0.477567629608268,0.001,0.001,1,"RP11-130L8.1","GSE214411","Myeloid",TRUE
0.907167427079374,-3.35821241899929,0.001,0.001,1,"ASPRV1","GSE214411","Myeloid",TRUE
0.907167427079374,-2.04425941048855,0.001,0.001,1,"KCNIP3","GSE214411","Myeloid",TRUE
0.907167427079374,-0.540281919282025,0.001,0.001,1,"C2orf15","GSE214411","Myeloid",TRUE
0.907167427079374,-0.938371083093369,0.001,0.001,1,"AC010976.2","GSE214411","Myeloid",TRUE
0.907167427079374,-0.452221952223457,0.001,0.001,1,"LRP1B","GSE214411","Myeloid",TRUE
0.907167427079374,-3.13241259591393,0.001,0.001,1,"LINC01124","GSE214411","Myeloid",TRUE
0.907167427079374,-1.99159491214106,0.001,0.001,1,"GAD1","GSE214411","Myeloid",TRUE
0.907167427079374,-0.7802063262729,0.001,0.001,1,"AC005037.3","GSE214411","Myeloid",TRUE
0.907167427079374,-0.527895728629296,0.001,0.001,1,"ALS2CR12","GSE214411","Myeloid",TRUE
0.907167427079374,-0.565724416876904,0.001,0.001,1,"AC072062.1","GSE214411","Myeloid",TRUE
0.907167427079374,-0.642504809312555,0.001,0.001,1,"WNT10A","GSE214411","Myeloid",TRUE
0.907167427079374,-0.244813576297474,0.001,0.001,1,"AC133528.2","GSE214411","Myeloid",TRUE
0.907167427079374,-0.252777477082978,0.001,0.001,1,"OXTR","GSE214411","Myeloid",TRUE
0.907167427079374,-0.553904646148654,0.001,0.001,1,"ATP2B2","GSE214411","Myeloid",TRUE
0.907167427079374,-2.48664803432748,0.001,0.001,1,"RARB","GSE214411","Myeloid",TRUE
0.907167427079374,-0.677260740524288,0.001,0.001,1,"RP11-129K12.1","GSE214411","Myeloid",TRUE
0.907167427079374,-0.526042178218828,0.001,0.001,1,"RP11-259K5.2","GSE214411","Myeloid",TRUE
0.907167427079374,-1.20152450204237,0.001,0.001,1,"COL8A1","GSE214411","Myeloid",TRUE
0.907167427079374,-0.904250043888069,0.001,0.001,1,"TRPC1","GSE214411","Myeloid",TRUE
0.907167427079374,-0.703046626309939,0.001,0.001,1,"KCNMB2","GSE214411","Myeloid",TRUE
0.907167427079374,-0.658544725939846,0.001,0.001,1,"GP5","GSE214411","Myeloid",TRUE
0.907167427079374,-0.660389876895549,0.001,0.001,1,"RP11-352G9.1","GSE214411","Myeloid",TRUE
0.907167427079374,-0.753248053021959,0.001,0.001,1,"TM4SF19-AS1","GSE214411","Myeloid",TRUE
0.907167427079374,-3.0787942883927,0.001,0.001,1,"ABLIM2","GSE214411","Myeloid",TRUE
0.907167427079374,-0.526215163772756,0.001,0.001,1,"CPEB2-AS1","GSE214411","Myeloid",TRUE
0.907167427079374,-0.380728379546827,0.001,0.001,1,"RP11-484O2.1","GSE214411","Myeloid",TRUE
0.907167427079374,-1.02925183960654,0.001,0.001,1,"RP11-302F12.10","GSE214411","Myeloid",TRUE
0.907167427079374,-0.498954051635396,0.001,0.001,1,"ARL9","GSE214411","Myeloid",TRUE
0.907167427079374,-0.467007447469431,0.001,0.001,1,"EPHA5","GSE214411","Myeloid",TRUE
0.907167427079374,-0.353897262505686,0.001,0.001,1,"RP11-44F21.5","GSE214411","Myeloid",TRUE
0.907167427079374,-0.540624249810623,0.001,0.001,1,"STBD1","GSE214411","Myeloid",TRUE
0.907167427079374,-0.757838256712221,0.001,0.001,1,"RP11-33B1.4","GSE214411","Myeloid",TRUE
0.907167427079374,-0.473808747215559,0.001,0.001,1,"TTC29","GSE214411","Myeloid",TRUE
0.907167427079374,-0.277707115952227,0.001,0.001,1,"CTD-2083E4.6","GSE214411","Myeloid",TRUE
0.907167427079374,-1.9722050464466,0.001,0.001,1,"CTD-2256P15.1","GSE214411","Myeloid",TRUE
0.907167427079374,-0.442896630500579,0.001,0.001,1,"CTD-2376I4.1","GSE214411","Myeloid",TRUE
0.907167427079374,-3.04466726874696,0.001,0.001,1,"CTD-2235C13.3","GSE214411","Myeloid",TRUE
0.907167427079374,-0.329442955313304,0.001,0.001,1,"CTC-366B18.4","GSE214411","Myeloid",TRUE
0.907167427079374,-0.911186799710462,0.001,0.001,1,"CTD-2236F14.1","GSE214411","Myeloid",TRUE
0.907167427079374,-0.80768188317232,0.001,0.001,1,"CTD-2201I18.1","GSE214411","Myeloid",TRUE
0.907167427079374,-0.763015558850025,0.001,0.001,1,"CTD-2154I11.2","GSE214411","Myeloid",TRUE
0.907167427079374,-0.583528589888051,0.001,0.001,1,"LINC01024","GSE214411","Myeloid",TRUE
0.907167427079374,-2.55631985888107,0.001,0.001,1,"PCDHB2","GSE214411","Myeloid",TRUE
0.907167427079374,-0.901836871171122,0.001,0.001,1,"PCDHB5","GSE214411","Myeloid",TRUE
0.907167427079374,-2.28870534414085,0.001,0.001,1,"PCDHB9","GSE214411","Myeloid",TRUE
0.907167427079374,-3.4034978831273,0.001,0.001,1,"PCDHB15","GSE214411","Myeloid",TRUE
0.907167427079374,-0.630622335120075,0.001,0.001,1,"CTB-47B11.3","GSE214411","Myeloid",TRUE
0.907167427079374,-0.524776066111079,0.001,0.001,1,"RP11-423H2.3","GSE214411","Myeloid",TRUE
0.907167427079374,-2.58345766752603,0.001,0.001,1,"ZFP2","GSE214411","Myeloid",TRUE
0.907167427079374,-0.557847045447547,0.001,0.001,1,"CTC-338M12.6","GSE214411","Myeloid",TRUE
0.907167427079374,-0.239013089595552,0.001,0.001,1,"RP3-500L14.2","GSE214411","Myeloid",TRUE
0.907167427079374,-0.41286167588752,0.001,0.001,1,"HLA-G","GSE214411","Myeloid",TRUE
0.907167427079374,-0.254474602407065,0.001,0.001,1,"PSORS1C2","GSE214411","Myeloid",TRUE
0.907167427079374,-0.572555677082889,0.001,0.001,1,"DDX39B-AS1","GSE214411","Myeloid",TRUE
0.907167427079374,-0.639235700117236,0.001,0.001,1,"RP3-337H4.9","GSE214411","Myeloid",TRUE
0.907167427079374,-0.585377803212758,0.001,0.001,1,"RP1-8B1.4","GSE214411","Myeloid",TRUE
0.907167427079374,-0.858728403363335,0.001,0.001,1,"RP11-134K13.4","GSE214411","Myeloid",TRUE
0.907167427079374,-0.464894749634198,0.001,0.001,1,"CFAP206","GSE214411","Myeloid",TRUE
0.907167427079374,-1.26556101265178,0.001,0.001,1,"RP1-199J3.7","GSE214411","Myeloid",TRUE
0.907167427079374,-2.54049293540031,0.001,0.001,1,"GRIK2","GSE214411","Myeloid",TRUE
0.907167427079374,-0.786718930092526,0.001,0.001,1,"C6orf3","GSE214411","Myeloid",TRUE
0.907167427079374,-0.855515058271695,0.001,0.001,1,"RP3-388E23.2","GSE214411","Myeloid",TRUE
0.907167427079374,-0.937795362822269,0.001,0.001,1,"RP1-292B18.3","GSE214411","Myeloid",TRUE
0.907167427079374,-0.891978302449992,0.001,0.001,1,"RP11-230C9.2","GSE214411","Myeloid",TRUE
0.907167427079374,-0.47502703507376,0.001,0.001,1,"PARK2","GSE214411","Myeloid",TRUE
0.907167427079374,-0.365827409242938,0.001,0.001,1,"THBS2","GSE214411","Myeloid",TRUE
0.907167427079374,-0.357897543341975,0.001,0.001,1,"XX-C2158C12.2","GSE214411","Myeloid",TRUE
0.907167427079374,-0.790197175547799,0.001,0.001,1,"RADIL","GSE214411","Myeloid",TRUE
0.907167427079374,-0.809526741611734,0.001,0.001,1,"CTB-161C1.1","GSE214411","Myeloid",TRUE
0.907167427079374,-0.49529030811116,0.001,0.001,1,"AC009473.1","GSE214411","Myeloid",TRUE
0.907167427079374,-0.428856375038158,0.001,0.001,1,"AC002480.3","GSE214411","Myeloid",TRUE
0.907167427079374,-0.421959552708538,0.001,0.001,1,"AC004540.4","GSE214411","Myeloid",TRUE
0.907167427079374,-0.563748682498925,0.001,0.001,1,"JAZF1-AS1","GSE214411","Myeloid",TRUE
0.907167427079374,-3.51564350047865,0.001,0.001,1,"GCK","GSE214411","Myeloid",TRUE
0.907167427079374,-0.670354573285682,0.001,0.001,1,"SEMA3D","GSE214411","Myeloid",TRUE
0.907167427079374,-0.833160663746776,0.001,0.001,1,"RP11-274B21.9","GSE214411","Myeloid",TRUE
0.907167427079374,-0.600240422571531,0.001,0.001,1,"FAM71F1","GSE214411","Myeloid",TRUE
0.907167427079374,-0.974195448299154,0.001,0.001,1,"FAM131B","GSE214411","Myeloid",TRUE
0.907167427079374,-0.378250134142876,0.001,0.001,1,"RP5-981O7.2","GSE214411","Myeloid",TRUE
0.907167427079374,-1.95930358969101,0.001,0.001,1,"GPR143","GSE214411","Myeloid",TRUE
0.907167427079374,-1.70529935168706,0.001,0.001,1,"CXorf58","GSE214411","Myeloid",TRUE
0.907167427079374,-0.532145947865793,0.001,0.001,1,"GLOD5","GSE214411","Myeloid",TRUE
0.907167427079374,-0.696210790143368,0.001,0.001,1,"SPIN2A","GSE214411","Myeloid",TRUE
0.907167427079374,-3.73730843580168,0.001,0.001,1,"DRP2","GSE214411","Myeloid",TRUE
0.907167427079374,-0.476735735145974,0.001,0.001,1,"MORF4L2-AS1","GSE214411","Myeloid",TRUE
0.907167427079374,-0.541836498117028,0.001,0.001,1,"WI2-80269A6.1","GSE214411","Myeloid",TRUE
0.907167427079374,-0.662785181686905,0.001,0.001,1,"MTCP1","GSE214411","Myeloid",TRUE
0.907167427079374,-0.642833182027266,0.001,0.001,1,"RP11-375N15.2","GSE214411","Myeloid",TRUE
0.907167427079374,-1.68839770520969,0.001,0.001,1,"FGF17","GSE214411","Myeloid",TRUE
0.907167427079374,-0.510071285559645,0.001,0.001,1,"GNRH1","GSE214411","Myeloid",TRUE
0.907167427079374,-0.280692035779804,0.001,0.001,1,"TRIM55","GSE214411","Myeloid",TRUE
0.907167427079374,-2.24404352373751,0.001,0.001,1,"JPH1","GSE214411","Myeloid",TRUE
0.907167427079374,-1.19752204279063,0.001,0.001,1,"RP11-363E6.4","GSE214411","Myeloid",TRUE
0.907167427079374,-0.440323177293278,0.001,0.001,1,"RP11-219B4.7","GSE214411","Myeloid",TRUE
0.907167427079374,-0.833140880014858,0.001,0.001,1,"RP3-388N13.5","GSE214411","Myeloid",TRUE
0.907167427079374,-0.578800737438339,0.001,0.001,1,"RP11-267M23.4","GSE214411","Myeloid",TRUE
0.907167427079374,-0.713803479508764,0.001,0.001,1,"DPYS","GSE214411","Myeloid",TRUE
0.907167427079374,-0.374768173739987,0.001,0.001,1,"SAMD12-AS1","GSE214411","Myeloid",TRUE
0.907167427079374,-0.601516753733884,0.001,0.001,1,"RP11-383J24.1","GSE214411","Myeloid",TRUE
0.907167427079374,-0.99110594471701,0.001,0.001,1,"RP11-661A12.7","GSE214411","Myeloid",TRUE
0.907167427079374,-1.71067730634758,0.001,0.001,1,"FAM83H-AS1","GSE214411","Myeloid",TRUE
0.907167427079374,-2.62106050710262,0.001,0.001,1,"ANKRD18B","GSE214411","Myeloid",TRUE
0.907167427079374,-1.95132909976678,0.001,0.001,1,"DNAJB5-AS1","GSE214411","Myeloid",TRUE
0.907167427079374,-0.951329756401394,0.001,0.001,1,"FAM166B","GSE214411","Myeloid",TRUE
0.907167427079374,-0.508870341731862,0.001,0.001,1,"MSMP","GSE214411","Myeloid",TRUE
0.907167427079374,-0.505786548383464,0.001,0.001,1,"RP11-112J3.16","GSE214411","Myeloid",TRUE
0.907167427079374,-1.27506334984385,0.001,0.001,1,"PGM5P2","GSE214411","Myeloid",TRUE
0.907167427079374,-0.846134737081931,0.001,0.001,1,"RP11-211N8.2","GSE214411","Myeloid",TRUE
0.907167427079374,-0.66205675483568,0.001,0.001,1,"TMC1","GSE214411","Myeloid",TRUE
0.907167427079374,-0.663213156691219,0.001,0.001,1,"TTC16","GSE214411","Myeloid",TRUE
0.907167427079374,-0.405056489306958,0.001,0.001,1,"RP11-339B21.13","GSE214411","Myeloid",TRUE
0.907167427079374,-0.948796748400156,0.001,0.001,1,"RP11-88G17.6","GSE214411","Myeloid",TRUE
0.907167427079374,-1.1082681155923,0.001,0.001,1,"C8G","GSE214411","Myeloid",TRUE
0.907167427079374,-0.480056827101978,0.001,0.001,1,"ENTPD8","GSE214411","Myeloid",TRUE
0.907167427079374,-2.91667519238151,0.001,0.001,1,"CACNA1B","GSE214411","Myeloid",TRUE
0.907167427079374,-3.9471259788267,0.001,0.001,1,"KRTAP5-AS1","GSE214411","Myeloid",TRUE
0.907167427079374,-0.285118178094333,0.001,0.001,1,"RP11-17A1.3","GSE214411","Myeloid",TRUE
0.907167427079374,-0.357777140464838,0.001,0.001,1,"BTBD18","GSE214411","Myeloid",TRUE
0.907167427079374,-1.49069571829712,0.001,0.001,1,"BBS1","GSE214411","Myeloid",TRUE
0.907167427079374,-1.09486814384327,0.001,0.001,1,"CTD-2547H18.1","GSE214411","Myeloid",TRUE
0.907167427079374,-0.603241634853099,0.001,0.001,1,"SCARNA9","GSE214411","Myeloid",TRUE
0.907167427079374,-0.589318079173866,0.001,0.001,1,"DSCAML1","GSE214411","Myeloid",TRUE
0.907167427079374,-0.590116511873081,0.001,0.001,1,"AP000708.1","GSE214411","Myeloid",TRUE
0.907167427079374,-0.262910346232781,0.001,0.001,1,"CDNF","GSE214411","Myeloid",TRUE
0.907167427079374,-0.564421118722764,0.001,0.001,1,"LINC01515","GSE214411","Myeloid",TRUE
0.907167427079374,-0.400013813398832,0.001,0.001,1,"RP11-57G10.8","GSE214411","Myeloid",TRUE
0.907167427079374,-1.60076775421679,0.001,0.001,1,"ZNF503-AS1","GSE214411","Myeloid",TRUE
0.907167427079374,-0.374392346215265,0.001,0.001,1,"PITX3","GSE214411","Myeloid",TRUE
0.907167427079374,-0.574072221671885,0.001,0.001,1,"RP11-18I14.11","GSE214411","Myeloid",TRUE
0.907167427079374,-0.399671775646198,0.001,0.001,1,"FGF23","GSE214411","Myeloid",TRUE
0.907167427079374,-2.85539450229232,0.001,0.001,1,"PLEKHG6","GSE214411","Myeloid",TRUE
0.907167427079374,-0.497519385697247,0.001,0.001,1,"PLBD1-AS1","GSE214411","Myeloid",TRUE
0.907167427079374,-0.587284398107469,0.001,0.001,1,"FAM186B","GSE214411","Myeloid",TRUE
0.907167427079374,-0.611681800470397,0.001,0.001,1,"SOAT2","GSE214411","Myeloid",TRUE
0.907167427079374,-0.693822479342239,0.001,0.001,1,"SLC26A10","GSE214411","Myeloid",TRUE
0.907167427079374,-0.778207183030647,0.001,0.001,1,"AC092881.1","GSE214411","Myeloid",TRUE
0.907167427079374,-1.02575966480657,0.001,0.001,1,"RP11-214K3.24","GSE214411","Myeloid",TRUE
0.907167427079374,-3.56596907204441,0.001,0.001,1,"LRCOL1","GSE214411","Myeloid",TRUE
0.907167427079374,-0.352441705586406,0.001,0.001,1,"DCLK1","GSE214411","Myeloid",TRUE
0.907167427079374,-0.388749264590613,0.001,0.001,1,"CPB2-AS1","GSE214411","Myeloid",TRUE
0.907167427079374,-0.538146904091491,0.001,0.001,1,"ATP7B","GSE214411","Myeloid",TRUE
0.907167427079374,-0.912642606490739,0.001,0.001,1,"SLC25A21","GSE214411","Myeloid",TRUE
0.907167427079374,-0.315703345273414,0.001,0.001,1,"RP11-649E7.5","GSE214411","Myeloid",TRUE
0.907167427079374,-0.284573290197466,0.001,0.001,1,"FLJ22447","GSE214411","Myeloid",TRUE
0.907167427079374,-0.997580431814701,0.001,0.001,1,"ADAM20","GSE214411","Myeloid",TRUE
0.907167427079374,-2.64512105801649,0.001,0.001,1,"LINC01550","GSE214411","Myeloid",TRUE
0.907167427079374,-0.586206200396298,0.001,0.001,1,"LINC00677","GSE214411","Myeloid",TRUE
0.907167427079374,-0.668436115164454,0.001,0.001,1,"RP11-44N21.1","GSE214411","Myeloid",TRUE
0.907167427079374,-1.00736364153015,0.001,0.001,1,"KIAA0125","GSE214411","Myeloid",TRUE
0.907167427079374,-0.885092366575678,0.001,0.001,1,"AC026150.8","GSE214411","Myeloid",TRUE
0.907167427079374,-0.415602414333524,0.001,0.001,1,"GOLGA8Q","GSE214411","Myeloid",TRUE
0.907167427079374,-0.242535036688656,0.001,0.001,1,"RP11-1000B6.5","GSE214411","Myeloid",TRUE
0.907167427079374,-0.374592605255314,0.001,0.001,1,"WDR72","GSE214411","Myeloid",TRUE
0.907167427079374,-0.555117381792716,0.001,0.001,1,"RP11-30K9.6","GSE214411","Myeloid",TRUE
0.907167427079374,-0.650248555821609,0.001,0.001,1,"RBPMS2","GSE214411","Myeloid",TRUE
0.907167427079374,-0.311483250896899,0.001,0.001,1,"IQCH","GSE214411","Myeloid",TRUE
0.907167427079374,-2.97446388800574,0.001,0.001,1,"RP11-1006G14.1","GSE214411","Myeloid",TRUE
0.907167427079374,-0.610459623461171,0.001,0.001,1,"CSPG4","GSE214411","Myeloid",TRUE
0.907167427079374,-0.500768150640084,0.001,0.001,1,"SAXO2","GSE214411","Myeloid",TRUE
0.907167427079374,-3.49035166872486,0.001,0.001,1,"MESP2","GSE214411","Myeloid",TRUE
0.907167427079374,-0.649029683214319,0.001,0.001,1,"LINC01579","GSE214411","Myeloid",TRUE
0.907167427079374,-0.536861618365139,0.001,0.001,1,"RP11-76E17.4","GSE214411","Myeloid",TRUE
0.907167427079374,-0.287764148608405,0.001,0.001,1,"RP11-236L14.2","GSE214411","Myeloid",TRUE
0.907167427079374,-0.693421167146099,0.001,0.001,1,"Z69666.2","GSE214411","Myeloid",TRUE
0.907167427079374,-1.98014456034504,0.001,0.001,1,"RP11-66H6.3","GSE214411","Myeloid",TRUE
0.907167427079374,-0.419588580560466,0.001,0.001,1,"TNFRSF17","GSE214411","Myeloid",TRUE
0.907167427079374,-0.871825769944892,0.001,0.001,1,"CRYM","GSE214411","Myeloid",TRUE
0.907167427079374,-0.420187469443466,0.001,0.001,1,"EIF3CL","GSE214411","Myeloid",TRUE
0.907167427079374,-1.43903621777204,0.001,0.001,1,"CTD-2034I21.2","GSE214411","Myeloid",TRUE
0.907167427079374,-2.16350049573648,0.001,0.001,1,"CMTM1","GSE214411","Myeloid",TRUE
0.907167427079374,-0.526023512979849,0.001,0.001,1,"CTD-2012K14.3","GSE214411","Myeloid",TRUE
0.907167427079374,-0.760219661470739,0.001,0.001,1,"VAC14-AS1","GSE214411","Myeloid",TRUE
0.907167427079374,-0.904206509886937,0.001,0.001,1,"CDH15","GSE214411","Myeloid",TRUE
0.907167427079374,-3.31840644494963,0.001,0.001,1,"RP11-356C4.3","GSE214411","Myeloid",TRUE
0.907167427079374,-0.868317230089211,0.001,0.001,1,"RP11-676J12.9","GSE214411","Myeloid",TRUE
0.907167427079374,-1.80480994823531,0.001,0.001,1,"SHBG","GSE214411","Myeloid",TRUE
0.907167427079374,-0.82617313307845,0.001,0.001,1,"RP13-753N3.1","GSE214411","Myeloid",TRUE
0.907167427079374,-3.56660939124943,0.001,0.001,1,"ASIC2","GSE214411","Myeloid",TRUE
0.907167427079374,-1.02292758611723,0.001,0.001,1,"WNK4","GSE214411","Myeloid",TRUE
0.907167427079374,-0.416111927084111,0.001,0.001,1,"RND2","GSE214411","Myeloid",TRUE
0.907167427079374,-0.537904314033693,0.001,0.001,1,"RUNDC3A","GSE214411","Myeloid",TRUE
0.907167427079374,-1.23673594281493,0.001,0.001,1,"RP11-1072C15.4","GSE214411","Myeloid",TRUE
0.907167427079374,-0.450326612916692,0.001,0.001,1,"RP11-798G7.5","GSE214411","Myeloid",TRUE
0.907167427079374,-1.38876764207401,0.001,0.001,1,"NXPH3","GSE214411","Myeloid",TRUE
0.907167427079374,-3.45987536645738,0.001,0.001,1,"RP11-506H21.5","GSE214411","Myeloid",TRUE
0.907167427079374,-0.516071866257519,0.001,0.001,1,"RP11-147L13.14","GSE214411","Myeloid",TRUE
0.907167427079374,-0.603296071742617,0.001,0.001,1,"AC027601.1","GSE214411","Myeloid",TRUE
0.907167427079374,-0.42845395436531,0.001,0.001,1,"RP11-455O6.8","GSE214411","Myeloid",TRUE
0.907167427079374,-0.405115804980305,0.001,0.001,1,"RP11-1055B8.10","GSE214411","Myeloid",TRUE
0.907167427079374,-0.36231152826687,0.001,0.001,1,"RPL17-C18orf32","GSE214411","Myeloid",TRUE
0.907167427079374,-2.39402168705593,0.001,0.001,1,"RP11-866E20.3","GSE214411","Myeloid",TRUE
0.907167427079374,-0.697717315002098,0.001,0.001,1,"CDH20","GSE214411","Myeloid",TRUE
0.907167427079374,-3.18606864568109,0.001,0.001,1,"RP11-879F14.2","GSE214411","Myeloid",TRUE
0.907167427079374,-0.289869820425784,0.001,0.001,1,"RP11-162A12.2","GSE214411","Myeloid",TRUE
0.907167427079374,-0.787301933142041,0.001,0.001,1,"RP11-1136J12.1","GSE214411","Myeloid",TRUE
0.907167427079374,-0.525996407394505,0.001,0.001,1,"SRXN1","GSE214411","Myeloid",TRUE
0.907167427079374,-0.489554096973427,0.001,0.001,1,"LBP","GSE214411","Myeloid",TRUE
0.907167427079374,-0.451781079208274,0.001,0.001,1,"DBNDD2","GSE214411","Myeloid",TRUE
0.907167427079374,-0.521286421124209,0.001,0.001,1,"WFDC8","GSE214411","Myeloid",TRUE
0.907167427079374,-0.242113003964262,0.001,0.001,1,"EEF1A2","GSE214411","Myeloid",TRUE
0.907167427079374,-1.02778093394188,0.001,0.001,1,"RP4-583P15.16","GSE214411","Myeloid",TRUE
0.907167427079374,-0.438992302502385,0.001,0.001,1,"GRIN3B","GSE214411","Myeloid",TRUE
0.907167427079374,-0.286280561784064,0.001,0.001,1,"CTB-50L17.16","GSE214411","Myeloid",TRUE
0.907167427079374,-0.55652880693602,0.001,0.001,1,"TGFBR3L","GSE214411","Myeloid",TRUE
0.907167427079374,-0.414655738319963,0.001,0.001,1,"CCL25","GSE214411","Myeloid",TRUE
0.907167427079374,-3.03001133677409,0.001,0.001,1,"RP11-886P16.6","GSE214411","Myeloid",TRUE
0.907167427079374,-0.680471536578976,0.001,0.001,1,"CTC-543D15.8","GSE214411","Myeloid",TRUE
0.907167427079374,-0.730571577848901,0.001,0.001,1,"CTD-2623N2.11","GSE214411","Myeloid",TRUE
0.907167427079374,-2.88481995052418,0.001,0.001,1,"CTD-2659N19.10","GSE214411","Myeloid",TRUE
0.907167427079374,-0.477990619495161,0.001,0.001,1,"DAND5","GSE214411","Myeloid",TRUE
0.907167427079374,-0.446246061347862,0.001,0.001,1,"CTB-5E10.3","GSE214411","Myeloid",TRUE
0.907167427079374,-1.78700164175653,0.001,0.001,1,"F2RL3","GSE214411","Myeloid",TRUE
0.907167427079374,-0.840477462903671,0.001,0.001,1,"GGN","GSE214411","Myeloid",TRUE
0.907167427079374,-0.285903549301446,0.001,0.001,1,"AC092301.3","GSE214411","Myeloid",TRUE
0.907167427079374,-0.63330328936059,0.001,0.001,1,"KLK8","GSE214411","Myeloid",TRUE
0.907167427079374,-0.275040582441237,0.001,0.001,1,"AC000068.5","GSE214411","Myeloid",TRUE
0.907167427079374,-0.920161539261349,0.001,0.001,1,"TBX1","GSE214411","Myeloid",TRUE
0.907167427079374,-0.238286362522825,0.001,0.001,1,"AC006547.13","GSE214411","Myeloid",TRUE
0.907167427079374,-0.546120423099801,0.001,0.001,1,"SERPIND1","GSE214411","Myeloid",TRUE
0.907167427079374,-0.293000363304602,0.001,0.001,1,"AP000355.2","GSE214411","Myeloid",TRUE
0.907167427079374,-0.301126031395778,0.001,0.001,1,"CTA-373H7.7","GSE214411","Myeloid",TRUE
0.907167427079374,-0.898015472858326,0.001,0.001,1,"C22orf31","GSE214411","Myeloid",TRUE
0.907167427079374,-0.344426331817727,0.001,0.001,1,"LINC00158","GSE214411","Myeloid",TRUE
0.907167427079374,-0.630269992100576,0.001,0.001,1,"LINC00982","GSE214411","Myeloid",TRUE
0.907167427079374,-0.654544113086596,0.001,0.001,1,"PRSS56","GSE214411","Myeloid",TRUE
0.907167427079374,-1.53036409506589,0.001,0.001,1,"ERICH1-AS1","GSE214411","Myeloid",TRUE
0.907167427079374,-0.49524798063597,0.001,0.001,1,"RP11-44N11.3","GSE214411","Myeloid",TRUE
0.907167427079374,-3.45421807191959,0.001,0.001,1,"RP11-127L20.3","GSE214411","Myeloid",TRUE
0.907167427079374,-0.695606066591395,0.001,0.001,1,"RP11-53B2.4","GSE214411","Myeloid",TRUE
0.907172704870275,-0.289997891065464,0.009,0.008,1,"LSAMP","GSE214411","Myeloid",TRUE
0.907391857310686,0.966300089217754,0.02,0.019,1,"AIFM2","GSE214411","Myeloid",TRUE
0.907976107956295,0.463347020647903,0.175,0.175,1,"CTBP1","GSE214411","Myeloid",TRUE
0.908261154312249,1.90419038179955,0.001,0.001,1,"RP11-54O7.1","GSE214411","Myeloid",TRUE
0.908261154312249,0.360196143746874,0.001,0.001,1,"TFAP2E","GSE214411","Myeloid",TRUE
0.908261154312249,-0.199151752395336,0.001,0.001,1,"RP11-17E13.2","GSE214411","Myeloid",TRUE
0.908261154312249,3.7038843870588,0.001,0.001,1,"COL24A1","GSE214411","Myeloid",TRUE
0.908261154312249,3.1268587200165,0.001,0.001,1,"RP4-671G15.2","GSE214411","Myeloid",TRUE
0.908261154312249,-0.0441472407682877,0.001,0.001,1,"RP11-315I20.1","GSE214411","Myeloid",TRUE
0.908261154312249,-0.00290132809485932,0.001,0.001,1,"LINGO4","GSE214411","Myeloid",TRUE
0.908261154312249,-0.00996493803092235,0.001,0.001,1,"FCRL5","GSE214411","Myeloid",TRUE
0.908261154312249,-0.214574700067283,0.001,0.001,1,"ANKRD45","GSE214411","Myeloid",TRUE
0.908261154312249,0.020462854932596,0.001,0.001,1,"ANGPTL1","GSE214411","Myeloid",TRUE
0.908261154312249,0.554795905339633,0.001,0.001,1,"C4BPA","GSE214411","Myeloid",TRUE
0.908261154312249,-0.194580496508781,0.001,0.001,1,"COLEC11","GSE214411","Myeloid",TRUE
0.908261154312249,0.0427254450175951,0.001,0.001,1,"CGREF1","GSE214411","Myeloid",TRUE
0.908261154312249,-0.0273883901950907,0.001,0.001,1,"C2orf73","GSE214411","Myeloid",TRUE
0.908261154312249,0.0446541630773893,0.001,0.001,1,"CYP26B1","GSE214411","Myeloid",TRUE
0.908261154312249,0.291253254695343,0.001,0.001,1,"GCC2-AS1","GSE214411","Myeloid",TRUE
0.908261154312249,0.579386169000514,0.001,0.001,1,"AC019186.1","GSE214411","Myeloid",TRUE
0.908261154312249,0.244520570395858,0.001,0.001,1,"HAGLROS","GSE214411","Myeloid",TRUE
0.908261154312249,-0.138287120792269,0.001,0.001,1,"PPP1R1C","GSE214411","Myeloid",TRUE
0.908261154312249,2.96305583396314,0.001,0.001,1,"RP11-438L19.1","GSE214411","Myeloid",TRUE
0.908261154312249,1.98173497578658,0.001,0.001,1,"AOX1","GSE214411","Myeloid",TRUE
0.908261154312249,-0.2222136735431,0.001,0.001,1,"TM4SF20","GSE214411","Myeloid",TRUE
0.908261154312249,0.465110826725669,0.001,0.001,1,"AC098823.3","GSE214411","Myeloid",TRUE
0.908261154312249,1.604058384831,0.001,0.001,1,"AC104667.3","GSE214411","Myeloid",TRUE
0.908261154312249,1.27975871439094,0.001,0.001,1,"DCLK3","GSE214411","Myeloid",TRUE
0.908261154312249,0.314551925868523,0.001,0.001,1,"MST1R","GSE214411","Myeloid",TRUE
0.908261154312249,1.22136095047591,0.001,0.001,1,"SPATA12","GSE214411","Myeloid",TRUE
0.908261154312249,0.694604457027605,0.001,0.001,1,"ADAMTS9-AS2","GSE214411","Myeloid",TRUE
0.908261154312249,2.80308763777103,0.001,0.001,1,"RP11-314M24.1","GSE214411","Myeloid",TRUE
0.908261154312249,2.12003860992681,0.001,0.001,1,"EFCAB12","GSE214411","Myeloid",TRUE
0.908261154312249,-0.16786138040356,0.001,0.001,1,"TM4SF1-AS1","GSE214411","Myeloid",TRUE
0.908261154312249,0.513204687819181,0.001,0.001,1,"RP11-379F4.6","GSE214411","Myeloid",TRUE
0.908261154312249,0.202487265150653,0.001,0.001,1,"TERC","GSE214411","Myeloid",TRUE
0.908261154312249,0.0277663530440631,0.001,0.001,1,"RP11-20I20.4","GSE214411","Myeloid",TRUE
0.908261154312249,3.09851208969187,0.001,0.001,1,"RP11-539L10.2","GSE214411","Myeloid",TRUE
0.908261154312249,-0.0961639050344534,0.001,0.001,1,"SLIT2","GSE214411","Myeloid",TRUE
0.908261154312249,1.1543815534731,0.001,0.001,1,"RP11-528I4.2","GSE214411","Myeloid",TRUE
0.908261154312249,-0.130144920997674,0.001,0.001,1,"RP11-286E11.2","GSE214411","Myeloid",TRUE
0.908261154312249,0.358059741700473,0.001,0.001,1,"RP11-602N24.3","GSE214411","Myeloid",TRUE
0.908261154312249,1.36686263085467,0.001,0.001,1,"LINC01207","GSE214411","Myeloid",TRUE
0.908261154312249,1.87675344919466,0.001,0.001,1,"LINC01612","GSE214411","Myeloid",TRUE
0.908261154312249,2.60649463744347,0.001,0.001,1,"CLDN22","GSE214411","Myeloid",TRUE
0.908261154312249,0.92576615147637,0.001,0.001,1,"CCDC110","GSE214411","Myeloid",TRUE
0.908261154312249,1.22025961346563,0.001,0.001,1,"SLC6A3","GSE214411","Myeloid",TRUE
0.908261154312249,-0.20092777115627,0.001,0.001,1,"RP11-231G3.1","GSE214411","Myeloid",TRUE
0.908261154312249,2.44259047626203,0.001,0.001,1,"RGS7BP","GSE214411","Myeloid",TRUE
0.908261154312249,2.12386298122337,0.001,0.001,1,"CTD-2334D19.1","GSE214411","Myeloid",TRUE
0.908261154312249,-0.188865719277006,0.001,0.001,1,"SMAD5-AS1","GSE214411","Myeloid",TRUE
0.908261154312249,-0.196503285225514,0.001,0.001,1,"CTC-251D13.1","GSE214411","Myeloid",TRUE
0.908261154312249,0.649296642343295,0.001,0.001,1,"HAVCR1","GSE214411","Myeloid",TRUE
0.908261154312249,0.150325509520661,0.001,0.001,1,"RP11-1379J22.5","GSE214411","Myeloid",TRUE
0.908261154312249,1.5123727778659,0.001,0.001,1,"NHLRC1","GSE214411","Myeloid",TRUE
0.908261154312249,-0.193696484608781,0.001,0.001,1,"ATP6V1G2","GSE214411","Myeloid",TRUE
0.908261154312249,3.29020606910993,0.001,0.001,1,"C6orf25","GSE214411","Myeloid",TRUE
0.908261154312249,0.40922160213939,0.001,0.001,1,"UNC5CL","GSE214411","Myeloid",TRUE
0.908261154312249,1.31630533084697,0.001,0.001,1,"PRPH2","GSE214411","Myeloid",TRUE
0.908261154312249,2.27310467665839,0.001,0.001,1,"ENPP5","GSE214411","Myeloid",TRUE
0.908261154312249,2.96485780735166,0.001,0.001,1,"GSTA3","GSE214411","Myeloid",TRUE
0.908261154312249,0.169330760921927,0.001,0.001,1,"RP3-483K16.4","GSE214411","Myeloid",TRUE
0.908261154312249,2.63515433397997,0.001,0.001,1,"KLHL31","GSE214411","Myeloid",TRUE
0.908261154312249,0.0358510201037401,0.001,0.001,1,"STEAP1B","GSE214411","Myeloid",TRUE
0.908261154312249,1.728440338724,0.001,0.001,1,"GLI3","GSE214411","Myeloid",TRUE
0.908261154312249,0.710388418995083,0.001,0.001,1,"HECW1","GSE214411","Myeloid",TRUE
0.908261154312249,0.159421969669577,0.001,0.001,1,"TMEM130","GSE214411","Myeloid",TRUE
0.908261154312249,0.72626076526098,0.001,0.001,1,"LEP","GSE214411","Myeloid",TRUE
0.908261154312249,1.40155308321188,0.001,0.001,1,"BMX","GSE214411","Myeloid",TRUE
0.908261154312249,0.18931968024757,0.001,0.001,1,"SYTL5","GSE214411","Myeloid",TRUE
0.908261154312249,-0.124025981832103,0.001,0.001,1,"LL0XNC01-7P3.1","GSE214411","Myeloid",TRUE
0.908261154312249,0.246653004215256,0.001,0.001,1,"RPS6KA6","GSE214411","Myeloid",TRUE
0.908261154312249,-0.181720985988367,0.001,0.001,1,"NXF3","GSE214411","Myeloid",TRUE
0.908261154312249,-0.211385496484603,0.001,0.001,1,"SRPK3","GSE214411","Myeloid",TRUE
0.908261154312249,0.851103597401367,0.001,0.001,1,"AC145110.1","GSE214411","Myeloid",TRUE
0.908261154312249,1.71887021614482,0.001,0.001,1,"RP11-400K9.4","GSE214411","Myeloid",TRUE
0.908261154312249,2.3699490560796,0.001,0.001,1,"MSC-AS1","GSE214411","Myeloid",TRUE
0.908261154312249,2.80241657281346,0.001,0.001,1,"POU5F1B","GSE214411","Myeloid",TRUE
0.908261154312249,-0.175107820652695,0.001,0.001,1,"SMPD5","GSE214411","Myeloid",TRUE
0.908261154312249,1.77557796573744,0.001,0.001,1,"DMRTA1","GSE214411","Myeloid",TRUE
0.908261154312249,1.82374617853704,0.001,0.001,1,"HRCT1","GSE214411","Myeloid",TRUE
0.908261154312249,1.11412389026936,0.001,0.001,1,"ANKRD18A","GSE214411","Myeloid",TRUE
0.908261154312249,-0.00516104385835625,0.001,0.001,1,"RP11-4L24.3","GSE214411","Myeloid",TRUE
0.908261154312249,-0.0763853746801466,0.001,0.001,1,"SVEP1","GSE214411","Myeloid",TRUE
0.908261154312249,0.0698965373672955,0.001,0.001,1,"RP11-410K21.2","GSE214411","Myeloid",TRUE
0.908261154312249,0.223225578070471,0.001,0.001,1,"RP11-445L6.3","GSE214411","Myeloid",TRUE
0.908261154312249,0.267797142660193,0.001,0.001,1,"WI2-1959D15.1","GSE214411","Myeloid",TRUE
0.908261154312249,0.195809386261192,0.001,0.001,1,"CYSRT1","GSE214411","Myeloid",TRUE
0.908261154312249,3.13654974273599,0.001,0.001,1,"RP11-326C3.11","GSE214411","Myeloid",TRUE
0.908261154312249,-0.236712783174891,0.001,0.001,1,"RP11-265D17.2","GSE214411","Myeloid",TRUE
0.908261154312249,0.0434457851275294,0.001,0.001,1,"CSTF3-AS1","GSE214411","Myeloid",TRUE
0.908261154312249,2.31328597076903,0.001,0.001,1,"LRRC4C","GSE214411","Myeloid",TRUE
0.908261154312249,3.57063329909831,0.001,0.001,1,"AP000769.7","GSE214411","Myeloid",TRUE
0.908261154312249,0.40950990187631,0.001,0.001,1,"RP11-111M22.4","GSE214411","Myeloid",TRUE
0.908261154312249,2.10107002569389,0.001,0.001,1,"RP11-115C10.1","GSE214411","Myeloid",TRUE
0.908261154312249,-0.18214696850135,0.001,0.001,1,"TP53AIP1","GSE214411","Myeloid",TRUE
0.908261154312249,-0.0672396905428805,0.001,0.001,1,"IDI2-AS1","GSE214411","Myeloid",TRUE
0.908261154312249,-0.104888223705599,0.001,0.001,1,"LINC00200","GSE214411","Myeloid",TRUE
0.908261154312249,1.54414466505726,0.001,0.001,1,"C10orf67","GSE214411","Myeloid",TRUE
0.908261154312249,-0.165589401196478,0.001,0.001,1,"PARD3-AS1","GSE214411","Myeloid",TRUE
0.908261154312249,-0.0620893531933273,0.001,0.001,1,"RP11-38L15.2","GSE214411","Myeloid",TRUE
0.908261154312249,0.205652344305408,0.001,0.001,1,"RP11-574K11.29","GSE214411","Myeloid",TRUE
0.908261154312249,1.87402631369728,0.001,0.001,1,"RP11-348N5.9","GSE214411","Myeloid",TRUE
0.908261154312249,-0.00458748003068976,0.001,0.001,1,"FAM196A","GSE214411","Myeloid",TRUE
0.908261154312249,2.30175867343379,0.001,0.001,1,"SPRN","GSE214411","Myeloid",TRUE
0.908261154312249,0.0978256970208236,0.001,0.001,1,"U47924.32","GSE214411","Myeloid",TRUE
0.908261154312249,-0.178231406437186,0.001,0.001,1,"GPR19","GSE214411","Myeloid",TRUE
0.908261154312249,1.47728294550291,0.001,0.001,1,"RP11-493L12.4","GSE214411","Myeloid",TRUE
0.908261154312249,-0.0793595225962527,0.001,0.001,1,"C1QL4","GSE214411","Myeloid",TRUE
0.908261154312249,1.21949288550754,0.001,0.001,1,"RP11-603J24.17","GSE214411","Myeloid",TRUE
0.908261154312249,1.74798648448215,0.001,0.001,1,"RP11-366L20.2","GSE214411","Myeloid",TRUE
0.908261154312249,0.0985216724361013,0.001,0.001,1,"NOS1","GSE214411","Myeloid",TRUE
0.908261154312249,-0.167006300278315,0.001,0.001,1,"RP11-15J22.8","GSE214411","Myeloid",TRUE
0.908261154312249,-0.100477833267208,0.001,0.001,1,"RP11-143E21.3","GSE214411","Myeloid",TRUE
0.908261154312249,0.388826181222075,0.001,0.001,1,"KL","GSE214411","Myeloid",TRUE
0.908261154312249,0.147476476875589,0.001,0.001,1,"SERTM1","GSE214411","Myeloid",TRUE
0.908261154312249,2.395290517927,0.001,0.001,1,"RP11-290D2.3","GSE214411","Myeloid",TRUE
0.908261154312249,0.234551610902574,0.001,0.001,1,"RP11-305D15.8","GSE214411","Myeloid",TRUE
0.908261154312249,0.836522304720589,0.001,0.001,1,"HS6ST3","GSE214411","Myeloid",TRUE
0.908261154312249,1.92362424622752,0.001,0.001,1,"FITM1","GSE214411","Myeloid",TRUE
0.908261154312249,0.0634714610466975,0.001,0.001,1,"LINC01551","GSE214411","Myeloid",TRUE
0.908261154312249,0.61431050417468,0.001,0.001,1,"RP11-589M4.1","GSE214411","Myeloid",TRUE
0.908261154312249,2.14232100835111,0.001,0.001,1,"SNHG23","GSE214411","Myeloid",TRUE
0.908261154312249,1.42703830976116,0.001,0.001,1,"AL132709.8","GSE214411","Myeloid",TRUE
0.908261154312249,0.232304114627785,0.001,0.001,1,"LINC00929","GSE214411","Myeloid",TRUE
0.908261154312249,-0.0785497438312177,0.001,0.001,1,"RP11-3D4.2","GSE214411","Myeloid",TRUE
0.908261154312249,0.00645071030656652,0.001,0.001,1,"BCL2L10","GSE214411","Myeloid",TRUE
0.908261154312249,-0.089319735775252,0.001,0.001,1,"RP11-253M7.1","GSE214411","Myeloid",TRUE
0.908261154312249,0.190899059845238,0.001,0.001,1,"PCAT29","GSE214411","Myeloid",TRUE
0.908261154312249,0.0485160238645825,0.001,0.001,1,"RP11-106M3.3","GSE214411","Myeloid",TRUE
0.908261154312249,0.446606568753233,0.001,0.001,1,"C15orf59","GSE214411","Myeloid",TRUE
0.908261154312249,2.24799632940926,0.001,0.001,1,"KIAA1024","GSE214411","Myeloid",TRUE
0.908261154312249,2.34212677840175,0.001,0.001,1,"RP11-326A19.3","GSE214411","Myeloid",TRUE
0.908261154312249,0.141216587859972,0.001,0.001,1,"C15orf38-AP3S2","GSE214411","Myeloid",TRUE
0.908261154312249,-0.2163529098633,0.001,0.001,1,"FBXL16","GSE214411","Myeloid",TRUE
0.908261154312249,-0.185208444395167,0.001,0.001,1,"RP11-715J22.3","GSE214411","Myeloid",TRUE
0.908261154312249,-0.0384448628161085,0.001,0.001,1,"TEKT5","GSE214411","Myeloid",TRUE
0.908261154312249,0.133110345171149,0.001,0.001,1,"RP11-626G11.6","GSE214411","Myeloid",TRUE
0.908261154312249,2.17232825735208,0.001,0.001,1,"RP11-266L9.5","GSE214411","Myeloid",TRUE
0.908261154312249,-0.191843819690726,0.001,0.001,1,"IL21R-AS1","GSE214411","Myeloid",TRUE
0.908261154312249,-0.236962507273715,0.001,0.001,1,"SLX1B","GSE214411","Myeloid",TRUE
0.908261154312249,1.78223859526081,0.001,0.001,1,"RP11-455F5.6","GSE214411","Myeloid",TRUE
0.908261154312249,2.30245693372932,0.001,0.001,1,"MT1A","GSE214411","Myeloid",TRUE
0.908261154312249,2.33273160448825,0.001,0.001,1,"RP11-63M22.2","GSE214411","Myeloid",TRUE
0.908261154312249,-0.20767066871343,0.001,0.001,1,"CTD-2012K14.7","GSE214411","Myeloid",TRUE
0.908261154312249,0.576841332256867,0.001,0.001,1,"AC009095.4","GSE214411","Myeloid",TRUE
0.908261154312249,2.65996806163423,0.001,0.001,1,"FA2H","GSE214411","Myeloid",TRUE
0.908261154312249,-0.015035569903608,0.001,0.001,1,"ATP2C2","GSE214411","Myeloid",TRUE
0.908261154312249,0.0537491170953377,0.001,0.001,1,"TUBB3","GSE214411","Myeloid",TRUE
0.908261154312249,1.93396708006977,0.001,0.001,1,"RP11-74E22.5","GSE214411","Myeloid",TRUE
0.908261154312249,0.140683314882294,0.001,0.001,1,"RP11-235E17.2","GSE214411","Myeloid",TRUE
0.908261154312249,-0.0469315369677652,0.001,0.001,1,"GUCY2D","GSE214411","Myeloid",TRUE
0.908261154312249,-0.174598168290775,0.001,0.001,1,"RP11-160E2.19","GSE214411","Myeloid",TRUE
0.908261154312249,1.14951906909499,0.001,0.001,1,"CCL14","GSE214411","Myeloid",TRUE
0.908261154312249,1.67299008626054,0.001,0.001,1,"RP5-1028K7.2","GSE214411","Myeloid",TRUE
0.908261154312249,0.325636886101984,0.001,0.001,1,"KRT24","GSE214411","Myeloid",TRUE
0.908261154312249,-0.236438665851852,0.001,0.001,1,"KRT13","GSE214411","Myeloid",TRUE
0.908261154312249,2.27216357952461,0.001,0.001,1,"ETV4","GSE214411","Myeloid",TRUE
0.908261154312249,-0.0975995352627752,0.001,0.001,1,"SLC4A1","GSE214411","Myeloid",TRUE
0.908261154312249,2.83894392958769,0.001,0.001,1,"RP11-6N17.2","GSE214411","Myeloid",TRUE
0.908261154312249,0.692871752309152,0.001,0.001,1,"RP11-927P21.2","GSE214411","Myeloid",TRUE
0.908261154312249,0.146924386240466,0.001,0.001,1,"RP11-497H17.1","GSE214411","Myeloid",TRUE
0.908261154312249,-0.0965502342442441,0.001,0.001,1,"PIEZO2","GSE214411","Myeloid",TRUE
0.908261154312249,0.505591715254553,0.001,0.001,1,"RP11-53I6.3","GSE214411","Myeloid",TRUE
0.908261154312249,0.462885274653917,0.001,0.001,1,"RP11-862L9.3","GSE214411","Myeloid",TRUE
0.908261154312249,1.20382227857912,0.001,0.001,1,"SLC4A11","GSE214411","Myeloid",TRUE
0.908261154312249,0.42454293147336,0.001,0.001,1,"BFSP1","GSE214411","Myeloid",TRUE
0.908261154312249,0.837801349126162,0.001,0.001,1,"LINC01260","GSE214411","Myeloid",TRUE
0.908261154312249,2.66270648049302,0.001,0.001,1,"RP4-724E16.2","GSE214411","Myeloid",TRUE
0.908261154312249,3.35412894484439,0.001,0.001,1,"RP11-157P1.4","GSE214411","Myeloid",TRUE
0.908261154312249,0.65663783991214,0.001,0.001,1,"ZFR2","GSE214411","Myeloid",TRUE
0.908261154312249,-0.230451929102594,0.001,0.001,1,"AC007292.6","GSE214411","Myeloid",TRUE
0.908261154312249,1.84543648074659,0.001,0.001,1,"CTD-2231E14.8","GSE214411","Myeloid",TRUE
0.908261154312249,2.88310173525731,0.001,0.001,1,"AC002116.7","GSE214411","Myeloid",TRUE
0.908261154312249,-0.210491202832555,0.001,0.001,1,"ZNF793-AS1","GSE214411","Myeloid",TRUE
0.908261154312249,-0.184901988587107,0.001,0.001,1,"SLC8A2","GSE214411","Myeloid",TRUE
0.908261154312249,0.876893801025616,0.001,0.001,1,"KIR2DL4","GSE214411","Myeloid",TRUE
0.908261154312249,1.11547735037431,0.001,0.001,1,"AC005498.3","GSE214411","Myeloid",TRUE
0.908261154312249,-0.215533089210139,0.001,0.001,1,"OSBP2","GSE214411","Myeloid",TRUE
0.908261154312249,-0.0049495583004493,0.001,0.001,1,"LINC01521","GSE214411","Myeloid",TRUE
0.908261154312249,-0.1447588697688,0.001,0.001,1,"MB","GSE214411","Myeloid",TRUE
0.908261154312249,0.142398588085678,0.001,0.001,1,"BAIAP2L2","GSE214411","Myeloid",TRUE
0.908261154312249,0.115801204932858,0.001,0.001,1,"CSDC2","GSE214411","Myeloid",TRUE
0.908261154312249,0.0727135821541509,0.001,0.001,1,"RP3-388M5.9","GSE214411","Myeloid",TRUE
0.908261154312249,1.98431548551637,0.001,0.001,1,"AP000318.2","GSE214411","Myeloid",TRUE
0.908261154312249,1.08061096316114,0.001,0.001,1,"AP000704.5","GSE214411","Myeloid",TRUE
0.908261154312249,2.88275784165539,0.001,0.001,1,"KCNJ6","GSE214411","Myeloid",TRUE
0.908261154312249,0.476832729969182,0.001,0.001,1,"KB-68A7.1","GSE214411","Myeloid",TRUE
0.908261154312249,0.847610290903999,0.001,0.001,1,"RP11-22L13.1","GSE214411","Myeloid",TRUE
0.908261154312249,0.289462717414342,0.001,0.001,1,"TRIM71","GSE214411","Myeloid",TRUE
0.908261154312249,0.17014336382892,0.001,0.001,1,"RP11-329B9.1","GSE214411","Myeloid",TRUE
0.908261154312249,0.4924358019459,0.001,0.001,1,"RP11-432J22.2","GSE214411","Myeloid",TRUE
0.908261154312249,0.309215175427392,0.001,0.001,1,"RP11-227D13.4","GSE214411","Myeloid",TRUE
0.908261154312249,0.962415464466918,0.001,0.001,1,"CTD-2380F24.1","GSE214411","Myeloid",TRUE
0.908261154312249,0.882021068422177,0.001,0.001,1,"CCDC155","GSE214411","Myeloid",TRUE
0.908261154312249,2.0957994499351,0.001,0.001,1,"XKR3","GSE214411","Myeloid",TRUE
0.908261154312249,1.43605181324761,0.001,0.001,1,"RTP5","GSE214411","Myeloid",TRUE
0.908261154312249,0.418351293921635,0.001,0.001,1,"LINC00977","GSE214411","Myeloid",TRUE
0.908261154312249,1.44225257232528,0.001,0.001,1,"AC016700.2","GSE214411","Myeloid",TRUE
0.908261154312249,3.58727442143289,0.001,0.001,1,"CFAP58-AS1","GSE214411","Myeloid",TRUE
0.908261154312249,-0.0480087862996044,0.001,0.001,1,"RP11-863P13.4","GSE214411","Myeloid",TRUE
0.908261154312249,-0.191356493439672,0.001,0.001,1,"RP5-867C24.5","GSE214411","Myeloid",TRUE
0.90826312488694,-0.152195285628636,0.106,0.104,1,"UBE3C","GSE214411","Myeloid",TRUE
0.908802863072669,-0.0329746592946787,0.014,0.014,1,"SENP3","GSE214411","Myeloid",TRUE
0.908835615951168,0.159054330396565,0.066,0.065,1,"RPRD1B","GSE214411","Myeloid",TRUE
0.909046329520397,0.312796121523288,0.069,0.067,1,"UBE4B","GSE214411","Myeloid",TRUE
0.90908388629168,0.0252757909341343,0.081,0.078,1,"FBXO42","GSE214411","Myeloid",TRUE
0.909161780702212,-0.167873087870348,0.24,0.232,1,"UCHL3","GSE214411","Myeloid",TRUE
0.909218747320709,0.381634210478642,0.066,0.065,1,"ZNF720","GSE214411","Myeloid",TRUE
0.909368874762861,-1.06904896623702,0.009,0.008,1,"HOXA9","GSE214411","Myeloid",TRUE
0.910252534876834,-0.207256594826268,0.173,0.166,1,"HDAC1","GSE214411","Myeloid",TRUE
0.910343118968422,-0.765888217522786,0.099,0.097,1,"ASB2","GSE214411","Myeloid",TRUE
0.910442171067284,-0.177009506288647,0.094,0.092,1,"IARS","GSE214411","Myeloid",TRUE
0.91098140267502,0.856573081948368,0.031,0.03,1,"FAM149B1","GSE214411","Myeloid",TRUE
0.910983811603201,-0.0838964547414878,0.056,0.056,1,"RRP9","GSE214411","Myeloid",TRUE
0.911294865090733,-0.934866505153346,0.008,0.008,1,"RPGRIP1","GSE214411","Myeloid",TRUE
0.911369467872831,0.32190894856146,0.318,0.312,1,"MED13L","GSE214411","Myeloid",TRUE
0.911405865705407,-1.01666062739238,0.014,0.014,1,"DFFB","GSE214411","Myeloid",TRUE
0.911579478183822,-0.318024406591152,0.151,0.147,1,"MAD2L2","GSE214411","Myeloid",TRUE
0.911591683605027,0.0811597827859024,0.424,0.428,1,"AHR","GSE214411","Myeloid",TRUE
0.911623576569489,0.0682847371967288,0.673,0.747,1,"UQCRB","GSE214411","Myeloid",TRUE
0.911732237255511,-0.0669023657470271,0.095,0.095,1,"LONP1","GSE214411","Myeloid",TRUE
0.912370369067703,-0.391906482893177,0.105,0.105,1,"CHD7","GSE214411","Myeloid",TRUE
0.912384676726925,-0.154738524936562,0.231,0.218,1,"MAPKAPK3","GSE214411","Myeloid",TRUE
0.912563062696897,0.134128474342726,0.014,0.014,1,"NOL3","GSE214411","Myeloid",TRUE
0.912664423426722,-0.543633925845476,0.009,0.008,1,"AC005264.2","GSE214411","Myeloid",TRUE
0.913006704112305,-0.167472741347984,0.025,0.024,1,"MRPS24","GSE214411","Myeloid",TRUE
0.913142800669721,0.443710051971972,0.022,0.022,1,"ZNF75D","GSE214411","Myeloid",TRUE
0.913178668294582,-1.2596107454324,0.008,0.008,1,"IGIP","GSE214411","Myeloid",TRUE
0.913199766802812,0.695126321893231,0.109,0.106,1,"ASXL1","GSE214411","Myeloid",TRUE
0.913375008410756,0.499195197146419,0.031,0.03,1,"MRPL53","GSE214411","Myeloid",TRUE
0.91381388337842,0.0244039185022153,0.186,0.176,1,"CDC73","GSE214411","Myeloid",TRUE
0.914214734869218,0.0319850464784266,0.061,0.059,1,"FZR1","GSE214411","Myeloid",TRUE
0.914322991350215,0.227169321854933,0.025,0.024,1,"CMTM8","GSE214411","Myeloid",TRUE
0.914762119430039,0.271953724026602,0.047,0.046,1,"ABHD18","GSE214411","Myeloid",TRUE
0.914862294127968,-1.15064944552545,0.009,0.008,1,"LRRC37A","GSE214411","Myeloid",TRUE
0.914929188738234,-0.644249116692654,0.039,0.037,1,"APBA3","GSE214411","Myeloid",TRUE
0.914964790423913,0.925220614767347,0.063,0.064,1,"FAM174A","GSE214411","Myeloid",TRUE
0.91550206421997,-0.505954782643917,0.064,0.061,1,"CYSLTR2","GSE214411","Myeloid",TRUE
0.915576220928947,0.0066697389239172,0.419,0.418,1,"THEMIS2","GSE214411","Myeloid",TRUE
0.916364528931666,-0.113997864735722,0.103,0.099,1,"VTI1A","GSE214411","Myeloid",TRUE
0.916715202689627,-0.179111509387251,0.185,0.176,1,"PNPLA6","GSE214411","Myeloid",TRUE
0.916858090674947,-0.420129449293121,0.085,0.083,1,"CACNA2D4","GSE214411","Myeloid",TRUE
0.916862104845503,0.158762917306426,0.254,0.248,1,"RNF166","GSE214411","Myeloid",TRUE
0.917071409310234,-0.032532631298321,0.104,0.102,1,"ERAP1","GSE214411","Myeloid",TRUE
0.917401779857836,0.171752637490012,0.259,0.249,1,"NDUFA5","GSE214411","Myeloid",TRUE
0.917590634388757,-0.685854537267095,0.045,0.046,1,"GNL3L","GSE214411","Myeloid",TRUE
0.917650568013469,0.170425042004088,0.524,0.556,1,"SRSF2","GSE214411","Myeloid",TRUE
0.917701766791431,0.982895164784679,0.008,0.008,1,"FAM19A2","GSE214411","Myeloid",TRUE
0.917705317662538,-0.0538324146659455,0.15,0.144,1,"GSK3B","GSE214411","Myeloid",TRUE
0.917755593900958,0.186890594152265,0.179,0.174,1,"TARS","GSE214411","Myeloid",TRUE
0.918297743622047,-0.34154286436152,0.083,0.083,1,"CTNS","GSE214411","Myeloid",TRUE
0.918425397160361,-0.050880135471129,0.188,0.183,1,"BZW2","GSE214411","Myeloid",TRUE
0.9184712008597,-1.24408196614943,0.021,0.021,1,"ZNF337","GSE214411","Myeloid",TRUE
0.918555407465067,-0.48081104625714,0.049,0.049,1,"RABEP2","GSE214411","Myeloid",TRUE
0.91871229274216,-0.530834654497961,0.025,0.024,1,"EYA2","GSE214411","Myeloid",TRUE
0.918797604285745,-0.0380636517874806,0.096,0.093,1,"FAM35A","GSE214411","Myeloid",TRUE
0.919199772212852,-0.0441885489759317,0.25,0.243,1,"ACER3","GSE214411","Myeloid",TRUE
0.919263118304501,-0.465325145927551,0.061,0.061,1,"MRPL39","GSE214411","Myeloid",TRUE
0.919510053490217,-1.17337521085282,0.014,0.014,1,"USP2","GSE214411","Myeloid",TRUE
0.919534212751362,-1.05396685972921,0.048,0.048,1,"NR2C1","GSE214411","Myeloid",TRUE
0.919587186120173,-0.799804254977393,0.008,0.008,1,"SNED1","GSE214411","Myeloid",TRUE
0.919587186120173,-0.801033993298081,0.008,0.008,1,"SPOCK2","GSE214411","Myeloid",TRUE
0.919725456134365,0.1636479546656,0.659,0.716,1,"DYNLL1","GSE214411","Myeloid",TRUE
0.91993119737665,-0.0213849903651682,0.222,0.215,1,"DAZAP1","GSE214411","Myeloid",TRUE
0.919964324585073,-0.56897839209782,0.008,0.008,1,"MMACHC","GSE214411","Myeloid",TRUE
0.919964324585073,0.73306986834569,0.008,0.008,1,"TNKS1BP1","GSE214411","Myeloid",TRUE
0.920098361760406,0.0658371537094723,0.338,0.319,1,"DEGS1","GSE214411","Myeloid",TRUE
0.920300859485996,-0.582035433647127,0.077,0.074,1,"FLVCR2","GSE214411","Myeloid",TRUE
0.920514263621101,0.022984362625988,0.776,0.887,1,"RPL14","GSE214411","Myeloid",TRUE
0.920668497342031,-1.4494861116913,0.014,0.014,1,"CTD-2186M15.3","GSE214411","Myeloid",TRUE
0.920840629157341,0.324803891403085,0.321,0.322,1,"COPA","GSE214411","Myeloid",TRUE
0.921095847661585,1.18196660774644,0.008,0.008,1,"NRAV","GSE214411","Myeloid",TRUE
0.921473057633426,0.653176332312687,0.008,0.008,1,"HMGA1P4","GSE214411","Myeloid",TRUE
0.921605793924029,0.0850472064799317,0.181,0.18,1,"HMG20B","GSE214411","Myeloid",TRUE
0.92166166815478,-1.27922973589626,0.008,0.008,1,"TANC1","GSE214411","Myeloid",TRUE
0.921722294015966,0.355078428035814,0.02,0.019,1,"RP11-499P20.2","GSE214411","Myeloid",TRUE
0.921850285271271,0.609976748299103,0.008,0.008,1,"ZNF805","GSE214411","Myeloid",TRUE
0.922044516600781,-0.507110404874691,0.095,0.092,1,"ECSIT","GSE214411","Myeloid",TRUE
0.922210783065981,0.284718137406291,0.12,0.12,1,"ITPR1","GSE214411","Myeloid",TRUE
0.922404099304111,0.232538457111919,0.211,0.209,1,"CNOT1","GSE214411","Myeloid",TRUE
0.922523239920453,-0.338364106188764,0.123,0.122,1,"SCYL1","GSE214411","Myeloid",TRUE
0.922604793207701,0.430685088858933,0.008,0.008,1,"ARHGEF10","GSE214411","Myeloid",TRUE
0.922716407305946,0.0459451530710409,0.708,0.837,1,"RPS10","GSE214411","Myeloid",TRUE
0.922982073337618,0.0416800659934218,0.008,0.008,1,"RP11-166B2.1","GSE214411","Myeloid",TRUE
0.923060549337429,0.434445555619506,0.034,0.035,1,"ZNF189","GSE214411","Myeloid",TRUE
0.923129938177794,0.0880489938317957,0.133,0.131,1,"SAP30","GSE214411","Myeloid",TRUE
0.923211094572888,0.726340933777549,0.068,0.067,1,"RP11-382A20.3","GSE214411","Myeloid",TRUE
0.923258662809845,0.275814890114826,0.046,0.044,1,"NDUFAF7","GSE214411","Myeloid",TRUE
0.923586533858225,-0.299020493450946,0.086,0.084,1,"ABL1","GSE214411","Myeloid",TRUE
0.923869252223205,0.358712934540743,0.446,0.454,1,"DSE","GSE214411","Myeloid",TRUE
0.92399597463042,0.365781976262839,0.034,0.035,1,"EDC3","GSE214411","Myeloid",TRUE
0.924114017361924,0.717671164111838,0.008,0.008,1,"HSPB6","GSE214411","Myeloid",TRUE
0.924176446795604,-0.176109903980528,0.033,0.034,1,"C9orf40","GSE214411","Myeloid",TRUE
0.924420599807608,0.108012742851479,0.119,0.115,1,"UBP1","GSE214411","Myeloid",TRUE
0.924491366300296,1.35980992601535,0.008,0.008,1,"CTD-2256P15.2","GSE214411","Myeloid",TRUE
0.924491366300296,-0.205089559740784,0.008,0.008,1,"C5orf30","GSE214411","Myeloid",TRUE
0.924561183413958,0.481047970328899,0.105,0.103,1,"GTF2A1","GSE214411","Myeloid",TRUE
0.924585002971082,0.526172180691943,0.411,0.413,1,"IFRD1","GSE214411","Myeloid",TRUE
0.924594250478445,0.236084933402681,0.592,0.644,1,"CAP1","GSE214411","Myeloid",TRUE
0.924796298442508,-0.166834175155136,0.208,0.204,1,"USP7","GSE214411","Myeloid",TRUE
0.924980135330249,0.229400049524248,0.284,0.279,1,"RAD23B","GSE214411","Myeloid",TRUE
0.925085837229933,-0.790537569369457,0.031,0.032,1,"AP4S1","GSE214411","Myeloid",TRUE
0.925246115066073,1.9033329585761,0.008,0.008,1,"CPE","GSE214411","Myeloid",TRUE
0.925449097558711,0.213593157252881,0.304,0.294,1,"ITGAM","GSE214411","Myeloid",TRUE
0.925501138056823,0.10043775049681,0.173,0.172,1,"IMPDH1","GSE214411","Myeloid",TRUE
0.925529843499848,-0.181389158364137,0.026,0.026,1,"TYW1B","GSE214411","Myeloid",TRUE
0.925798395229052,0.205657336855181,0.322,0.318,1,"SLC15A3","GSE214411","Myeloid",TRUE
0.925825387021911,-0.403041099669469,0.014,0.015,1,"MREG","GSE214411","Myeloid",TRUE
0.925825387021911,-0.159120662576287,0.014,0.015,1,"LRTOMT","GSE214411","Myeloid",TRUE
0.925857685566106,-0.0774706573862876,0.049,0.049,1,"SLC39A13","GSE214411","Myeloid",TRUE
0.926755813789907,1.60127356432196,0.008,0.008,1,"RP11-343H5.6","GSE214411","Myeloid",TRUE
0.926825889226645,0.205177300202094,0.314,0.311,1,"DARS","GSE214411","Myeloid",TRUE
0.926965509993024,-0.364153300607304,0.014,0.015,1,"IHH","GSE214411","Myeloid",TRUE
0.92713327989332,0.63934247417542,0.008,0.008,1,"GULP1","GSE214411","Myeloid",TRUE
0.927442821388395,0.21899244379243,0.325,0.312,1,"DNAJC3","GSE214411","Myeloid",TRUE
0.927566945797926,1.98965982617514,0.004,0.004,1,"UPK1B","GSE214411","Myeloid",TRUE
0.927566945797926,1.23494320714303,0.004,0.004,1,"SYP","GSE214411","Myeloid",TRUE
0.927653218109923,1.00794140424906,0.028,0.029,1,"SLFN13","GSE214411","Myeloid",TRUE
0.927801108155882,0.809676766931044,0.15,0.149,1,"MEGF9","GSE214411","Myeloid",TRUE
0.927808448603006,0.372738855800473,0.091,0.091,1,"BSDC1","GSE214411","Myeloid",TRUE
0.927888261215794,0.285233890341818,0.008,0.008,1,"TXLNB","GSE214411","Myeloid",TRUE
0.928084765726776,0.459181182629911,0.004,0.004,1,"GPR75","GSE214411","Myeloid",TRUE
0.928105782946713,-1.95067825574305,0.014,0.015,1,"LNX2","GSE214411","Myeloid",TRUE
0.928154510069376,-0.620698018616347,0.093,0.091,1,"RFTN1","GSE214411","Myeloid",TRUE
0.928231933373759,0.644130271070955,0.091,0.089,1,"TPD52","GSE214411","Myeloid",TRUE
0.928265776265867,1.10251084956092,0.008,0.008,1,"MMEL1","GSE214411","Myeloid",TRUE
0.928333106404981,0.216651185565179,0.08,0.078,1,"GMPPB","GSE214411","Myeloid",TRUE
0.928357418862481,0.486396902631332,0.089,0.089,1,"TMEM242","GSE214411","Myeloid",TRUE
0.928602616112269,1.28689917277115,0.004,0.004,1,"KIF26B","GSE214411","Myeloid",TRUE
0.928602616112269,0.626576868393221,0.004,0.004,1,"DACT2","GSE214411","Myeloid",TRUE
0.928602616112269,2.20598839822859,0.004,0.004,1,"DMPK","GSE214411","Myeloid",TRUE
0.928734609554151,-0.338622144508705,0.064,0.061,1,"LRBA","GSE214411","Myeloid",TRUE
0.928874729904138,0.289884873704048,0.203,0.197,1,"DR1","GSE214411","Myeloid",TRUE
0.928882394945452,-0.221091087897361,0.056,0.056,1,"PARG","GSE214411","Myeloid",TRUE
0.929120496736273,0.847404436314572,0.004,0.004,1,"ITPKB-AS1","GSE214411","Myeloid",TRUE
0.929120496736273,1.01526508869339,0.004,0.004,1,"ADPRHL1","GSE214411","Myeloid",TRUE
0.929120496736273,0.44999668379519,0.004,0.004,1,"DDTL","GSE214411","Myeloid",TRUE
0.929527767448903,0.0263920613628384,0.456,0.469,1,"RPL17","GSE214411","Myeloid",TRUE
0.929638407380617,0.40934867128345,0.004,0.004,1,"RP11-686O6.2","GSE214411","Myeloid",TRUE
0.929638407380617,1.75143022415833,0.004,0.004,1,"CAP2","GSE214411","Myeloid",TRUE
0.929975079291397,-0.225287738349135,0.146,0.141,1,"HPS3","GSE214411","Myeloid",TRUE
0.93009625242086,0.649208100723776,0.015,0.015,1,"MBOAT1","GSE214411","Myeloid",TRUE
0.930096252960517,0.807407862975422,0.015,0.015,1,"INVS","GSE214411","Myeloid",TRUE
0.930156347827094,1.98943522328012,0.004,0.004,1,"KLHL13","GSE214411","Myeloid",TRUE
0.930156347827094,-0.324659451420067,0.004,0.004,1,"GRIN2C","GSE214411","Myeloid",TRUE
0.93053238813196,0.212926006189885,0.107,0.108,1,"FOXK2","GSE214411","Myeloid",TRUE
0.930674317857458,0.286305692244034,0.004,0.004,1,"CA3-AS1","GSE214411","Myeloid",TRUE
0.930674317857458,-1.04098739856044,0.004,0.004,1,"ATP5EP2","GSE214411","Myeloid",TRUE
0.930674317857458,1.68526251986395,0.004,0.004,1,"SLFN12L","GSE214411","Myeloid",TRUE
0.930674317857458,0.0908930870123132,0.004,0.004,1,"KCNN1","GSE214411","Myeloid",TRUE
0.930954402619382,0.207103769785049,0.397,0.389,1,"EIF2S3","GSE214411","Myeloid",TRUE
0.930969609283219,0.609269767815873,0.07,0.071,1,"PHF5A","GSE214411","Myeloid",TRUE
0.931192317253424,-0.155039889232238,0.004,0.004,1,"CACHD1","GSE214411","Myeloid",TRUE
0.931192317253424,1.44796636270374,0.004,0.004,1,"TPRG1-AS1","GSE214411","Myeloid",TRUE
0.931286470841055,0.769801804155997,0.008,0.008,1,"RP11-362F19.1","GSE214411","Myeloid",TRUE
0.931363284690392,1.28026296217794,0.01,0.01,1,"PLAC9","GSE214411","Myeloid",TRUE
0.931363284690392,0.551019973340352,0.01,0.01,1,"C14orf132","GSE214411","Myeloid",TRUE
0.931710345796674,1.28394350740604,0.004,0.004,1,"NR1I3","GSE214411","Myeloid",TRUE
0.931710345796674,0.801921607170705,0.004,0.004,1,"TMEM184A","GSE214411","Myeloid",TRUE
0.931710345796674,-0.00634614011264301,0.004,0.004,1,"DLX6","GSE214411","Myeloid",TRUE
0.931710345796674,0.543577259338351,0.004,0.004,1,"CFAP53","GSE214411","Myeloid",TRUE
0.932205835243442,0.176750110257622,0.47,0.46,1,"DAD1","GSE214411","Myeloid",TRUE
0.932228403268847,-1.11676711103576,0.004,0.004,1,"KIAA1614-AS1","GSE214411","Myeloid",TRUE
0.932228403268847,-1.36074367501635,0.004,0.004,1,"RP11-803B1.8","GSE214411","Myeloid",TRUE
0.932228403268847,-0.166439921878608,0.004,0.004,1,"RP11-573D15.9","GSE214411","Myeloid",TRUE
0.932228403268847,1.49585634467578,0.004,0.004,1,"TRIM6","GSE214411","Myeloid",TRUE
0.932228403268847,-0.128876356016566,0.004,0.004,1,"TMEM25","GSE214411","Myeloid",TRUE
0.932228403268847,0.374701268031552,0.004,0.004,1,"LRRIQ1","GSE214411","Myeloid",TRUE
0.932228403268847,-0.0376706301804255,0.004,0.004,1,"SPNS2","GSE214411","Myeloid",TRUE
0.932228403268847,-0.649324755813575,0.004,0.004,1,"CEP112","GSE214411","Myeloid",TRUE
0.932228403268847,-0.158561406574693,0.004,0.004,1,"RP11-498C9.3","GSE214411","Myeloid",TRUE
0.932301806492424,0.0245576415805346,0.126,0.124,1,"USB1","GSE214411","Myeloid",TRUE
0.93274648945155,0.939152679197672,0.004,0.004,1,"NRG2","GSE214411","Myeloid",TRUE
0.93274648945155,-0.329640044592009,0.004,0.004,1,"UBAP1L","GSE214411","Myeloid",TRUE
0.93274648945155,-0.420278776775036,0.004,0.004,1,"CTC-527H23.3","GSE214411","Myeloid",TRUE
0.93274648945155,-0.0210382549730426,0.004,0.004,1,"SEPT3","GSE214411","Myeloid",TRUE
0.93316626865645,1.3769147431222,0.048,0.049,1,"SLC12A2","GSE214411","Myeloid",TRUE
0.933262250787188,0.203307308957799,0.556,0.567,1,"COX7A2","GSE214411","Myeloid",TRUE
0.933264604126352,-0.37123194942568,0.004,0.004,1,"DEPDC4","GSE214411","Myeloid",TRUE
0.933323510755314,1.22324281266246,0.015,0.015,1,"CEACAM1","GSE214411","Myeloid",TRUE
0.933490792635636,-0.238054829053551,0.107,0.105,1,"TESK1","GSE214411","Myeloid",TRUE
0.933750213297032,0.0257317823145193,0.031,0.03,1,"GLMN","GSE214411","Myeloid",TRUE
0.933782747074784,-0.334211030150631,0.004,0.004,1,"SHE","GSE214411","Myeloid",TRUE
0.933782747074784,-1.32879839304561,0.004,0.004,1,"RP11-881M11.4","GSE214411","Myeloid",TRUE
0.933782747074784,-1.12369444994207,0.004,0.004,1,"ZNF286A","GSE214411","Myeloid",TRUE
0.933782747074784,-1.34819356438645,0.004,0.004,1,"CTD-2527I21.7","GSE214411","Myeloid",TRUE
0.933782747074784,-0.557317545707153,0.004,0.004,1,"RP3-369A17.4","GSE214411","Myeloid",TRUE
0.933809315914447,0.206272703151607,0.014,0.015,1,"CABLES2","GSE214411","Myeloid",TRUE
0.93387076965471,-0.042598064878826,0.212,0.202,1,"CHCHD7","GSE214411","Myeloid",TRUE
0.934163130156076,0.172999917848996,0.341,0.323,1,"GTF2A2","GSE214411","Myeloid",TRUE
0.934300918078345,-0.52836481213336,0.004,0.004,1,"CNN1","GSE214411","Myeloid",TRUE
0.934300918078345,-2.75039865053602,0.004,0.004,1,"AURKC","GSE214411","Myeloid",TRUE
0.934971943441528,-0.0769555207912385,0.09,0.087,1,"GPS2","GSE214411","Myeloid",TRUE
0.935024495959586,0.576559787630829,0.027,0.028,1,"COQ10A","GSE214411","Myeloid",TRUE
0.935066516955174,-0.346575502012767,0.013,0.014,1,"IL7","GSE214411","Myeloid",TRUE
0.935221989045932,0.211741540890791,0.575,0.629,1,"CD53","GSE214411","Myeloid",TRUE
0.935521302946893,-0.2742282686302,0.112,0.11,1,"ERC1","GSE214411","Myeloid",TRUE
0.935534810464717,0.00353142371674098,0.129,0.128,1,"DCTD","GSE214411","Myeloid",TRUE
0.93609075456066,-0.166513046637125,0.058,0.057,1,"FAM122B","GSE214411","Myeloid",TRUE
0.936136748511096,-0.363608414737148,0.078,0.077,1,"C18orf25","GSE214411","Myeloid",TRUE
0.936276672981661,0.0194225165015713,0.08,0.081,1,"SLC39A4","GSE214411","Myeloid",TRUE
0.936659003360202,0.294008090299376,0.564,0.581,1,"C14orf2","GSE214411","Myeloid",TRUE
0.937631645692264,-0.0180728833338266,0.032,0.033,1,"TTC13","GSE214411","Myeloid",TRUE
0.937820268520531,-0.24199345375506,0.021,0.021,1,"NOTCH4","GSE214411","Myeloid",TRUE
0.937826941143161,0.321640930793905,0.021,0.02,1,"HYPK","GSE214411","Myeloid",TRUE
0.937985817302122,-0.221596598366324,0.01,0.01,1,"RP11-554J4.1","GSE214411","Myeloid",TRUE
0.938030586528748,-0.585577486946824,0.06,0.06,1,"HSPBP1","GSE214411","Myeloid",TRUE
0.938099706335496,0.169059542174332,0.217,0.213,1,"GZF1","GSE214411","Myeloid",TRUE
0.93853767749305,0.581867923145633,0.021,0.021,1,"C14orf169","GSE214411","Myeloid",TRUE
0.938588229194966,0.590273662084813,0.059,0.06,1,"LRRC57","GSE214411","Myeloid",TRUE
0.938680902713184,0.155597798596835,0.11,0.109,1,"SKIV2L2","GSE214411","Myeloid",TRUE
0.938683183615385,-0.26456715844755,0.01,0.01,1,"BEX2","GSE214411","Myeloid",TRUE
0.940355032485737,0.00166831867330658,0.343,0.328,1,"ARF3","GSE214411","Myeloid",TRUE
0.940398694075886,-0.334232859367771,0.052,0.051,1,"PIAS4","GSE214411","Myeloid",TRUE
0.940466315578027,0.130602657639658,0.147,0.147,1,"IGF2R","GSE214411","Myeloid",TRUE
0.940572208570574,0.683535716620276,0.058,0.058,1,"SPTLC1","GSE214411","Myeloid",TRUE
0.94076432331418,0.226671906443719,0.015,0.015,1,"TSPAN6","GSE214411","Myeloid",TRUE
0.940775562596533,-0.562388556547517,0.01,0.01,1,"AP001062.7","GSE214411","Myeloid",TRUE
0.940992151995928,-0.0473388711807272,0.176,0.172,1,"NFATC2IP","GSE214411","Myeloid",TRUE
0.941097866122632,0.218104380191386,0.162,0.155,1,"EGLN2","GSE214411","Myeloid",TRUE
0.941252579335041,0.549752321100875,0.026,0.025,1,"DOLK","GSE214411","Myeloid",TRUE
0.941252579335041,0.0868183403018428,0.026,0.025,1,"CSRNP2","GSE214411","Myeloid",TRUE
0.941374522439549,-1.24842613408766,0.041,0.04,1,"SMARCD3","GSE214411","Myeloid",TRUE
0.941393492118143,0.0571643063832139,0.358,0.359,1,"CCNH","GSE214411","Myeloid",TRUE
0.941619151575659,-1.42482191533789,0.02,0.02,1,"ST20-AS1","GSE214411","Myeloid",TRUE
0.941830594320292,0.488003510580725,0.108,0.107,1,"TDP2","GSE214411","Myeloid",TRUE
0.941888186665109,0.547352243452601,0.204,0.203,1,"XIAP","GSE214411","Myeloid",TRUE
0.941940033473536,-0.0573712347577491,0.021,0.02,1,"FLJ27354","GSE214411","Myeloid",TRUE
0.942611511303106,0.14442706457904,0.151,0.147,1,"CSNK2A2","GSE214411","Myeloid",TRUE
0.942755481837754,-0.457916214084002,0.037,0.037,1,"LINC00884","GSE214411","Myeloid",TRUE
0.942951197229619,0.485623461035155,0.093,0.092,1,"RBM27","GSE214411","Myeloid",TRUE
0.94299559535472,-0.425795587210825,0.091,0.09,1,"GADD45G","GSE214411","Myeloid",TRUE
0.943053916061316,0.270903948130414,0.071,0.07,1,"MDN1","GSE214411","Myeloid",TRUE
0.943334644060896,-0.630135705355298,0.013,0.014,1,"MICALCL","GSE214411","Myeloid",TRUE
0.943486241305928,0.287741420006334,0.233,0.228,1,"PPP3CA","GSE214411","Myeloid",TRUE
0.943753317230761,0.353909162267877,0.037,0.037,1,"HEMK1","GSE214411","Myeloid",TRUE
0.943960311533307,0.194039116296065,0.159,0.155,1,"G6PD","GSE214411","Myeloid",TRUE
0.944039427567794,0.667608902999804,0.021,0.021,1,"EXOC3-AS1","GSE214411","Myeloid",TRUE
0.944263762387561,0.204943275979368,0.01,0.01,1,"IZUMO4","GSE214411","Myeloid",TRUE
0.94445064022624,0.612824965928886,0.038,0.038,1,"ZW10","GSE214411","Myeloid",TRUE
0.944516324582236,0.71791596750527,0.013,0.014,1,"TADA1","GSE214411","Myeloid",TRUE
0.944612642266467,-0.414768786814283,0.01,0.01,1,"DLL1","GSE214411","Myeloid",TRUE
0.945058870873483,-0.196271801764596,0.081,0.078,1,"MINK1","GSE214411","Myeloid",TRUE
0.945189018915886,-0.539173079485932,0.007,0.007,1,"RP11-732A19.9","GSE214411","Myeloid",TRUE
0.94523973967902,0.349443032260689,0.412,0.404,1,"WAS","GSE214411","Myeloid",TRUE
0.945639959089988,-0.171552735643667,0.134,0.132,1,"NUTM2B-AS1","GSE214411","Myeloid",TRUE
0.945705043491094,-0.265448635399155,0.038,0.038,1,"BPGM","GSE214411","Myeloid",TRUE
0.945746005520234,0.327386131413344,0.041,0.041,1,"SCRIB","GSE214411","Myeloid",TRUE
0.945993821467601,-0.707243395147708,0.007,0.007,1,"LMOD3","GSE214411","Myeloid",TRUE
0.946476140777939,0.483651735346461,0.042,0.041,1,"SNAPC3","GSE214411","Myeloid",TRUE
0.94655742097061,0.768737818303221,0.022,0.021,1,"SLC25A53","GSE214411","Myeloid",TRUE
0.946798679138174,0.140263130335816,0.007,0.007,1,"SEMA6A","GSE214411","Myeloid",TRUE
0.94687934202114,0.156956808717138,0.45,0.447,1,"RPS27L","GSE214411","Myeloid",TRUE
0.947136211097237,1.23631652819659,0.026,0.026,1,"DNAL4","GSE214411","Myeloid",TRUE
0.947175548250716,-0.128746342536741,0.013,0.014,1,"FLT3LG","GSE214411","Myeloid",TRUE
0.947341607264491,0.35776286012119,0.049,0.05,1,"AP006222.2","GSE214411","Myeloid",TRUE
0.947373607753567,-0.133515607716407,0.099,0.097,1,"ARL6IP6","GSE214411","Myeloid",TRUE
0.94765878416044,0.456976674081227,0.055,0.054,1,"DOHH","GSE214411","Myeloid",TRUE
0.947728463768003,0.177575414593928,0.269,0.256,1,"UGP2","GSE214411","Myeloid",TRUE
0.947811303695628,-0.0549981849651795,0.173,0.165,1,"SETD5","GSE214411","Myeloid",TRUE
0.947862879853453,0.115224440948579,0.106,0.105,1,"MRPL48","GSE214411","Myeloid",TRUE
0.947987294918657,-0.716198315367237,0.02,0.02,1,"ZNF589","GSE214411","Myeloid",TRUE
0.948279693798053,0.344025663286842,0.326,0.319,1,"YTHDC1","GSE214411","Myeloid",TRUE
0.948296903027756,0.233795201272019,0.072,0.07,1,"IFT43","GSE214411","Myeloid",TRUE
0.948408556559806,-0.304941911703807,0.007,0.007,1,"E2F5","GSE214411","Myeloid",TRUE
0.948408556559806,-1.36805498358017,0.007,0.007,1,"ZNF792","GSE214411","Myeloid",TRUE
0.948653150965062,-0.303171704202331,0.013,0.014,1,"ADAT3","GSE214411","Myeloid",TRUE
0.948811059084645,-0.723541569681079,0.007,0.007,1,"ZNF682","GSE214411","Myeloid",TRUE
0.948861818381847,0.189735017094858,0.125,0.122,1,"RAB3GAP1","GSE214411","Myeloid",TRUE
0.948983173346374,-0.196603823985124,0.098,0.097,1,"ATF1","GSE214411","Myeloid",TRUE
0.949238382623778,-0.0792835792474147,0.037,0.036,1,"TBCK","GSE214411","Myeloid",TRUE
0.949263805571455,-0.293751841393131,0.061,0.061,1,"NAT10","GSE214411","Myeloid",TRUE
0.949420059251581,0.265637642107904,0.145,0.14,1,"TET3","GSE214411","Myeloid",TRUE
0.949448176456183,-0.0134402988245501,0.175,0.171,1,"SBF2","GSE214411","Myeloid",TRUE
0.949498045743032,-0.868999234040655,0.01,0.01,1,"CTD-2619J13.14","GSE214411","Myeloid",TRUE
0.949702379656234,0.654629682313683,0.02,0.02,1,"ZNF777","GSE214411","Myeloid",TRUE
0.949706203424768,-0.0408131680105246,0.026,0.026,1,"ZNF460","GSE214411","Myeloid",TRUE
0.949928595236651,-0.946834427332148,0.021,0.02,1,"PDIA5","GSE214411","Myeloid",TRUE
0.950018644626975,-1.79361944203654,0.007,0.007,1,"RP11-624C23.1","GSE214411","Myeloid",TRUE
0.950101086104091,0.657631420780451,0.049,0.05,1,"KLHL12","GSE214411","Myeloid",TRUE
0.950108885051423,-0.181168247047062,0.128,0.126,1,"RING1","GSE214411","Myeloid",TRUE
0.950554870166479,0.282204256727471,0.044,0.043,1,"AREL1","GSE214411","Myeloid",TRUE
0.950581293842691,-0.29127843231915,0.042,0.041,1,"NCKIPSD","GSE214411","Myeloid",TRUE
0.950744725016418,0.254261526651258,0.407,0.391,1,"SNRPE","GSE214411","Myeloid",TRUE
0.950752371112195,0.412146084039459,0.042,0.041,1,"MINPP1","GSE214411","Myeloid",TRUE
0.951483840546839,0.0231957200912385,0.036,0.036,1,"TMEM135","GSE214411","Myeloid",TRUE
0.951564599649421,-0.28736234574633,0.102,0.101,1,"PYM1","GSE214411","Myeloid",TRUE
0.95162893678329,-0.30966602830112,0.007,0.007,1,"RP11-324O2.3","GSE214411","Myeloid",TRUE
0.951711291447622,0.825923901806228,0.031,0.031,1,"TUSC1","GSE214411","Myeloid",TRUE
0.951904491446721,0.0268340459848639,0.013,0.014,1,"PP7080","GSE214411","Myeloid",TRUE
0.951928498818178,0.523550624925369,0.059,0.058,1,"PITRM1","GSE214411","Myeloid",TRUE
0.952031540942732,0.594416170367349,0.007,0.007,1,"RP11-486I11.2","GSE214411","Myeloid",TRUE
0.952434157345321,1.1938613303999,0.007,0.007,1,"TAS2R14","GSE214411","Myeloid",TRUE
0.952490951456387,-0.127717731238408,0.026,0.026,1,"FGGY","GSE214411","Myeloid",TRUE
0.952711624363834,0.324352505966935,0.022,0.021,1,"TMEM98","GSE214411","Myeloid",TRUE
0.952714772301053,-0.0777772303209734,0.181,0.179,1,"SCFD1","GSE214411","Myeloid",TRUE
0.95279136191881,0.899615710806184,0.013,0.014,1,"PXDN","GSE214411","Myeloid",TRUE
0.952836785888539,0.0115810689782796,0.007,0.007,1,"RP3-395M20.9","GSE214411","Myeloid",TRUE
0.95363543440262,0.293668286138516,0.253,0.25,1,"RIOK3","GSE214411","Myeloid",TRUE
0.953642078986757,0.43676819357344,0.007,0.007,1,"RP11-932O9.9","GSE214411","Myeloid",TRUE
0.953661208989489,0.380527865268892,0.042,0.042,1,"NBPF12","GSE214411","Myeloid",TRUE
0.953806135184068,0.106450279201073,0.037,0.036,1,"CLEC16A","GSE214411","Myeloid",TRUE
0.953886510248845,-0.399726116333634,0.048,0.048,1,"CCAR2","GSE214411","Myeloid",TRUE
0.953908178011507,-0.860964333837495,0.049,0.049,1,"SPNS3","GSE214411","Myeloid",TRUE
0.953973946639655,-0.498879975548368,0.013,0.014,1,"HSD11B1L","GSE214411","Myeloid",TRUE
0.95398263630116,-0.0995961873630313,0.066,0.066,1,"KIFC1","GSE214411","Myeloid",TRUE
0.954077606287462,0.0611809990808703,0.43,0.415,1,"UBE2I","GSE214411","Myeloid",TRUE
0.954347459472969,-0.0693810786429019,0.041,0.041,1,"SLC25A43","GSE214411","Myeloid",TRUE
0.954426483882994,0.414255832400851,0.036,0.036,1,"CD274","GSE214411","Myeloid",TRUE
0.954580484382686,-0.0391464225692753,0.053,0.052,1,"KANSL2","GSE214411","Myeloid",TRUE
0.954651601374727,-0.567109638531695,0.026,0.025,1,"PGAP3","GSE214411","Myeloid",TRUE
0.954683277867372,-0.107131422541817,0.071,0.07,1,"HS3ST1","GSE214411","Myeloid",TRUE
0.954783720467052,-0.311651863676221,0.08,0.079,1,"CUL4B","GSE214411","Myeloid",TRUE
0.955015028452566,-0.0436580182498427,0.168,0.164,1,"MRPL32","GSE214411","Myeloid",TRUE
0.955156632702596,-0.413244360430735,0.013,0.014,1,"ZBTB8A","GSE214411","Myeloid",TRUE
0.955862329096485,-0.0332763151886117,0.211,0.209,1,"JDP2","GSE214411","Myeloid",TRUE
0.955999204772747,0.0708902147947672,0.037,0.036,1,"GPATCH3","GSE214411","Myeloid",TRUE
0.956234708127765,-0.831861218654672,0.057,0.056,1,"RP11-214O1.3","GSE214411","Myeloid",TRUE
0.956348058060256,-0.170894343497042,0.04,0.04,1,"GORASP1","GSE214411","Myeloid",TRUE
0.956641833086264,-0.368498222618651,0.037,0.037,1,"RMDN2","GSE214411","Myeloid",TRUE
0.957065825591346,-0.547301097805634,0.068,0.068,1,"KIAA1191","GSE214411","Myeloid",TRUE
0.95715245467671,-0.0521260146978106,0.154,0.148,1,"JMY","GSE214411","Myeloid",TRUE
0.957435432393805,-0.272743687276581,0.051,0.05,1,"TBC1D2","GSE214411","Myeloid",TRUE
0.957703877924384,-0.192689828023673,0.031,0.031,1,"ZER1","GSE214411","Myeloid",TRUE
0.957742663790255,-0.188188729402517,0.258,0.247,1,"USP34","GSE214411","Myeloid",TRUE
0.957939814327413,-0.345059864000756,0.025,0.025,1,"ZNF614","GSE214411","Myeloid",TRUE
0.957958714087037,0.494414121845939,0.053,0.052,1,"LAMP5","GSE214411","Myeloid",TRUE
0.958013360636141,-0.0394148871598334,0.236,0.228,1,"TIMM17A","GSE214411","Myeloid",TRUE
0.958394939880426,-0.352794395877547,0.022,0.021,1,"CTC-241N9.1","GSE214411","Myeloid",TRUE
0.958404563534574,0.462161103776187,0.577,0.605,1,"LYN","GSE214411","Myeloid",TRUE
0.958437229000928,-0.440553034669368,0.04,0.04,1,"RYR1","GSE214411","Myeloid",TRUE
0.958599945378138,-0.152337862874697,0.075,0.073,1,"CEP68","GSE214411","Myeloid",TRUE
0.958621729063004,-0.681981246288631,0.052,0.052,1,"ULK3","GSE214411","Myeloid",TRUE
0.958765943997725,0.532153200906514,0.121,0.12,1,"ATF2","GSE214411","Myeloid",TRUE
0.958928781097702,0.243404359029549,0.349,0.342,1,"SEPT9","GSE214411","Myeloid",TRUE
0.958929750040135,-0.0695539378605599,0.081,0.081,1,"INTS3","GSE214411","Myeloid",TRUE
0.959169611955882,0.0540432209095529,0.038,0.037,1,"CD1B","GSE214411","Myeloid",TRUE
0.959175601483716,-0.299726031564533,0.135,0.129,1,"AGAP3","GSE214411","Myeloid",TRUE
0.959321503618553,1.10430878775737,0.016,0.016,1,"NT5E","GSE214411","Myeloid",TRUE
0.959370984701756,0.169330569694662,0.383,0.373,1,"SYNCRIP","GSE214411","Myeloid",TRUE
0.959574374395612,0.205898622743642,0.119,0.115,1,"TRPC4AP","GSE214411","Myeloid",TRUE
0.959580920045032,-0.048832710602571,0.331,0.32,1,"ILF3","GSE214411","Myeloid",TRUE
0.959941353099326,0.0500070125881457,0.229,0.22,1,"SAMD4B","GSE214411","Myeloid",TRUE
0.959983076712849,0.0606316930471409,0.099,0.096,1,"ICE1","GSE214411","Myeloid",TRUE
0.960086058792036,1.51602555212668,0.007,0.007,1,"RGL3","GSE214411","Myeloid",TRUE
0.960114278224196,0.147052987739575,0.324,0.314,1,"CTNNA1","GSE214411","Myeloid",TRUE
0.960139845041986,-0.29933096829716,0.016,0.016,1,"MYO1B","GSE214411","Myeloid",TRUE
0.960672705142974,-0.295567096805451,0.11,0.106,1,"DCPS","GSE214411","Myeloid",TRUE
0.960874232031565,0.0845145581116862,0.428,0.433,1,"CDC37","GSE214411","Myeloid",TRUE
0.960985318594297,-0.108096488818899,0.031,0.031,1,"SH3D21","GSE214411","Myeloid",TRUE
0.961877257082087,0.106547746641872,0.227,0.219,1,"PTPRJ","GSE214411","Myeloid",TRUE
0.962151827377622,0.205670754006653,0.049,0.049,1,"EBLN2","GSE214411","Myeloid",TRUE
0.962292162505608,0.166517232713472,0.164,0.16,1,"TMUB1","GSE214411","Myeloid",TRUE
0.962453974624704,-0.0813326478456435,0.064,0.062,1,"WIZ","GSE214411","Myeloid",TRUE
0.962473362969362,0.261207201003014,0.084,0.084,1,"ANAPC4","GSE214411","Myeloid",TRUE
0.962591832213797,0.4313559216386,0.366,0.367,1,"GLA","GSE214411","Myeloid",TRUE
0.962671410509275,0.447473988324659,0.063,0.062,1,"SP2","GSE214411","Myeloid",TRUE
0.963343627504335,-0.223340224950701,0.07,0.069,1,"SNX7","GSE214411","Myeloid",TRUE
0.963458258883192,0.429363734042156,0.103,0.103,1,"VPS26B","GSE214411","Myeloid",TRUE
0.963595633301957,0.249191563537484,0.279,0.268,1,"RPS6KA3","GSE214411","Myeloid",TRUE
0.963701297849404,-0.00622539505213104,0.327,0.315,1,"HNRNPUL1","GSE214411","Myeloid",TRUE
0.963815137993927,0.28990159403704,0.011,0.011,1,"PLEKHA4","GSE214411","Myeloid",TRUE
0.964203560934957,-0.209824905287164,0.252,0.245,1,"TFRC","GSE214411","Myeloid",TRUE
0.965363064896817,0.372119456595024,0.024,0.024,1,"KIAA1841","GSE214411","Myeloid",TRUE
0.965789235038541,0.0569201055670043,0.17,0.168,1,"NDRG2","GSE214411","Myeloid",TRUE
0.965901235116173,0.18820462625821,0.062,0.06,1,"CAMSAP2","GSE214411","Myeloid",TRUE
0.965965063069144,-0.566000010983843,0.084,0.082,1,"VPS11","GSE214411","Myeloid",TRUE
0.966386326968771,0.320980277687154,0.27,0.261,1,"PDCD6IP","GSE214411","Myeloid",TRUE
0.966428011088823,0.663752086676039,0.206,0.206,1,"SHOC2","GSE214411","Myeloid",TRUE
0.966429331995835,0.109699748647097,0.067,0.067,1,"ZNF263","GSE214411","Myeloid",TRUE
0.966657207418103,-0.0192767738086941,0.892,0.964,1,"RPLP1","GSE214411","Myeloid",TRUE
0.966953725916887,0.176223626648228,0.093,0.092,1,"SELO","GSE214411","Myeloid",TRUE
0.967176060777289,0.0797451490663083,0.301,0.289,1,"TSC22D2","GSE214411","Myeloid",TRUE
0.967435105386728,0.0861320485767618,0.173,0.169,1,"RAB22A","GSE214411","Myeloid",TRUE
0.967464227453127,-0.137010027933582,0.194,0.189,1,"C11orf73","GSE214411","Myeloid",TRUE
0.967779608414417,0.651152669212735,0.016,0.016,1,"PANK1","GSE214411","Myeloid",TRUE
0.967843295769176,0.263826055772517,0.344,0.334,1,"TXNDC17","GSE214411","Myeloid",TRUE
0.967939305782176,0.342978688041253,0.031,0.032,1,"CRTC1","GSE214411","Myeloid",TRUE
0.96839301911441,0.376528321005968,0.044,0.044,1,"C1orf21","GSE214411","Myeloid",TRUE
0.968639586876685,-0.584034226769742,0.025,0.025,1,"SUPT3H","GSE214411","Myeloid",TRUE
0.968946574519025,-0.329524512126214,0.114,0.111,1,"ARHGAP31","GSE214411","Myeloid",TRUE
0.969688237732148,0.529786263614413,0.019,0.019,1,"MATK","GSE214411","Myeloid",TRUE
0.969801390705873,0.064421974344255,0.357,0.355,1,"HMGA1","GSE214411","Myeloid",TRUE
0.969856683876766,0.184835316696631,0.688,0.752,1,"PTPRC","GSE214411","Myeloid",TRUE
0.969936454027885,0.100135742973842,0.058,0.058,1,"CDKN2AIPNL","GSE214411","Myeloid",TRUE
0.969962971977755,0.225076315801529,0.016,0.016,1,"STK36","GSE214411","Myeloid",TRUE
0.970044081549818,0.513883061366831,0.035,0.035,1,"ZBTB40","GSE214411","Myeloid",TRUE
0.970481770797358,-0.663382744620637,0.011,0.011,1,"ANKS6","GSE214411","Myeloid",TRUE
0.970695760232078,-0.134557608626004,0.196,0.191,1,"SIRT2","GSE214411","Myeloid",TRUE
0.97097777459002,-0.530766105926271,0.013,0.013,1,"IRG1","GSE214411","Myeloid",TRUE
0.97114855524095,-0.17780686214333,0.011,0.011,1,"USP3-AS1","GSE214411","Myeloid",TRUE
0.97114855524095,-0.541814860590789,0.011,0.011,1,"PROSER3","GSE214411","Myeloid",TRUE
0.971303232192056,3.07762039406057,0.005,0.005,1,"PVRL3","GSE214411","Myeloid",TRUE
0.971303232192056,0.854311079881687,0.005,0.005,1,"KIF24","GSE214411","Myeloid",TRUE
0.971448312019094,-0.648589651629941,0.019,0.019,1,"C2CD4B","GSE214411","Myeloid",TRUE
0.971773473070286,2.74939170362177,0.005,0.005,1,"PTPN3","GSE214411","Myeloid",TRUE
0.971807635794172,0.171002754074255,0.14,0.136,1,"CASC3","GSE214411","Myeloid",TRUE
0.972047930745022,0.282725164347185,0.056,0.055,1,"CCDC92","GSE214411","Myeloid",TRUE
0.972265049308192,0.118839337635828,0.024,0.024,1,"SETD6","GSE214411","Myeloid",TRUE
0.97245702815814,-0.0469176934853952,0.226,0.219,1,"GGA2","GSE214411","Myeloid",TRUE
0.972611852607748,-1.03141403336215,0.022,0.021,1,"RP11-390E23.6","GSE214411","Myeloid",TRUE
0.972664333983045,0.294553684294582,0.029,0.029,1,"ANKRD46","GSE214411","Myeloid",TRUE
0.972819718451312,-0.920215084898259,0.013,0.013,1,"CAPN12","GSE214411","Myeloid",TRUE
0.972968577666808,0.450898692872379,0.022,0.022,1,"IFT80","GSE214411","Myeloid",TRUE
0.973073383537471,0.552814308939179,0.074,0.074,1,"DUS3L","GSE214411","Myeloid",TRUE
0.973147141649875,-0.219685855882377,0.134,0.13,1,"CLK3","GSE214411","Myeloid",TRUE
0.973184253927935,1.79816122259941,0.005,0.005,1,"AGBL3","GSE214411","Myeloid",TRUE
0.97318694576261,0.31190973049518,0.066,0.067,1,"HAUS2","GSE214411","Myeloid",TRUE
0.973406065611814,-0.269418340464005,0.03,0.03,1,"TMEM236","GSE214411","Myeloid",TRUE
0.973511410718218,-0.926123574222482,0.016,0.016,1,"THBS3","GSE214411","Myeloid",TRUE
0.973654533076953,0.765140333376015,0.005,0.005,1,"WDR49","GSE214411","Myeloid",TRUE
0.97366440961509,1.09525318668634,0.022,0.022,1,"ABCA2","GSE214411","Myeloid",TRUE
0.97377581929978,-0.178049600058951,0.135,0.132,1,"TM9SF4","GSE214411","Myeloid",TRUE
0.973845192574385,0.0805619674818147,0.263,0.254,1,"LSM14A","GSE214411","Myeloid",TRUE
0.974035486088922,-0.337619210595508,0.104,0.104,1,"MAML3","GSE214411","Myeloid",TRUE
0.97414932808483,-0.422098454216285,0.011,0.011,1,"RP11-804H8.6","GSE214411","Myeloid",TRUE
0.974595118689451,-0.409115778566305,0.005,0.005,1,"RP11-176H8.1","GSE214411","Myeloid",TRUE
0.974824173679088,-0.0582696346226386,0.022,0.022,1,"WWTR1","GSE214411","Myeloid",TRUE
0.974875465881459,0.131930560319687,0.465,0.464,1,"PAPOLA","GSE214411","Myeloid",TRUE
0.974955841346786,-0.123033608789442,0.113,0.111,1,"BMS1","GSE214411","Myeloid",TRUE
0.974977920066469,0.00120532046134181,0.291,0.284,1,"SUGT1","GSE214411","Myeloid",TRUE
0.975065424826152,0.366455335674417,0.005,0.005,1,"C16orf46","GSE214411","Myeloid",TRUE
0.975510378456384,0.757005613817134,0.031,0.031,1,"TTC8","GSE214411","Myeloid",TRUE
0.975535739631953,-1.14732365506077,0.005,0.005,1,"RP4-781K5.2","GSE214411","Myeloid",TRUE
0.975535739631953,1.07009068000828,0.005,0.005,1,"CPNE5","GSE214411","Myeloid",TRUE
0.975725505484444,-0.38681538970571,0.181,0.174,1,"MLX","GSE214411","Myeloid",TRUE
0.975733421812087,0.317558091835749,0.018,0.018,1,"HMGN4","GSE214411","Myeloid",TRUE
0.975983991236939,0.141093163425768,0.022,0.022,1,"SMCR5","GSE214411","Myeloid",TRUE
0.975990387210064,0.696962881918699,0.017,0.017,1,"KLRB1","GSE214411","Myeloid",TRUE
0.976006062943442,0.689643734738833,0.005,0.005,1,"RP11-359B12.2","GSE214411","Myeloid",TRUE
0.976006062943442,0.0062372556361483,0.005,0.005,1,"KRT81","GSE214411","Myeloid",TRUE
0.976139871701005,0.263888939447184,0.057,0.056,1,"PYGB","GSE214411","Myeloid",TRUE
0.976194124969621,0.0339714488542131,0.157,0.151,1,"GGCX","GSE214411","Myeloid",TRUE
0.976390414436831,0.0118249458623607,0.059,0.058,1,"THAP1","GSE214411","Myeloid",TRUE
0.976476394597196,2.63677736654109,0.005,0.005,1,"C10orf25","GSE214411","Myeloid",TRUE
0.976504031284249,1.08651376078271,0.013,0.013,1,"MAP3K6","GSE214411","Myeloid",TRUE
0.976629563417067,-0.133939614372182,0.071,0.07,1,"DIS3L2","GSE214411","Myeloid",TRUE
0.976818570807988,0.196617742440649,0.137,0.135,1,"NUPL2","GSE214411","Myeloid",TRUE
0.976867047398959,-0.220421332227498,0.066,0.065,1,"CSTF2T","GSE214411","Myeloid",TRUE
0.977118134287038,0.128795566723007,0.013,0.013,1,"KLHDC1","GSE214411","Myeloid",TRUE
0.977143859441235,0.356111344784171,0.022,0.022,1,"P2RY1","GSE214411","Myeloid",TRUE
0.977268214047812,-1.47987995221013,0.006,0.006,1,"LINC01560","GSE214411","Myeloid",TRUE
0.97730753106604,0.311960103123679,0.4,0.386,1,"RTFDC1","GSE214411","Myeloid",TRUE
0.977417082277772,-2.1993681748539,0.005,0.005,1,"DANT2","GSE214411","Myeloid",TRUE
0.977417082277772,-0.308622792429944,0.005,0.005,1,"TEX9","GSE214411","Myeloid",TRUE
0.977427865023951,0.178544786608517,0.446,0.441,1,"TGFB1","GSE214411","Myeloid",TRUE
0.977467189728808,-0.281212773055547,0.102,0.099,1,"CXorf40A","GSE214411","Myeloid",TRUE
0.977722005619277,0.24709692771964,0.037,0.037,1,"TPT1-AS1","GSE214411","Myeloid",TRUE
0.977887437977709,0.123821944144414,0.005,0.005,1,"RASAL1","GSE214411","Myeloid",TRUE
0.97835780136614,-0.164782069938179,0.005,0.005,1,"C2orf91","GSE214411","Myeloid",TRUE
0.97835780136614,0.28487505322257,0.005,0.005,1,"C9orf152","GSE214411","Myeloid",TRUE
0.97835780136614,-2.04966078048785,0.005,0.005,1,"MPP3","GSE214411","Myeloid",TRUE
0.978566851290653,-2.22740141219466,0.006,0.006,1,"KCNQ3","GSE214411","Myeloid",TRUE
0.978815552532309,0.331300195764601,0.217,0.214,1,"TSG101","GSE214411","Myeloid",TRUE
0.978817595937773,-0.0316994246785958,0.164,0.158,1,"DUSP22","GSE214411","Myeloid",TRUE
0.978828172279602,1.61652789823323,0.005,0.005,1,"RP11-533E19.7","GSE214411","Myeloid",TRUE
0.978984958885967,-0.577010118224435,0.058,0.057,1,"TP53BP1","GSE214411","Myeloid",TRUE
0.979173203864638,-0.418586663004201,0.017,0.017,1,"PFKM","GSE214411","Myeloid",TRUE
0.979209527687237,-0.00397461567494384,0.063,0.062,1,"HOMER1","GSE214411","Myeloid",TRUE
0.979385457518613,0.387420408663055,0.088,0.087,1,"PDE12","GSE214411","Myeloid",TRUE
0.979768936027727,-0.108402899614569,0.005,0.005,1,"LCK","GSE214411","Myeloid",TRUE
0.979768936027727,-0.401891420144453,0.005,0.005,1,"KB-1460A1.5","GSE214411","Myeloid",TRUE
0.979768936027727,-0.315391166965444,0.005,0.005,1,"JAG2","GSE214411","Myeloid",TRUE
0.979768936027727,-0.530182068134578,0.005,0.005,1,"RP11-649A18.12","GSE214411","Myeloid",TRUE
0.979904168477625,0.14853119629205,0.072,0.071,1,"SEC22C","GSE214411","Myeloid",TRUE
0.98009258192273,0.586336588260421,0.078,0.078,1,"OASL","GSE214411","Myeloid",TRUE
0.980150187861438,1.30505293189416,0.026,0.026,1,"ADAM12","GSE214411","Myeloid",TRUE
0.980239328535425,1.18550737532509,0.005,0.005,1,"RP11-101E13.5","GSE214411","Myeloid",TRUE
0.980239328535425,-0.30621477070224,0.005,0.005,1,"RP11-388M20.1","GSE214411","Myeloid",TRUE
0.980239328535425,-0.23454779517895,0.005,0.005,1,"EDC4","GSE214411","Myeloid",TRUE
0.980607412064331,0.356936769945125,0.067,0.067,1,"CLIP2","GSE214411","Myeloid",TRUE
0.980709727914225,-0.472074992450593,0.005,0.005,1,"RP1-223E5.4","GSE214411","Myeloid",TRUE
0.980731371236357,0.924346578652512,0.006,0.006,1,"GPR3","GSE214411","Myeloid",TRUE
0.980731371236357,-0.518996634625553,0.006,0.006,1,"C10orf95","GSE214411","Myeloid",TRUE
0.980731371236357,-0.294694807518338,0.006,0.006,1,"PGF","GSE214411","Myeloid",TRUE
0.980731371236357,-0.533050511657715,0.006,0.006,1,"AC007292.3","GSE214411","Myeloid",TRUE
0.980875562684921,-0.361402563506407,0.105,0.103,1,"CRTC3","GSE214411","Myeloid",TRUE
0.981061525024514,-0.289619861107266,0.042,0.041,1,"NOL4L","GSE214411","Myeloid",TRUE
0.981140802570481,-0.241868335279829,0.143,0.139,1,"CCSER2","GSE214411","Myeloid",TRUE
0.981164292759737,-1.02800831924339,0.006,0.006,1,"RP11-134L10.1","GSE214411","Myeloid",TRUE
0.981164292759737,0.163929566819068,0.006,0.006,1,"DAB2IP","GSE214411","Myeloid",TRUE
0.981180134000625,-0.0755164788197291,0.005,0.005,1,"SYTL4","GSE214411","Myeloid",TRUE
0.981180134000625,-0.527146763140853,0.005,0.005,1,"PLEKHG4","GSE214411","Myeloid",TRUE
0.981295178167355,-0.0960045897118756,0.288,0.281,1,"CUX1","GSE214411","Myeloid",TRUE
0.981597219830487,-1.52348092278176,0.006,0.006,1,"BBS5","GSE214411","Myeloid",TRUE
0.981597219830487,-1.98838424951478,0.006,0.006,1,"C10orf2","GSE214411","Myeloid",TRUE
0.981650546631117,-0.741093544849191,0.005,0.005,1,"EMCN","GSE214411","Myeloid",TRUE
0.981650546631117,-1.88589900770617,0.005,0.005,1,"NTRK3","GSE214411","Myeloid",TRUE
0.981650546631117,-1.46264305005019,0.005,0.005,1,"MFAP4","GSE214411","Myeloid",TRUE
0.982120965642187,-1.96420407554202,0.005,0.005,1,"AC097724.3","GSE214411","Myeloid",TRUE
0.982120965642187,-0.465570435762153,0.005,0.005,1,"ADHFE1","GSE214411","Myeloid",TRUE
0.982120965642187,-0.794025480786576,0.005,0.005,1,"ASCL4","GSE214411","Myeloid",TRUE
0.982463090104263,-1.01208126677933,0.006,0.006,1,"ANKAR","GSE214411","Myeloid",TRUE
0.982463090104263,-1.37917781951372,0.006,0.006,1,"RP11-211G3.2","GSE214411","Myeloid",TRUE
0.982463090104263,-0.183269914595952,0.006,0.006,1,"RP1-191J18.66","GSE214411","Myeloid",TRUE
0.982463090104263,0.610124332430383,0.006,0.006,1,"MSRB3","GSE214411","Myeloid",TRUE
0.982463090104263,0.954997911663975,0.006,0.006,1,"DOCK9","GSE214411","Myeloid",TRUE
0.982584907499859,2.19716061447257,0.012,0.012,1,"GZMK","GSE214411","Myeloid",TRUE
0.982591390870314,-1.00837716577157,0.005,0.005,1,"CLEC4C","GSE214411","Myeloid",TRUE
0.982684761755154,0.151023041522607,0.227,0.219,1,"ACIN1","GSE214411","Myeloid",TRUE
0.982896033052361,1.34247634655024,0.006,0.006,1,"FAM149A","GSE214411","Myeloid",TRUE
0.982896033052361,-0.303889455957534,0.006,0.006,1,"BACE1-AS","GSE214411","Myeloid",TRUE
0.982974812511244,-0.413810464174699,0.122,0.119,1,"SETD7","GSE214411","Myeloid",TRUE
0.98306182215197,-0.867227008947572,0.005,0.005,1,"SYNGR3","GSE214411","Myeloid",TRUE
0.983328981037972,1.97140323189561,0.006,0.006,1,"RP11-171I2.5","GSE214411","Myeloid",TRUE
0.983328981037972,-0.206383306549134,0.006,0.006,1,"RP11-727F15.12","GSE214411","Myeloid",TRUE
0.983328981037972,0.751669679814563,0.006,0.006,1,"TMIGD2","GSE214411","Myeloid",TRUE
0.983328981037972,-0.0164428174789526,0.006,0.006,1,"ZNF681","GSE214411","Myeloid",TRUE
0.983335989488133,-0.302355918043487,0.102,0.101,1,"C7orf55","GSE214411","Myeloid",TRUE
0.983486676707612,-0.141804421800749,0.05,0.05,1,"IKZF5","GSE214411","Myeloid",TRUE
0.983584151607757,-0.315623193274424,0.102,0.101,1,"PRKRIR","GSE214411","Myeloid",TRUE
0.983800002877916,-0.17036911660132,0.084,0.083,1,"SARNP","GSE214411","Myeloid",TRUE
0.983801172520987,0.889768176949289,0.05,0.05,1,"TSEN54","GSE214411","Myeloid",TRUE
0.983843965220496,-0.244034279361466,0.131,0.129,1,"WDR18","GSE214411","Myeloid",TRUE
0.984627853945108,1.20700658606464,0.006,0.006,1,"PPP2R2C","GSE214411","Myeloid",TRUE
0.984945194705426,-0.0880977301893391,0.267,0.253,1,"ZMAT2","GSE214411","Myeloid",TRUE
0.984974899489295,0.190030799248858,0.085,0.084,1,"CANT1","GSE214411","Myeloid",TRUE
0.985060820805973,-0.0413147204837383,0.006,0.006,1,"PNPLA7","GSE214411","Myeloid",TRUE
0.985493792066931,-0.443239038582696,0.006,0.006,1,"S100A14","GSE214411","Myeloid",TRUE
0.985493792066931,-0.312367148836762,0.006,0.006,1,"TUBB2B","GSE214411","Myeloid",TRUE
0.985578495543993,0.0696631576805551,0.057,0.056,1,"PUDP","GSE214411","Myeloid",TRUE
0.985696399500048,0.358356799241716,0.359,0.352,1,"PDCD6","GSE214411","Myeloid",TRUE
0.985926767600487,-0.293698829859352,0.006,0.006,1,"CTD-2587M2.1","GSE214411","Myeloid",TRUE
0.986159511175741,0.336141047355907,0.175,0.171,1,"PDPK1","GSE214411","Myeloid",TRUE
0.986233020957887,-0.207337260193474,0.135,0.132,1,"TMA16","GSE214411","Myeloid",TRUE
0.986359747279139,1.14806322041712,0.006,0.006,1,"ADAMTS4","GSE214411","Myeloid",TRUE
0.986792730975385,0.118439317981612,0.006,0.006,1,"ACY3","GSE214411","Myeloid",TRUE
0.987122676558111,-0.234985744987513,0.119,0.115,1,"ARRDC2","GSE214411","Myeloid",TRUE
0.987225718561717,-1.4726099881499,0.006,0.006,1,"CCDC17","GSE214411","Myeloid",TRUE
0.987255973207479,0.960761373604935,0.031,0.031,1,"TWIST2","GSE214411","Myeloid",TRUE
0.987286052856577,-0.326692269571935,0.066,0.065,1,"PIGH","GSE214411","Myeloid",TRUE
0.98728930680644,-0.0644277595118767,0.169,0.165,1,"EFTUD2","GSE214411","Myeloid",TRUE
0.987630067669203,1.1877668170323,0.032,0.033,1,"C9orf3","GSE214411","Myeloid",TRUE
0.987680802563693,-0.212726843285691,0.084,0.083,1,"GBF1","GSE214411","Myeloid",TRUE
0.987697105791554,1.58097584867734,0.012,0.012,1,"RANBP17","GSE214411","Myeloid",TRUE
0.988053464548192,0.594829145687654,0.09,0.089,1,"SCAF8","GSE214411","Myeloid",TRUE
0.988091704894595,1.73009973512757,0.006,0.006,1,"TMEM30B","GSE214411","Myeloid",TRUE
0.988427861412372,-0.734630262714221,0.044,0.043,1,"CAMKK1","GSE214411","Myeloid",TRUE
0.988524703386109,1.95704391489053,0.006,0.006,1,"KLHDC9","GSE214411","Myeloid",TRUE
0.988816492587185,-0.0163302619801868,0.028,0.028,1,"MED18","GSE214411","Myeloid",TRUE
0.988957705257648,1.15283624471794,0.006,0.006,1,"TXK","GSE214411","Myeloid",TRUE
0.988975313388398,0.21273607339283,0.108,0.106,1,"C18orf32","GSE214411","Myeloid",TRUE
0.988976359719115,0.276265459921072,0.023,0.023,1,"ZNF865","GSE214411","Myeloid",TRUE
0.989130882758619,-0.323404767569219,0.119,0.117,1,"PIK3CG","GSE214411","Myeloid",TRUE
0.989168254583149,0.0166746913798066,0.202,0.199,1,"DENND1B","GSE214411","Myeloid",TRUE
0.989390710381689,1.67190367304123,0.006,0.006,1,"MPP6","GSE214411","Myeloid",TRUE
0.989636074689943,0.0221038846662283,0.051,0.051,1,"ACO1","GSE214411","Myeloid",TRUE
0.990315340964089,0.76191666644416,0.017,0.017,1,"C8orf58","GSE214411","Myeloid",TRUE
0.990580661588154,0.369310977557262,0.017,0.017,1,"RP4-591C20.9","GSE214411","Myeloid",TRUE
0.990903965728784,-0.249545979838394,0.093,0.09,1,"ADAMTSL4","GSE214411","Myeloid",TRUE
0.991108867861206,0.466760092407084,0.088,0.088,1,"UBR1","GSE214411","Myeloid",TRUE
0.991555780325905,2.24988527957544,0.006,0.006,1,"ADAMTS2","GSE214411","Myeloid",TRUE
0.991747974188728,-0.149998716781912,0.137,0.133,1,"EXOC5","GSE214411","Myeloid",TRUE
0.991820666952781,0.189023078241519,0.193,0.19,1,"DDB1","GSE214411","Myeloid",TRUE
0.992220126716117,0.76564390630482,0.083,0.083,1,"CAAP1","GSE214411","Myeloid",TRUE
0.992509410313922,0.36744631262704,0.207,0.204,1,"SRP54","GSE214411","Myeloid",TRUE
0.992805093354058,-0.217522725789409,0.029,0.029,1,"TSIX","GSE214411","Myeloid",TRUE
0.993553678168555,0.279070869395384,0.198,0.192,1,"PPFIA1","GSE214411","Myeloid",TRUE
0.993570688351799,0.438807969983639,0.327,0.335,1,"SORL1","GSE214411","Myeloid",TRUE
0.993572750979411,-0.486384757822686,0.114,0.112,1,"ZNF281","GSE214411","Myeloid",TRUE
0.993662366759616,0.197335088524807,0.082,0.081,1,"PRMT5","GSE214411","Myeloid",TRUE
0.993852807653177,0.020059605984835,0.06,0.059,1,"SUGP1","GSE214411","Myeloid",TRUE
0.994092921586893,-0.361157594133956,0.123,0.121,1,"CREB3","GSE214411","Myeloid",TRUE
0.994327380028924,-0.290989823680901,0.254,0.244,1,"PFDN1","GSE214411","Myeloid",TRUE
0.994485334342127,0.262341762942334,0.163,0.161,1,"ABHD5","GSE214411","Myeloid",TRUE
0.995010446241301,-0.279346950430433,0.022,0.022,1,"KIF17","GSE214411","Myeloid",TRUE
0.995087488417138,-0.27080319633532,0.028,0.028,1,"ARRDC1-AS1","GSE214411","Myeloid",TRUE
0.995609478975774,-0.621478082487161,0.08,0.077,1,"CTC-444N24.11","GSE214411","Myeloid",TRUE
0.995685848193955,1.46496443319525,0.012,0.012,1,"OCLN","GSE214411","Myeloid",TRUE
0.995794991966904,1.07893984938662,0.023,0.023,1,"PBX1","GSE214411","Myeloid",TRUE
0.995925963676369,-0.24503208049661,0.28,0.271,1,"RIN3","GSE214411","Myeloid",TRUE
0.996099794629808,-0.00438255649286168,0.045,0.044,1,"BAG2","GSE214411","Myeloid",TRUE
0.996324976882103,-0.0914203194628973,0.012,0.012,1,"AC096772.6","GSE214411","Myeloid",TRUE
0.996560236894634,-0.00130561734765156,0.04,0.039,1,"BTRC","GSE214411","Myeloid",TRUE
0.996644542136099,-0.497701505875405,0.012,0.012,1,"RP11-395G23.3","GSE214411","Myeloid",TRUE
0.996927353511847,-0.296419783018909,0.038,0.037,1,"ELAVL4","GSE214411","Myeloid",TRUE
0.997122004577775,0.022876695494249,0.029,0.029,1,"FUT7","GSE214411","Myeloid",TRUE
0.9972139394435,-0.383300702758144,0.017,0.017,1,"GGT7","GSE214411","Myeloid",TRUE
0.997386068662909,-0.908883157505698,0.023,0.023,1,"C19orf47","GSE214411","Myeloid",TRUE
0.997437625354538,1.10613014398562,0.024,0.024,1,"TMC4","GSE214411","Myeloid",TRUE
0.99748350857503,-0.330354712921145,0.05,0.05,1,"MAD2L1BP","GSE214411","Myeloid",TRUE
0.997843903112813,0.0410731673237619,0.187,0.18,1,"LSM1","GSE214411","Myeloid",TRUE
0.997922808022115,-0.248112465610889,0.012,0.012,1,"B3GAT2","GSE214411","Myeloid",TRUE
0.997922808022115,-0.581113952530667,0.012,0.012,1,"ESPL1","GSE214411","Myeloid",TRUE
0.998302465371848,0.197571434850396,0.203,0.199,1,"MPDU1","GSE214411","Myeloid",TRUE
0.998561943169458,-0.689474647714393,0.012,0.012,1,"RP11-464F9.20","GSE214411","Myeloid",TRUE
0.998599862429149,0.499076928594074,0.035,0.035,1,"TCTEX1D2","GSE214411","Myeloid",TRUE
0.998786198767271,0.323174617115865,0.146,0.144,1,"SNRNP40","GSE214411","Myeloid",TRUE
0.999705786000751,0.851962541553518,0.031,0.032,1,"PLPP2","GSE214411","Myeloid",TRUE
0.999751083005027,0.742488492579566,0.137,0.137,1,"CBX4","GSE214411","Myeloid",TRUE
1,-0.237594827980118,0,0,1,"RP11-54O7.16","GSE214411","Myeloid",TRUE
1,-0.237594827980118,0,0,1,"RP11-54O7.2","GSE214411","Myeloid",TRUE
1,-0.237594827980118,0,0,1,"PERM1","GSE214411","Myeloid",TRUE
1,-0.237594827980118,0,0,1,"RP11-54O7.11","GSE214411","Myeloid",TRUE
1,-0.237594827980118,0,0,1,"TTLL10-AS1","GSE214411","Myeloid",TRUE
1,-0.237594827980118,0,0,1,"RP5-902P8.10","GSE214411","Myeloid",TRUE
1,-0.237594827980118,0,0,1,"RP4-758J18.10","GSE214411","Myeloid",TRUE
1,-0.237594827980118,0,0,1,"CALML6","GSE214411","Myeloid",TRUE
1,-0.237594827980118,0,0,1,"RP11-547D24.1","GSE214411","Myeloid",TRUE
1,-0.237594827980118,0,0,1,"RP11-181G12.4","GSE214411","Myeloid",TRUE
1,-0.237594827980118,0,0,1,"RP11-168F9.2","GSE214411","Myeloid",TRUE
1,-0.237594827980118,0,0,1,"RP11-46F15.2","GSE214411","Myeloid",TRUE
1,-0.237594827980118,0,0,1,"RP1-286D6.5","GSE214411","Myeloid",TRUE
1,-0.237594827980118,0,0,1,"RP1-120G22.11","GSE214411","Myeloid",TRUE
1,-0.237594827980118,0,0,1,"TAS1R1","GSE214411","Myeloid",TRUE
1,-0.237594827980118,0,0,1,"RP11-338N10.1","GSE214411","Myeloid",TRUE
1,-0.237594827980118,0,0,1,"RP5-1115A15.1","GSE214411","Myeloid",TRUE
1,-0.237594827980118,0,0,1,"RP4-633I8.4","GSE214411","Myeloid",TRUE
1,-0.237594827980118,0,0,1,"CA6","GSE214411","Myeloid",TRUE
1,-0.237594827980118,0,0,1,"AL357140.1","GSE214411","Myeloid",TRUE
1,-0.237594827980118,0,0,1,"MASP2","GSE214411","Myeloid",TRUE
1,-0.237594827980118,0,0,1,"RP11-56N19.5","GSE214411","Myeloid",TRUE
1,-0.237594827980118,0,0,1,"AADACL4","GSE214411","Myeloid",TRUE
1,-0.237594827980118,0,0,1,"HNRNPCL1","GSE214411","Myeloid",TRUE
1,-0.237594827980118,0,0,1,"LRRC38","GSE214411","Myeloid",TRUE
1,-0.237594827980118,0,0,1,"RP3-467K16.7","GSE214411","Myeloid",TRUE
1,-0.237594827980118,0,0,1,"RP4-680D5.8","GSE214411","Myeloid",TRUE
1,-0.237594827980118,0,0,1,"RP4-680D5.2","GSE214411","Myeloid",TRUE
1,-0.237594827980118,0,0,1,"RP11-169K16.4","GSE214411","Myeloid",TRUE
1,-0.237594827980118,0,0,1,"TMEM82","GSE214411","Myeloid",TRUE
1,-0.237594827980118,0,0,1,"HSPB7","GSE214411","Myeloid",TRUE
1,-0.237594827980118,0,0,1,"CLCNKA","GSE214411","Myeloid",TRUE
1,-0.237594827980118,0,0,1,"CLCNKB","GSE214411","Myeloid",TRUE
1,-0.237594827980118,0,0,1,"FAM131C","GSE214411","Myeloid",TRUE
1,-0.237594827980118,0,0,1,"RP11-276H7.2","GSE214411","Myeloid",TRUE
1,-0.237594827980118,0,0,1,"RP11-276H7.3","GSE214411","Myeloid",TRUE
1,-0.237594827980118,0,0,1,"KLHDC7A","GSE214411","Myeloid",TRUE
1,-0.237594827980118,0,0,1,"RNF186","GSE214411","Myeloid",TRUE
1,-0.237594827980118,0,0,1,"PLA2G2A","GSE214411","Myeloid",TRUE
1,-0.237594827980118,0,0,1,"VWA5B1","GSE214411","Myeloid",TRUE
1,-0.237594827980118,0,0,1,"RP11-63N8.3","GSE214411","Myeloid",TRUE
1,-0.237594827980118,0,0,1,"EPHA8","GSE214411","Myeloid",TRUE
1,-0.237594827980118,0,0,1,"C1orf234","GSE214411","Myeloid",TRUE
1,-0.237594827980118,0,0,1,"HTR1D","GSE214411","Myeloid",TRUE
1,-0.237594827980118,0,0,1,"RP5-1057J7.7","GSE214411","Myeloid",TRUE
1,-0.237594827980118,0,0,1,"RP1-150O5.3","GSE214411","Myeloid",TRUE
1,-0.237594827980118,0,0,1,"MDS2","GSE214411","Myeloid",TRUE
1,-0.237594827980118,0,0,1,"MYOM3","GSE214411","Myeloid",TRUE
1,-0.237594827980118,0,0,1,"IL22RA1","GSE214411","Myeloid",TRUE
1,-0.237594827980118,0,0,1,"RP4-706G24.1","GSE214411","Myeloid",TRUE
1,-0.237594827980118,0,0,1,"RHCE","GSE214411","Myeloid",TRUE
1,-0.237594827980118,0,0,1,"TRIM63","GSE214411","Myeloid",TRUE
1,-0.237594827980118,0,0,1,"RP11-96L14.7","GSE214411","Myeloid",TRUE
1,-0.237594827980118,0,0,1,"AIM1L","GSE214411","Myeloid",TRUE
1,-0.237594827980118,0,0,1,"LIN28A","GSE214411","Myeloid",TRUE
1,-0.237594827980118,0,0,1,"RP3-476K8.3","GSE214411","Myeloid",TRUE
1,-0.237594827980118,0,0,1,"NR0B2","GSE214411","Myeloid",TRUE
1,-0.237594827980118,0,0,1,"RP11-460I13.2","GSE214411","Myeloid",TRUE
1,-0.237594827980118,0,0,1,"RP5-1092A3.5","GSE214411","Myeloid",TRUE
1,-0.237594827980118,0,0,1,"OPRD1","GSE214411","Myeloid",TRUE
1,-0.237594827980118,0,0,1,"RP1-212P9.3","GSE214411","Myeloid",TRUE
1,-0.237594827980118,0,0,1,"RP3-437I16.1","GSE214411","Myeloid",TRUE
1,-0.237594827980118,0,0,1,"RP11-111I12.1","GSE214411","Myeloid",TRUE
1,-0.237594827980118,0,0,1,"RP11-84A19.2","GSE214411","Myeloid",TRUE
1,-0.237594827980118,0,0,1,"RP4-534N18.2","GSE214411","Myeloid",TRUE
1,-0.237594827980118,0,0,1,"TSSK3","GSE214411","Myeloid",TRUE
1,-0.237594827980118,0,0,1,"RP11-415J8.7","GSE214411","Myeloid",TRUE
1,-0.237594827980118,0,0,1,"A3GALT2","GSE214411","Myeloid",TRUE
1,-0.237594827980118,0,0,1,"GJB4","GSE214411","Myeloid",TRUE
1,-0.237594827980118,0,0,1,"ZMYM6NB","GSE214411","Myeloid",TRUE
1,-0.237594827980118,0,0,1,"ZMYM4-AS1","GSE214411","Myeloid",TRUE
1,-0.237594827980118,0,0,1,"GRIK3","GSE214411","Myeloid",TRUE
1,-0.237594827980118,0,0,1,"EPHA10","GSE214411","Myeloid",TRUE
1,-0.237594827980118,0,0,1,"RP5-864K19.6","GSE214411","Myeloid",TRUE
1,-0.237594827980118,0,0,1,"GJA9","GSE214411","Myeloid",TRUE
1,-0.237594827980118,0,0,1,"BMP8A","GSE214411","Myeloid",TRUE
1,-0.237594827980118,0,0,1,"NT5C1A","GSE214411","Myeloid",TRUE
1,-0.237594827980118,0,0,1,"TMCO2","GSE214411","Myeloid",TRUE
1,-0.237594827980118,0,0,1,"KCNQ4","GSE214411","Myeloid",TRUE
1,-0.237594827980118,0,0,1,"SLFNL1","GSE214411","Myeloid",TRUE
1,-0.237594827980118,0,0,1,"FOXO6","GSE214411","Myeloid",TRUE
1,-0.237594827980118,0,0,1,"RP11-399E6.4","GSE214411","Myeloid",TRUE
1,-0.237594827980118,0,0,1,"SZT2-AS1","GSE214411","Myeloid",TRUE
1,-0.237594827980118,0,0,1,"HYI-AS1","GSE214411","Myeloid",TRUE
1,-0.237594827980118,0,0,1,"RP11-184I16.4","GSE214411","Myeloid",TRUE
1,-0.237594827980118,0,0,1,"RP11-269F19.2","GSE214411","Myeloid",TRUE
1,-0.237594827980118,0,0,1,"ZSWIM5","GSE214411","Myeloid",TRUE
1,-0.237594827980118,0,0,1,"RP4-533D7.4","GSE214411","Myeloid",TRUE
1,-0.237594827980118,0,0,1,"MKNK1-AS1","GSE214411","Myeloid",TRUE
1,-0.237594827980118,0,0,1,"TEX38","GSE214411","Myeloid",TRUE
1,-0.237594827980118,0,0,1,"CYP4B1","GSE214411","Myeloid",TRUE
1,-0.237594827980118,0,0,1,"CYP4A11","GSE214411","Myeloid",TRUE
1,-0.237594827980118,0,0,1,"CYP4Z1","GSE214411","Myeloid",TRUE
1,-0.237594827980118,0,0,1,"LINC00853","GSE214411","Myeloid",TRUE
1,-0.237594827980118,0,0,1,"LINC01389","GSE214411","Myeloid",TRUE
1,-0.237594827980118,0,0,1,"FOXE3","GSE214411","Myeloid",TRUE
1,-0.237594827980118,0,0,1,"TRABD2B","GSE214411","Myeloid",TRUE
1,-0.237594827980118,0,0,1,"RP5-1024N4.4","GSE214411","Myeloid",TRUE
1,-0.237594827980118,0,0,1,"LINC01562","GSE214411","Myeloid",TRUE
1,-0.237594827980118,0,0,1,"RP11-253A20.1","GSE214411","Myeloid",TRUE
1,-0.237594827980118,0,0,1,"RP11-191G24.1","GSE214411","Myeloid",TRUE
1,-0.237594827980118,0,0,1,"RP4-657D16.6","GSE214411","Myeloid",TRUE
1,-0.237594827980118,0,0,1,"RP11-91A18.4","GSE214411","Myeloid",TRUE
1,-0.237594827980118,0,0,1,"RP11-155O18.6","GSE214411","Myeloid",TRUE
1,-0.237594827980118,0,0,1,"RP11-25O10.2","GSE214411","Myeloid",TRUE
1,-0.237594827980118,0,0,1,"SLC1A7","GSE214411","Myeloid",TRUE
1,-0.237594827980118,0,0,1,"RP11-334A14.8","GSE214411","Myeloid",TRUE
1,-0.237594827980118,0,0,1,"RP5-1024G6.2","GSE214411","Myeloid",TRUE
1,-0.237594827980118,0,0,1,"RP4-784A16.5","GSE214411","Myeloid",TRUE
1,-0.237594827980118,0,0,1,"GLIS1","GSE214411","Myeloid",TRUE
1,-0.237594827980118,0,0,1,"RP11-446E24.4","GSE214411","Myeloid",TRUE
1,-0.237594827980118,0,0,1,"SSBP3-AS1","GSE214411","Myeloid",TRUE
1,-0.237594827980118,0,0,1,"FAM151A","GSE214411","Myeloid",TRUE
1,-0.237594827980118,0,0,1,"LEXM","GSE214411","Myeloid",TRUE
1,-0.237594827980118,0,0,1,"RP11-67L3.5","GSE214411","Myeloid",TRUE
1,-0.237594827980118,0,0,1,"RP11-67L3.4","GSE214411","Myeloid",TRUE
1,-0.237594827980118,0,0,1,"RP11-90C4.1","GSE214411","Myeloid",TRUE
1,-0.237594827980118,0,0,1,"C8A","GSE214411","Myeloid",TRUE
1,-0.237594827980118,0,0,1,"RP11-467C18.1","GSE214411","Myeloid",TRUE
1,-0.237594827980118,0,0,1,"RP11-776H12.1","GSE214411","Myeloid",TRUE
1,-0.237594827980118,0,0,1,"NFIA-AS2","GSE214411","Myeloid",TRUE
1,-0.237594827980118,0,0,1,"KANK4","GSE214411","Myeloid",TRUE
1,-0.237594827980118,0,0,1,"ANGPTL3","GSE214411","Myeloid",TRUE
1,-0.237594827980118,0,0,1,"RP11-230B22.1","GSE214411","Myeloid",TRUE
1,-0.237594827980118,0,0,1,"ROR1-AS1","GSE214411","Myeloid",TRUE
1,-0.237594827980118,0,0,1,"RP4-598P13.1","GSE214411","Myeloid",TRUE
1,-0.237594827980118,0,0,1,"INSL5","GSE214411","Myeloid",TRUE
1,-0.237594827980118,0,0,1,"C1orf141","GSE214411","Myeloid",TRUE
1,-0.237594827980118,0,0,1,"IL12RB2","GSE214411","Myeloid",TRUE
1,-0.237594827980118,0,0,1,"RP11-180O5.2","GSE214411","Myeloid",TRUE
1,-0.237594827980118,0,0,1,"ZRANB2-AS1","GSE214411","Myeloid",TRUE
1,-0.237594827980118,0,0,1,"TNNI3K","GSE214411","Myeloid",TRUE
1,-0.237594827980118,0,0,1,"RP11-439H8.4","GSE214411","Myeloid",TRUE
1,-0.237594827980118,0,0,1,"MSH4","GSE214411","Myeloid",TRUE
1,-0.237594827980118,0,0,1,"RP5-1102E8.3","GSE214411","Myeloid",TRUE
1,-0.237594827980118,0,0,1,"PTGFR","GSE214411","Myeloid",TRUE
1,-0.237594827980118,0,0,1,"RP11-339D23.1","GSE214411","Myeloid",TRUE
1,-0.237594827980118,0,0,1,"LINC01361","GSE214411","Myeloid",TRUE
1,-0.237594827980118,0,0,1,"RP11-475O6.1","GSE214411","Myeloid",TRUE
1,-0.237594827980118,0,0,1,"RP4-621F18.2","GSE214411","Myeloid",TRUE
1,-0.237594827980118,0,0,1,"RP11-290M5.4","GSE214411","Myeloid",TRUE
1,-0.237594827980118,0,0,1,"CLCA4","GSE214411","Myeloid",TRUE
1,-0.237594827980118,0,0,1,"RP4-604K5.3","GSE214411","Myeloid",TRUE
1,-0.237594827980118,0,0,1,"RP5-1052I5.2","GSE214411","Myeloid",TRUE
1,-0.237594827980118,0,0,1,"LINC01364","GSE214411","Myeloid",TRUE
1,-0.237594827980118,0,0,1,"PKN2-AS1","GSE214411","Myeloid",TRUE
1,-0.237594827980118,0,0,1,"GBP7","GSE214411","Myeloid",TRUE
1,-0.237594827980118,0,0,1,"RP4-665J23.2","GSE214411","Myeloid",TRUE
1,-0.237594827980118,0,0,1,"HFM1","GSE214411","Myeloid",TRUE
1,-0.237594827980118,0,0,1,"BRDT","GSE214411","Myeloid",TRUE
1,-0.237594827980118,0,0,1,"EPHX4","GSE214411","Myeloid",TRUE
1,-0.237594827980118,0,0,1,"RP5-1033H22.2","GSE214411","Myeloid",TRUE
1,-0.237594827980118,0,0,1,"ABCA4","GSE214411","Myeloid",TRUE
1,-0.237594827980118,0,0,1,"RP11-148B18.1","GSE214411","Myeloid",TRUE
1,-0.237594827980118,0,0,1,"RP11-86H7.6","GSE214411","Myeloid",TRUE
1,-0.237594827980118,0,0,1,"RP4-639F20.1","GSE214411","Myeloid",TRUE
1,-0.237594827980118,0,0,1,"RP11-57H12.3","GSE214411","Myeloid",TRUE
1,-0.237594827980118,0,0,1,"RP4-586O15.1","GSE214411","Myeloid",TRUE
1,-0.237594827980118,0,0,1,"DPYD-AS1","GSE214411","Myeloid",TRUE
1,-0.237594827980118,0,0,1,"RP5-896L10.1","GSE214411","Myeloid",TRUE
1,-0.237594827980118,0,0,1,"RP4-575N6.4","GSE214411","Myeloid",TRUE
1,-0.237594827980118,0,0,1,"NTNG1","GSE214411","Myeloid",TRUE
1,-0.237594827980118,0,0,1,"RP11-475E11.9","GSE214411","Myeloid",TRUE
1,-0.237594827980118,0,0,1,"SPATA42","GSE214411","Myeloid",TRUE
1,-0.237594827980118,0,0,1,"MYBPHL","GSE214411","Myeloid",TRUE
1,-0.237594827980118,0,0,1,"SYPL2","GSE214411","Myeloid",TRUE
1,-0.237594827980118,0,0,1,"GPR61","GSE214411","Myeloid",TRUE
1,-0.237594827980118,0,0,1,"GNAT2","GSE214411","Myeloid",TRUE
1,-0.237594827980118,0,0,1,"AC000032.2","GSE214411","Myeloid",TRUE
1,-0.237594827980118,0,0,1,"EPS8L3","GSE214411","Myeloid",TRUE
1,-0.237594827980118,0,0,1,"UBL4B","GSE214411","Myeloid",TRUE
1,-0.237594827980118,0,0,1,"KCNC4-AS1","GSE214411","Myeloid",TRUE
1,-0.237594827980118,0,0,1,"PROK1","GSE214411","Myeloid",TRUE
1,-0.237594827980118,0,0,1,"KCNA2","GSE214411","Myeloid",TRUE
1,-0.237594827980118,0,0,1,"RP11-88H9.2","GSE214411","Myeloid",TRUE
1,-0.237594827980118,0,0,1,"RP11-426L16.3","GSE214411","Myeloid",TRUE
1,-0.237594827980118,0,0,1,"RP11-426L16.9","GSE214411","Myeloid",TRUE
1,-0.237594827980118,0,0,1,"AMPD1","GSE214411","Myeloid",TRUE
1,-0.237594827980118,0,0,1,"NGF","GSE214411","Myeloid",TRUE
1,-0.237594827980118,0,0,1,"CASQ2","GSE214411","Myeloid",TRUE
1,-0.237594827980118,0,0,1,"MAB21L3","GSE214411","Myeloid",TRUE
1,-0.237594827980118,0,0,1,"TBX15","GSE214411","Myeloid",TRUE
1,-0.237594827980118,0,0,1,"RP4-712E4.1","GSE214411","Myeloid",TRUE
1,-0.237594827980118,0,0,1,"WARS2-IT1","GSE214411","Myeloid",TRUE
1,-0.237594827980118,0,0,1,"HMGCS2","GSE214411","Myeloid",TRUE
1,-0.237594827980118,0,0,1,"REG4","GSE214411","Myeloid",TRUE
1,-0.237594827980118,0,0,1,"ADAM30","GSE214411","Myeloid",TRUE
1,-0.237594827980118,0,0,1,"CH17-118O6.3","GSE214411","Myeloid",TRUE
1,-0.237594827980118,0,0,1,"CH17-125A10.2","GSE214411","Myeloid",TRUE
1,-0.237594827980118,0,0,1,"RP11-89F3.2","GSE214411","Myeloid",TRUE
1,-0.237594827980118,0,0,1,"RP11-315I20.3","GSE214411","Myeloid",TRUE
1,-0.237594827980118,0,0,1,"RP11-458D21.1","GSE214411","Myeloid",TRUE
1,-0.237594827980118,0,0,1,"CH17-408M7.1","GSE214411","Myeloid",TRUE
1,-0.237594827980118,0,0,1,"GJA5","GSE214411","Myeloid",TRUE
1,-0.237594827980118,0,0,1,"RP11-433J22.3","GSE214411","Myeloid",TRUE
1,-0.237594827980118,0,0,1,"GJA8","GSE214411","Myeloid",TRUE
1,-0.237594827980118,0,0,1,"XXyac-YX155B6.7","GSE214411","Myeloid",TRUE
1,-0.237594827980118,0,0,1,"RP11-94I2.4","GSE214411","Myeloid",TRUE
1,-0.237594827980118,0,0,1,"RP4-565E6.1","GSE214411","Myeloid",TRUE
1,-0.237594827980118,0,0,1,"RP6-74O6.6","GSE214411","Myeloid",TRUE
1,-0.237594827980118,0,0,1,"PPIAL4G","GSE214411","Myeloid",TRUE
1,-0.237594827980118,0,0,1,"RP4-791M13.3","GSE214411","Myeloid",TRUE
1,-0.237594827980118,0,0,1,"HIST2H3D","GSE214411","Myeloid",TRUE
1,-0.237594827980118,0,0,1,"RP4-790G17.7","GSE214411","Myeloid",TRUE
1,-0.237594827980118,0,0,1,"CA14","GSE214411","Myeloid",TRUE
1,-0.237594827980118,0,0,1,"RP11-316M1.3","GSE214411","Myeloid",TRUE
1,-0.237594827980118,0,0,1,"RP11-126K1.9","GSE214411","Myeloid",TRUE
1,-0.237594827980118,0,0,1,"RP11-126K1.8","GSE214411","Myeloid",TRUE
1,-0.237594827980118,0,0,1,"CELF3","GSE214411","Myeloid",TRUE
1,-0.237594827980118,0,0,1,"RP11-98D18.15","GSE214411","Myeloid",TRUE
1,-0.237594827980118,0,0,1,"C2CD4D","GSE214411","Myeloid",TRUE
1,-0.237594827980118,0,0,1,"AL450992.2","GSE214411","Myeloid",TRUE
1,-0.237594827980118,0,0,1,"AL591893.1","GSE214411","Myeloid",TRUE
1,-0.237594827980118,0,0,1,"FLG2","GSE214411","Myeloid",TRUE
1,-0.237594827980118,0,0,1,"SPRR1B","GSE214411","Myeloid",TRUE
1,-0.237594827980118,0,0,1,"SPRR2D","GSE214411","Myeloid",TRUE
1,-0.237594827980118,0,0,1,"SPRR2A","GSE214411","Myeloid",TRUE
1,-0.237594827980118,0,0,1,"SPRR2E","GSE214411","Myeloid",TRUE
1,-0.237594827980118,0,0,1,"S100A7","GSE214411","Myeloid",TRUE
1,-0.237594827980118,0,0,1,"BX470102.3","GSE214411","Myeloid",TRUE
1,-0.237594827980118,0,0,1,"AL513523.2","GSE214411","Myeloid",TRUE
1,-0.237594827980118,0,0,1,"C1orf189","GSE214411","Myeloid",TRUE
1,-0.237594827980118,0,0,1,"AQP10","GSE214411","Myeloid",TRUE
1,-0.237594827980118,0,0,1,"CHRNB2","GSE214411","Myeloid",TRUE
1,-0.237594827980118,0,0,1,"RP11-61L14.6","GSE214411","Myeloid",TRUE
1,-0.237594827980118,0,0,1,"DCST1","GSE214411","Myeloid",TRUE
1,-0.237594827980118,0,0,1,"RP11-201K10.3","GSE214411","Myeloid",TRUE
1,-0.237594827980118,0,0,1,"AC234582.1","GSE214411","Myeloid",TRUE
1,-0.237594827980118,0,0,1,"RP11-263K19.4","GSE214411","Myeloid",TRUE
1,-0.237594827980118,0,0,1,"PKLR","GSE214411","Myeloid",TRUE
1,-0.237594827980118,0,0,1,"BGLAP","GSE214411","Myeloid",TRUE
1,-0.237594827980118,0,0,1,"RP11-284F21.8","GSE214411","Myeloid",TRUE
1,-0.237594827980118,0,0,1,"RP11-284F21.11","GSE214411","Myeloid",TRUE
1,-0.237594827980118,0,0,1,"HAPLN2","GSE214411","Myeloid",TRUE
1,-0.237594827980118,0,0,1,"RP11-284F21.9","GSE214411","Myeloid",TRUE
1,-0.237594827980118,0,0,1,"RP11-284F21.10","GSE214411","Myeloid",TRUE
1,-0.237594827980118,0,0,1,"RP11-66D17.3","GSE214411","Myeloid",TRUE
1,-0.237594827980118,0,0,1,"NTRK1","GSE214411","Myeloid",TRUE
1,-0.237594827980118,0,0,1,"INSRR","GSE214411","Myeloid",TRUE
1,-0.237594827980118,0,0,1,"RP11-71G12.1","GSE214411","Myeloid",TRUE
1,-0.237594827980118,0,0,1,"FCRL4","GSE214411","Myeloid",TRUE
1,-0.237594827980118,0,0,1,"FCRL3","GSE214411","Myeloid",TRUE
1,-0.237594827980118,0,0,1,"FCRL2","GSE214411","Myeloid",TRUE
1,-0.237594827980118,0,0,1,"RP11-404O13.1","GSE214411","Myeloid",TRUE
1,-0.237594827980118,0,0,1,"CADM3","GSE214411","Myeloid",TRUE
1,-0.237594827980118,0,0,1,"RP11-536C5.2","GSE214411","Myeloid",TRUE
1,-0.237594827980118,0,0,1,"KCNJ9","GSE214411","Myeloid",TRUE
1,-0.237594827980118,0,0,1,"RP11-574F21.3","GSE214411","Myeloid",TRUE
1,-0.237594827980118,0,0,1,"ITLN2","GSE214411","Myeloid",TRUE
1,-0.237594827980118,0,0,1,"RP11-544M22.8","GSE214411","Myeloid",TRUE
1,-0.237594827980118,0,0,1,"PCP4L1","GSE214411","Myeloid",TRUE
1,-0.237594827980118,0,0,1,"C1orf226","GSE214411","Myeloid",TRUE
1,-0.237594827980118,0,0,1,"RP11-506O24.1","GSE214411","Myeloid",TRUE
1,-0.237594827980118,0,0,1,"RXRG","GSE214411","Myeloid",TRUE
1,-0.237594827980118,0,0,1,"LRRC52","GSE214411","Myeloid",TRUE
1,-0.237594827980118,0,0,1,"RP11-466F5.10","GSE214411","Myeloid",TRUE
1,-0.237594827980118,0,0,1,"RP11-525G13.2","GSE214411","Myeloid",TRUE
1,-0.237594827980118,0,0,1,"RP5-968D22.1","GSE214411","Myeloid",TRUE
1,-0.237594827980118,0,0,1,"CCDC181","GSE214411","Myeloid",TRUE
1,-0.237594827980118,0,0,1,"RP11-576I22.2","GSE214411","Myeloid",TRUE
1,-0.237594827980118,0,0,1,"MROH9","GSE214411","Myeloid",TRUE
1,-0.237594827980118,0,0,1,"FMO3","GSE214411","Myeloid",TRUE
1,-0.237594827980118,0,0,1,"FMO1","GSE214411","Myeloid",TRUE
1,-0.237594827980118,0,0,1,"C1orf105","GSE214411","Myeloid",TRUE
1,-0.237594827980118,0,0,1,"RP3-471M13.2","GSE214411","Myeloid",TRUE
1,-0.237594827980118,0,0,1,"GAS5-AS1","GSE214411","Myeloid",TRUE
1,-0.237594827980118,0,0,1,"TNN","GSE214411","Myeloid",TRUE
1,-0.237594827980118,0,0,1,"TNR","GSE214411","Myeloid",TRUE
1,-0.237594827980118,0,0,1,"RP11-195C7.1","GSE214411","Myeloid",TRUE
1,-0.237594827980118,0,0,1,"ASTN1","GSE214411","Myeloid",TRUE
1,-0.237594827980118,0,0,1,"BRINP2","GSE214411","Myeloid",TRUE
1,-0.237594827980118,0,0,1,"TEX35","GSE214411","Myeloid",TRUE
1,-0.237594827980118,0,0,1,"C1orf220","GSE214411","Myeloid",TRUE
1,-0.237594827980118,0,0,1,"RP5-1098D14.1","GSE214411","Myeloid",TRUE
1,-0.237594827980118,0,0,1,"AXDND1","GSE214411","Myeloid",TRUE
1,-0.237594827980118,0,0,1,"TDRD5","GSE214411","Myeloid",TRUE
1,-0.237594827980118,0,0,1,"RP11-12M5.3","GSE214411","Myeloid",TRUE
1,-0.237594827980118,0,0,1,"RP11-46A10.2","GSE214411","Myeloid",TRUE
1,-0.237594827980118,0,0,1,"RP11-540K16.1","GSE214411","Myeloid",TRUE
1,-0.237594827980118,0,0,1,"ZNF648","GSE214411","Myeloid",TRUE
1,-0.237594827980118,0,0,1,"RGSL1","GSE214411","Myeloid",TRUE
1,-0.237594827980118,0,0,1,"SHCBP1L","GSE214411","Myeloid",TRUE
1,-0.237594827980118,0,0,1,"GS1-204I12.4","GSE214411","Myeloid",TRUE
1,-0.237594827980118,0,0,1,"PRG4","GSE214411","Myeloid",TRUE
1,-0.237594827980118,0,0,1,"PDC","GSE214411","Myeloid",TRUE
1,-0.237594827980118,0,0,1,"LINC01036","GSE214411","Myeloid",TRUE
1,-0.237594827980118,0,0,1,"LINC01037","GSE214411","Myeloid",TRUE
1,-0.237594827980118,0,0,1,"RP11-445P19.3","GSE214411","Myeloid",TRUE
1,-0.237594827980118,0,0,1,"LINC01031","GSE214411","Myeloid",TRUE
1,-0.237594827980118,0,0,1,"RP11-563D10.1","GSE214411","Myeloid",TRUE
1,-0.237594827980118,0,0,1,"RP11-476B1.1","GSE214411","Myeloid",TRUE
1,-0.237594827980118,0,0,1,"KCNT2","GSE214411","Myeloid",TRUE
1,-0.237594827980118,0,0,1,"CFHR3","GSE214411","Myeloid",TRUE
1,-0.237594827980118,0,0,1,"CRB1","GSE214411","Myeloid",TRUE
1,-0.237594827980118,0,0,1,"LHX9","GSE214411","Myeloid",TRUE
1,-0.237594827980118,0,0,1,"RP11-553K8.5","GSE214411","Myeloid",TRUE
1,-0.237594827980118,0,0,1,"RP11-16L9.2","GSE214411","Myeloid",TRUE
1,-0.237594827980118,0,0,1,"ASCL5","GSE214411","Myeloid",TRUE
1,-0.237594827980118,0,0,1,"PKP1","GSE214411","Myeloid",TRUE
1,-0.237594827980118,0,0,1,"TNNI1","GSE214411","Myeloid",TRUE
1,-0.237594827980118,0,0,1,"RP11-465N4.5","GSE214411","Myeloid",TRUE
1,-0.237594827980118,0,0,1,"LGR6","GSE214411","Myeloid",TRUE
1,-0.237594827980118,0,0,1,"RP11-480I12.10","GSE214411","Myeloid",TRUE
1,-0.237594827980118,0,0,1,"CNTN2","GSE214411","Myeloid",TRUE
1,-0.237594827980118,0,0,1,"KLHDC8A","GSE214411","Myeloid",TRUE
1,-0.237594827980118,0,0,1,"LEMD1-AS1","GSE214411","Myeloid",TRUE
1,-0.237594827980118,0,0,1,"LEMD1","GSE214411","Myeloid",TRUE
1,-0.237594827980118,0,0,1,"BLACAT1","GSE214411","Myeloid",TRUE
1,-0.237594827980118,0,0,1,"RP11-576D8.4","GSE214411","Myeloid",TRUE
1,-0.237594827980118,0,0,1,"SLC26A9","GSE214411","Myeloid",TRUE
1,-0.237594827980118,0,0,1,"CTSE","GSE214411","Myeloid",TRUE
1,-0.237594827980118,0,0,1,"AVPR1B","GSE214411","Myeloid",TRUE
1,-0.237594827980118,0,0,1,"RP11-164O23.8","GSE214411","Myeloid",TRUE
1,-0.237594827980118,0,0,1,"RP11-164O23.7","GSE214411","Myeloid",TRUE
1,-0.237594827980118,0,0,1,"CR2","GSE214411","Myeloid",TRUE
1,-0.237594827980118,0,0,1,"RP11-328D5.1","GSE214411","Myeloid",TRUE
1,-0.237594827980118,0,0,1,"KCNH1","GSE214411","Myeloid",TRUE
1,-0.237594827980118,0,0,1,"KCNK2","GSE214411","Myeloid",TRUE
1,-0.237594827980118,0,0,1,"USH2A","GSE214411","Myeloid",TRUE
1,-0.237594827980118,0,0,1,"ESRRG","GSE214411","Myeloid",TRUE
1,-0.237594827980118,0,0,1,"RP11-135J2.3","GSE214411","Myeloid",TRUE
1,-0.237594827980118,0,0,1,"RP11-95P13.1","GSE214411","Myeloid",TRUE
1,-0.237594827980118,0,0,1,"RNU6ATAC35P","GSE214411","Myeloid",TRUE
1,-0.237594827980118,0,0,1,"LINC01352","GSE214411","Myeloid",TRUE
1,-0.237594827980118,0,0,1,"C1orf140","GSE214411","Myeloid",TRUE
1,-0.237594827980118,0,0,1,"RP11-400N13.2","GSE214411","Myeloid",TRUE
1,-0.237594827980118,0,0,1,"RP11-400N13.1","GSE214411","Myeloid",TRUE
1,-0.237594827980118,0,0,1,"RP11-378J18.9","GSE214411","Myeloid",TRUE
1,-0.237594827980118,0,0,1,"LEFTY2","GSE214411","Myeloid",TRUE
1,-0.237594827980118,0,0,1,"RP11-396C23.2","GSE214411","Myeloid",TRUE
1,-0.237594827980118,0,0,1,"MIXL1","GSE214411","Myeloid",TRUE
1,-0.237594827980118,0,0,1,"C1orf95","GSE214411","Myeloid",TRUE
1,-0.237594827980118,0,0,1,"CTD-2090I13.1","GSE214411","Myeloid",TRUE
1,-0.237594827980118,0,0,1,"WNT3A","GSE214411","Myeloid",TRUE
1,-0.237594827980118,0,0,1,"C1orf145","GSE214411","Myeloid",TRUE
1,-0.237594827980118,0,0,1,"RP5-1139B12.3","GSE214411","Myeloid",TRUE
1,-0.237594827980118,0,0,1,"RP5-1139B12.4","GSE214411","Myeloid",TRUE
1,-0.237594827980118,0,0,1,"RP5-1061H20.5","GSE214411","Myeloid",TRUE
1,-0.237594827980118,0,0,1,"RP5-1061H20.4","GSE214411","Myeloid",TRUE
1,-0.237594827980118,0,0,1,"RP4-613A2.1","GSE214411","Myeloid",TRUE
1,-0.237594827980118,0,0,1,"RP5-956O18.3","GSE214411","Myeloid",TRUE
1,-0.237594827980118,0,0,1,"RP11-99J16--A.2","GSE214411","Myeloid",TRUE
1,-0.237594827980118,0,0,1,"CAPN9","GSE214411","Myeloid",TRUE
1,-0.237594827980118,0,0,1,"RP5-858B6.3","GSE214411","Myeloid",TRUE
1,-0.237594827980118,0,0,1,"RP5-827C21.6","GSE214411","Myeloid",TRUE
1,-0.237594827980118,0,0,1,"LINC00184","GSE214411","Myeloid",TRUE
1,-0.237594827980118,0,0,1,"RYR2","GSE214411","Myeloid",TRUE
1,-0.237594827980118,0,0,1,"CHRM3-AS2","GSE214411","Myeloid",TRUE
1,-0.237594827980118,0,0,1,"FMN2","GSE214411","Myeloid",TRUE
1,-0.237594827980118,0,0,1,"MAP1LC3C","GSE214411","Myeloid",TRUE
1,-0.237594827980118,0,0,1,"PLD5","GSE214411","Myeloid",TRUE
1,-0.237594827980118,0,0,1,"LINC01347","GSE214411","Myeloid",TRUE
1,-0.237594827980118,0,0,1,"RP11-261C10.5","GSE214411","Myeloid",TRUE
1,-0.237594827980118,0,0,1,"RP11-269F20.1","GSE214411","Myeloid",TRUE
1,-0.237594827980118,0,0,1,"RP11-62I21.1","GSE214411","Myeloid",TRUE
1,-0.237594827980118,0,0,1,"RP11-522M21.3","GSE214411","Myeloid",TRUE
1,-0.237594827980118,0,0,1,"RP11-439E19.7","GSE214411","Myeloid",TRUE
1,-0.237594827980118,0,0,1,"ZNF670-ZNF695","GSE214411","Myeloid",TRUE
1,-0.237594827980118,0,0,1,"C1orf229","GSE214411","Myeloid",TRUE
1,-0.237594827980118,0,0,1,"GCSAML-AS1","GSE214411","Myeloid",TRUE
1,-0.237594827980118,0,0,1,"OR2C3","GSE214411","Myeloid",TRUE
1,-0.237594827980118,0,0,1,"RP11-634B7.4","GSE214411","Myeloid",TRUE
1,-0.237594827980118,0,0,1,"OR2T10","GSE214411","Myeloid",TRUE
1,-0.237594827980118,0,0,1,"AL672294.1","GSE214411","Myeloid",TRUE
1,-0.237594827980118,0,0,1,"AC079779.5","GSE214411","Myeloid",TRUE
1,-0.237594827980118,0,0,1,"AC079779.6","GSE214411","Myeloid",TRUE
1,-0.237594827980118,0,0,1,"LINC01115","GSE214411","Myeloid",TRUE
1,-0.237594827980118,0,0,1,"AC116614.1","GSE214411","Myeloid",TRUE
1,-0.237594827980118,0,0,1,"SNTG2","GSE214411","Myeloid",TRUE
1,-0.237594827980118,0,0,1,"AC108462.1","GSE214411","Myeloid",TRUE
1,-0.237594827980118,0,0,1,"TPO","GSE214411","Myeloid",TRUE
1,-0.237594827980118,0,0,1,"AC144450.2","GSE214411","Myeloid",TRUE
1,-0.237594827980118,0,0,1,"MYT1L","GSE214411","Myeloid",TRUE
1,-0.237594827980118,0,0,1,"AC019118.3","GSE214411","Myeloid",TRUE
1,-0.237594827980118,0,0,1,"RP13-512J5.1","GSE214411","Myeloid",TRUE
1,-0.237594827980118,0,0,1,"AC010907.2","GSE214411","Myeloid",TRUE
1,-0.237594827980118,0,0,1,"ALLC","GSE214411","Myeloid",TRUE
1,-0.237594827980118,0,0,1,"AC010907.5","GSE214411","Myeloid",TRUE
1,-0.237594827980118,0,0,1,"DCDC2C","GSE214411","Myeloid",TRUE
1,-0.237594827980118,0,0,1,"AC019172.2","GSE214411","Myeloid",TRUE
1,-0.237594827980118,0,0,1,"RP11-439M11.1","GSE214411","Myeloid",TRUE
1,-0.237594827980118,0,0,1,"RP11-557L19.1","GSE214411","Myeloid",TRUE
1,-0.237594827980118,0,0,1,"AC092580.3","GSE214411","Myeloid",TRUE
1,-0.237594827980118,0,0,1,"RP11-734K21.5","GSE214411","Myeloid",TRUE
1,-0.237594827980118,0,0,1,"RP11-521D12.5","GSE214411","Myeloid",TRUE
1,-0.237594827980118,0,0,1,"RP11-254F7.3","GSE214411","Myeloid",TRUE
1,-0.237594827980118,0,0,1,"C2orf50","GSE214411","Myeloid",TRUE
1,-0.237594827980118,0,0,1,"LINC00570","GSE214411","Myeloid",TRUE
1,-0.237594827980118,0,0,1,"LINC00276","GSE214411","Myeloid",TRUE
1,-0.237594827980118,0,0,1,"MYCNOS","GSE214411","Myeloid",TRUE
1,-0.237594827980118,0,0,1,"MYCN","GSE214411","Myeloid",TRUE
1,-0.237594827980118,0,0,1,"VSNL1","GSE214411","Myeloid",TRUE
1,-0.237594827980118,0,0,1,"RP11-111J6.2","GSE214411","Myeloid",TRUE
1,-0.237594827980118,0,0,1,"NT5C1B","GSE214411","Myeloid",TRUE
1,-0.237594827980118,0,0,1,"AC106053.1","GSE214411","Myeloid",TRUE
1,-0.237594827980118,0,0,1,"AC012361.1","GSE214411","Myeloid",TRUE
1,-0.237594827980118,0,0,1,"RP11-116D2.1","GSE214411","Myeloid",TRUE
1,-0.237594827980118,0,0,1,"APOB","GSE214411","Myeloid",TRUE
1,-0.237594827980118,0,0,1,"RP11-507M3.1","GSE214411","Myeloid",TRUE
1,-0.237594827980118,0,0,1,"FAM228A","GSE214411","Myeloid",TRUE
1,-0.237594827980118,0,0,1,"AC008073.9","GSE214411","Myeloid",TRUE
1,-0.237594827980118,0,0,1,"OTOF","GSE214411","Myeloid",TRUE
1,-0.237594827980118,0,0,1,"KCNK3","GSE214411","Myeloid",TRUE
1,-0.237594827980118,0,0,1,"DPYSL5","GSE214411","Myeloid",TRUE
1,-0.237594827980118,0,0,1,"AGBL5-AS1","GSE214411","Myeloid",TRUE
1,-0.237594827980118,0,0,1,"RP11-503P10.1","GSE214411","Myeloid",TRUE
1,-0.237594827980118,0,0,1,"RP11-195B17.1","GSE214411","Myeloid",TRUE
1,-0.237594827980118,0,0,1,"SLC30A3","GSE214411","Myeloid",TRUE
1,-0.237594827980118,0,0,1,"TRIM54","GSE214411","Myeloid",TRUE
1,-0.237594827980118,0,0,1,"AC109829.1","GSE214411","Myeloid",TRUE
1,-0.237594827980118,0,0,1,"LINC01460","GSE214411","Myeloid",TRUE
1,-0.237594827980118,0,0,1,"AC093690.1","GSE214411","Myeloid",TRUE
1,-0.237594827980118,0,0,1,"FLJ31356","GSE214411","Myeloid",TRUE
1,-0.237594827980118,0,0,1,"RP11-713D19.1","GSE214411","Myeloid",TRUE
1,-0.237594827980118,0,0,1,"C2orf71","GSE214411","Myeloid",TRUE
1,-0.237594827980118,0,0,1,"ALK","GSE214411","Myeloid",TRUE
1,-0.237594827980118,0,0,1,"AC109642.1","GSE214411","Myeloid",TRUE
1,-0.237594827980118,0,0,1,"CAPN13","GSE214411","Myeloid",TRUE
1,-0.237594827980118,0,0,1,"CAPN14","GSE214411","Myeloid",TRUE
1,-0.237594827980118,0,0,1,"RP11-529E15.1","GSE214411","Myeloid",TRUE
1,-0.237594827980118,0,0,1,"AC012593.1","GSE214411","Myeloid",TRUE
1,-0.237594827980118,0,0,1,"VIT","GSE214411","Myeloid",TRUE
1,-0.237594827980118,0,0,1,"AC006369.2","GSE214411","Myeloid",TRUE
1,-0.237594827980118,0,0,1,"RMDN2-AS1","GSE214411","Myeloid",TRUE
1,-0.237594827980118,0,0,1,"AC016995.3","GSE214411","Myeloid",TRUE
1,-0.237594827980118,0,0,1,"ARHGEF33","GSE214411","Myeloid",TRUE
1,-0.237594827980118,0,0,1,"AC093609.1","GSE214411","Myeloid",TRUE
1,-0.237594827980118,0,0,1,"ABCG5","GSE214411","Myeloid",TRUE
1,-0.237594827980118,0,0,1,"ABCG8","GSE214411","Myeloid",TRUE
1,-0.237594827980118,0,0,1,"RP11-559M23.1","GSE214411","Myeloid",TRUE
1,-0.237594827980118,0,0,1,"SIX3","GSE214411","Myeloid",TRUE
1,-0.237594827980118,0,0,1,"AC012354.6","GSE214411","Myeloid",TRUE
1,-0.237594827980118,0,0,1,"SIX2","GSE214411","Myeloid",TRUE
1,-0.237594827980118,0,0,1,"AC093702.1","GSE214411","Myeloid",TRUE
1,-0.237594827980118,0,0,1,"TMEM247","GSE214411","Myeloid",TRUE
1,-0.237594827980118,0,0,1,"AC016722.3","GSE214411","Myeloid",TRUE
1,-0.237594827980118,0,0,1,"AC016722.4","GSE214411","Myeloid",TRUE
1,-0.237594827980118,0,0,1,"C2orf61","GSE214411","Myeloid",TRUE
1,-0.237594827980118,0,0,1,"RP11-761B3.1","GSE214411","Myeloid",TRUE
1,-0.237594827980118,0,0,1,"AC073283.4","GSE214411","Myeloid",TRUE
1,-0.237594827980118,0,0,1,"KCNK12","GSE214411","Myeloid",TRUE
1,-0.237594827980118,0,0,1,"STON1-GTF2A1L","GSE214411","Myeloid",TRUE
1,-0.237594827980118,0,0,1,"GTF2A1L","GSE214411","Myeloid",TRUE
1,-0.237594827980118,0,0,1,"RP11-310N16.1","GSE214411","Myeloid",TRUE
1,-0.237594827980118,0,0,1,"LHCGR","GSE214411","Myeloid",TRUE
1,-0.237594827980118,0,0,1,"RP11-460M2.1","GSE214411","Myeloid",TRUE
1,-0.237594827980118,0,0,1,"AC010967.2","GSE214411","Myeloid",TRUE
1,-0.237594827980118,0,0,1,"GPR75-ASB3","GSE214411","Myeloid",TRUE
1,-0.237594827980118,0,0,1,"AC092839.3","GSE214411","Myeloid",TRUE
1,-0.237594827980118,0,0,1,"AC093110.3","GSE214411","Myeloid",TRUE
1,-0.237594827980118,0,0,1,"RP11-481J13.1","GSE214411","Myeloid",TRUE
1,-0.237594827980118,0,0,1,"RP11-334G22.1","GSE214411","Myeloid",TRUE
1,-0.237594827980118,0,0,1,"LINC01185","GSE214411","Myeloid",TRUE
1,-0.237594827980118,0,0,1,"RP11-493E12.1","GSE214411","Myeloid",TRUE
1,-0.237594827980118,0,0,1,"AC018462.2","GSE214411","Myeloid",TRUE
1,-0.237594827980118,0,0,1,"AC093159.1","GSE214411","Myeloid",TRUE
1,-0.237594827980118,0,0,1,"AC008074.3","GSE214411","Myeloid",TRUE
1,-0.237594827980118,0,0,1,"AC007880.1","GSE214411","Myeloid",TRUE
1,-0.237594827980118,0,0,1,"AC074391.1","GSE214411","Myeloid",TRUE
1,-0.237594827980118,0,0,1,"AC092669.3","GSE214411","Myeloid",TRUE
1,-0.237594827980118,0,0,1,"AC007392.3","GSE214411","Myeloid",TRUE
1,-0.237594827980118,0,0,1,"AC023115.2","GSE214411","Myeloid",TRUE
1,-0.237594827980118,0,0,1,"AC078941.1","GSE214411","Myeloid",TRUE
1,-0.237594827980118,0,0,1,"AC010987.6","GSE214411","Myeloid",TRUE
1,-0.237594827980118,0,0,1,"RP11-474G23.1","GSE214411","Myeloid",TRUE
1,-0.237594827980118,0,0,1,"PROKR1","GSE214411","Myeloid",TRUE
1,-0.237594827980118,0,0,1,"AC022201.5","GSE214411","Myeloid",TRUE
1,-0.237594827980118,0,0,1,"VAX2","GSE214411","Myeloid",TRUE
1,-0.237594827980118,0,0,1,"AC007040.11","GSE214411","Myeloid",TRUE
1,-0.237594827980118,0,0,1,"ANKRD53","GSE214411","Myeloid",TRUE
1,-0.237594827980118,0,0,1,"AC007040.6","GSE214411","Myeloid",TRUE
1,-0.237594827980118,0,0,1,"RP11-434P11.2","GSE214411","Myeloid",TRUE
1,-0.237594827980118,0,0,1,"RP11-287D1.4","GSE214411","Myeloid",TRUE
1,-0.237594827980118,0,0,1,"RP11-287D1.3","GSE214411","Myeloid",TRUE
1,-0.237594827980118,0,0,1,"DCTN1-AS1","GSE214411","Myeloid",TRUE
1,-0.237594827980118,0,0,1,"RP11-523H20.3","GSE214411","Myeloid",TRUE
1,-0.237594827980118,0,0,1,"LINC01291","GSE214411","Myeloid",TRUE
1,-0.237594827980118,0,0,1,"AC104135.2","GSE214411","Myeloid",TRUE
1,-0.237594827980118,0,0,1,"LINC01293","GSE214411","Myeloid",TRUE
1,-0.237594827980118,0,0,1,"TACR1","GSE214411","Myeloid",TRUE
1,-0.237594827980118,0,0,1,"RP11-355F16.1","GSE214411","Myeloid",TRUE
1,-0.237594827980118,0,0,1,"RP11-342K6.4","GSE214411","Myeloid",TRUE
1,-0.237594827980118,0,0,1,"LRRTM4","GSE214411","Myeloid",TRUE
1,-0.237594827980118,0,0,1,"AC010975.1","GSE214411","Myeloid",TRUE
1,-0.237594827980118,0,0,1,"AC016716.2","GSE214411","Myeloid",TRUE
1,-0.237594827980118,0,0,1,"AC008067.2","GSE214411","Myeloid",TRUE
1,-0.237594827980118,0,0,1,"DNAH6","GSE214411","Myeloid",TRUE
1,-0.237594827980118,0,0,1,"RP11-60H5.1","GSE214411","Myeloid",TRUE
1,-0.237594827980118,0,0,1,"SFTPB","GSE214411","Myeloid",TRUE
1,-0.237594827980118,0,0,1,"RNF103-CHMP3","GSE214411","Myeloid",TRUE
1,-0.237594827980118,0,0,1,"PLGLB2","GSE214411","Myeloid",TRUE
1,-0.237594827980118,0,0,1,"FABP1","GSE214411","Myeloid",TRUE
1,-0.237594827980118,0,0,1,"FOXI3","GSE214411","Myeloid",TRUE
1,-0.237594827980118,0,0,1,"IGKV1-12","GSE214411","Myeloid",TRUE
1,-0.237594827980118,0,0,1,"IGKV1-5","GSE214411","Myeloid",TRUE
1,-0.237594827980118,0,0,1,"IGKV1-39","GSE214411","Myeloid",TRUE
1,-0.237594827980118,0,0,1,"CH17-132F21.5","GSE214411","Myeloid",TRUE
1,-0.237594827980118,0,0,1,"RP11-440D17.4","GSE214411","Myeloid",TRUE
1,-0.237594827980118,0,0,1,"FER1L5","GSE214411","Myeloid",TRUE
1,-0.237594827980118,0,0,1,"RP11-734K23.9","GSE214411","Myeloid",TRUE
1,-0.237594827980118,0,0,1,"AC159540.3","GSE214411","Myeloid",TRUE
1,-0.237594827980118,0,0,1,"RP11-111H13.1","GSE214411","Myeloid",TRUE
1,-0.237594827980118,0,0,1,"LYG2","GSE214411","Myeloid",TRUE
1,-0.237594827980118,0,0,1,"LINC01104","GSE214411","Myeloid",TRUE
1,-0.237594827980118,0,0,1,"CREG2","GSE214411","Myeloid",TRUE
1,-0.237594827980118,0,0,1,"AC104655.3","GSE214411","Myeloid",TRUE
1,-0.237594827980118,0,0,1,"AC012360.6","GSE214411","Myeloid",TRUE
1,-0.237594827980118,0,0,1,"AC018878.3","GSE214411","Myeloid",TRUE
1,-0.237594827980118,0,0,1,"AC096669.3","GSE214411","Myeloid",TRUE
1,-0.237594827980118,0,0,1,"RGPD4","GSE214411","Myeloid",TRUE
1,-0.237594827980118,0,0,1,"EDAR","GSE214411","Myeloid",TRUE
1,-0.237594827980118,0,0,1,"LIMS3","GSE214411","Myeloid",TRUE
1,-0.237594827980118,0,0,1,"LINC01123","GSE214411","Myeloid",TRUE
1,-0.237594827980118,0,0,1,"LIMS3L","GSE214411","Myeloid",TRUE
1,-0.237594827980118,0,0,1,"RGPD6","GSE214411","Myeloid",TRUE
1,-0.237594827980118,0,0,1,"RP11-68E19.2","GSE214411","Myeloid",TRUE
1,-0.237594827980118,0,0,1,"AC012442.6","GSE214411","Myeloid",TRUE
1,-0.237594827980118,0,0,1,"FAM138B","GSE214411","Myeloid",TRUE
1,-0.237594827980118,0,0,1,"AC017074.2","GSE214411","Myeloid",TRUE
1,-0.237594827980118,0,0,1,"AC024704.2","GSE214411","Myeloid",TRUE
1,-0.237594827980118,0,0,1,"AC110769.3","GSE214411","Myeloid",TRUE
1,-0.237594827980118,0,0,1,"DPP10","GSE214411","Myeloid",TRUE
1,-0.237594827980118,0,0,1,"DPP10-AS1","GSE214411","Myeloid",TRUE
1,-0.237594827980118,0,0,1,"AC009303.1","GSE214411","Myeloid",TRUE
1,-0.237594827980118,0,0,1,"STEAP3-AS1","GSE214411","Myeloid",TRUE
1,-0.237594827980118,0,0,1,"AC012363.4","GSE214411","Myeloid",TRUE
1,-0.237594827980118,0,0,1,"RP11-297J22.1","GSE214411","Myeloid",TRUE
1,-0.237594827980118,0,0,1,"AC062020.1","GSE214411","Myeloid",TRUE
1,-0.237594827980118,0,0,1,"CNTNAP5","GSE214411","Myeloid",TRUE
1,-0.237594827980118,0,0,1,"RP11-286H15.1","GSE214411","Myeloid",TRUE
1,-0.237594827980118,0,0,1,"AC079776.1","GSE214411","Myeloid",TRUE
1,-0.237594827980118,0,0,1,"AC079776.3","GSE214411","Myeloid",TRUE
1,-0.237594827980118,0,0,1,"RAB6C","GSE214411","Myeloid",TRUE
1,-0.237594827980118,0,0,1,"POTEF","GSE214411","Myeloid",TRUE
1,-0.237594827980118,0,0,1,"TISP43","GSE214411","Myeloid",TRUE
1,-0.237594827980118,0,0,1,"CFC1","GSE214411","Myeloid",TRUE
1,-0.237594827980118,0,0,1,"POTEJ","GSE214411","Myeloid",TRUE
1,-0.237594827980118,0,0,1,"AC133785.1","GSE214411","Myeloid",TRUE
1,-0.237594827980118,0,0,1,"RP11-109E12.1","GSE214411","Myeloid",TRUE
1,-0.237594827980118,0,0,1,"ANKRD30BL","GSE214411","Myeloid",TRUE
1,-0.237594827980118,0,0,1,"LCT","GSE214411","Myeloid",TRUE
1,-0.237594827980118,0,0,1,"THSD7B","GSE214411","Myeloid",TRUE
1,-0.237594827980118,0,0,1,"AC009480.3","GSE214411","Myeloid",TRUE
1,-0.237594827980118,0,0,1,"AC105402.4","GSE214411","Myeloid",TRUE
1,-0.237594827980118,0,0,1,"LYPD6B","GSE214411","Myeloid",TRUE
1,-0.237594827980118,0,0,1,"AC007364.1","GSE214411","Myeloid",TRUE
1,-0.237594827980118,0,0,1,"AC079790.2","GSE214411","Myeloid",TRUE
1,-0.237594827980118,0,0,1,"KCNJ3","GSE214411","Myeloid",TRUE
1,-0.237594827980118,0,0,1,"AC093375.1","GSE214411","Myeloid",TRUE
1,-0.237594827980118,0,0,1,"UPP2","GSE214411","Myeloid",TRUE
1,-0.237594827980118,0,0,1,"RP11-546J1.1","GSE214411","Myeloid",TRUE
1,-0.237594827980118,0,0,1,"AC009299.2","GSE214411","Myeloid",TRUE
1,-0.237594827980118,0,0,1,"GCG","GSE214411","Myeloid",TRUE
1,-0.237594827980118,0,0,1,"AC007750.5","GSE214411","Myeloid",TRUE
1,-0.237594827980118,0,0,1,"AC019181.2","GSE214411","Myeloid",TRUE
1,-0.237594827980118,0,0,1,"AC009495.4","GSE214411","Myeloid",TRUE
1,-0.237594827980118,0,0,1,"AC009495.3","GSE214411","Myeloid",TRUE
1,-0.237594827980118,0,0,1,"AC010127.3","GSE214411","Myeloid",TRUE
1,-0.237594827980118,0,0,1,"SCN1A","GSE214411","Myeloid",TRUE
1,-0.237594827980118,0,0,1,"AC074363.1","GSE214411","Myeloid",TRUE
1,-0.237594827980118,0,0,1,"AC016723.4","GSE214411","Myeloid",TRUE
1,-0.237594827980118,0,0,1,"B3GALT1","GSE214411","Myeloid",TRUE
1,-0.237594827980118,0,0,1,"LRP2","GSE214411","Myeloid",TRUE
1,-0.237594827980118,0,0,1,"MYO3B","GSE214411","Myeloid",TRUE
1,-0.237594827980118,0,0,1,"AC012594.1","GSE214411","Myeloid",TRUE
1,-0.237594827980118,0,0,1,"AC007277.3","GSE214411","Myeloid",TRUE
1,-0.237594827980118,0,0,1,"AC007405.4","GSE214411","Myeloid",TRUE
1,-0.237594827980118,0,0,1,"DLX1","GSE214411","Myeloid",TRUE
1,-0.237594827980118,0,0,1,"AC106900.6","GSE214411","Myeloid",TRUE
1,-0.237594827980118,0,0,1,"AC010894.5","GSE214411","Myeloid",TRUE
1,-0.237594827980118,0,0,1,"AC096649.2","GSE214411","Myeloid",TRUE
1,-0.237594827980118,0,0,1,"AC009336.19","GSE214411","Myeloid",TRUE
1,-0.237594827980118,0,0,1,"HAGLR","GSE214411","Myeloid",TRUE
1,-0.237594827980118,0,0,1,"HOXD1","GSE214411","Myeloid",TRUE
1,-0.237594827980118,0,0,1,"LINC01117","GSE214411","Myeloid",TRUE
1,-0.237594827980118,0,0,1,"AC079305.11","GSE214411","Myeloid",TRUE
1,-0.237594827980118,0,0,1,"PDE11A","GSE214411","Myeloid",TRUE
1,-0.237594827980118,0,0,1,"RP11-171I2.3","GSE214411","Myeloid",TRUE
1,-0.237594827980118,0,0,1,"RP11-171I2.1","GSE214411","Myeloid",TRUE
1,-0.237594827980118,0,0,1,"ZNF385B","GSE214411","Myeloid",TRUE
1,-0.237594827980118,0,0,1,"AC068196.1","GSE214411","Myeloid",TRUE
1,-0.237594827980118,0,0,1,"PDE1A","GSE214411","Myeloid",TRUE
1,-0.237594827980118,0,0,1,"AC007966.1","GSE214411","Myeloid",TRUE
1,-0.237594827980118,0,0,1,"FSIP2-AS1","GSE214411","Myeloid",TRUE
1,-0.237594827980118,0,0,1,"AC017101.10","GSE214411","Myeloid",TRUE
1,-0.237594827980118,0,0,1,"AC007319.1","GSE214411","Myeloid",TRUE
1,-0.237594827980118,0,0,1,"DIRC1","GSE214411","Myeloid",TRUE
1,-0.237594827980118,0,0,1,"AC133106.2","GSE214411","Myeloid",TRUE
1,-0.237594827980118,0,0,1,"OSGEPL1-AS1","GSE214411","Myeloid",TRUE
1,-0.237594827980118,0,0,1,"RP11-455J20.3","GSE214411","Myeloid",TRUE
1,-0.237594827980118,0,0,1,"MSTN","GSE214411","Myeloid",TRUE
1,-0.237594827980118,0,0,1,"AC092614.2","GSE214411","Myeloid",TRUE
1,-0.237594827980118,0,0,1,"AC098617.1","GSE214411","Myeloid",TRUE
1,-0.237594827980118,0,0,1,"TMEFF2","GSE214411","Myeloid",TRUE
1,-0.237594827980118,0,0,1,"AC011997.1","GSE214411","Myeloid",TRUE
1,-0.237594827980118,0,0,1,"RP11-486F17.1","GSE214411","Myeloid",TRUE
1,-0.237594827980118,0,0,1,"RP11-13J8.1","GSE214411","Myeloid",TRUE
1,-0.237594827980118,0,0,1,"ALS2CR11","GSE214411","Myeloid",TRUE
1,-0.237594827980118,0,0,1,"CDK15","GSE214411","Myeloid",TRUE
1,-0.237594827980118,0,0,1,"AC079354.3","GSE214411","Myeloid",TRUE
1,-0.237594827980118,0,0,1,"RP11-686O6.1","GSE214411","Myeloid",TRUE
1,-0.237594827980118,0,0,1,"AC007383.3","GSE214411","Myeloid",TRUE
1,-0.237594827980118,0,0,1,"GPR1","GSE214411","Myeloid",TRUE
1,-0.237594827980118,0,0,1,"ADAM23","GSE214411","Myeloid",TRUE
1,-0.237594827980118,0,0,1,"AC008269.2","GSE214411","Myeloid",TRUE
1,-0.237594827980118,0,0,1,"CPO","GSE214411","Myeloid",TRUE
1,-0.237594827980118,0,0,1,"AC007879.4","GSE214411","Myeloid",TRUE
1,-0.237594827980118,0,0,1,"AC007879.7","GSE214411","Myeloid",TRUE
1,-0.237594827980118,0,0,1,"AC007879.5","GSE214411","Myeloid",TRUE
1,-0.237594827980118,0,0,1,"RP11-801F7.1","GSE214411","Myeloid",TRUE
1,-0.237594827980118,0,0,1,"AC006994.3","GSE214411","Myeloid",TRUE
1,-0.237594827980118,0,0,1,"AC108066.1","GSE214411","Myeloid",TRUE
1,-0.237594827980118,0,0,1,"RP11-105N14.1","GSE214411","Myeloid",TRUE
1,-0.237594827980118,0,0,1,"AC079610.2","GSE214411","Myeloid",TRUE
1,-0.237594827980118,0,0,1,"VWC2L","GSE214411","Myeloid",TRUE
1,-0.237594827980118,0,0,1,"ABCA12","GSE214411","Myeloid",TRUE
1,-0.237594827980118,0,0,1,"AC072062.3","GSE214411","Myeloid",TRUE
1,-0.237594827980118,0,0,1,"AC098820.4","GSE214411","Myeloid",TRUE
1,-0.237594827980118,0,0,1,"AC073321.4","GSE214411","Myeloid",TRUE
1,-0.237594827980118,0,0,1,"AC007563.5","GSE214411","Myeloid",TRUE
1,-0.237594827980118,0,0,1,"AC010136.2","GSE214411","Myeloid",TRUE
1,-0.237594827980118,0,0,1,"PLCD4","GSE214411","Myeloid",TRUE
1,-0.237594827980118,0,0,1,"AC097468.4","GSE214411","Myeloid",TRUE
1,-0.237594827980118,0,0,1,"NHEJ1","GSE214411","Myeloid",TRUE
1,-0.237594827980118,0,0,1,"RP11-33O4.2","GSE214411","Myeloid",TRUE
1,-0.237594827980118,0,0,1,"PTPRN","GSE214411","Myeloid",TRUE
1,-0.237594827980118,0,0,1,"AC114803.3","GSE214411","Myeloid",TRUE
1,-0.237594827980118,0,0,1,"RESP18","GSE214411","Myeloid",TRUE
1,-0.237594827980118,0,0,1,"RP11-256I23.1","GSE214411","Myeloid",TRUE
1,-0.237594827980118,0,0,1,"RP11-256I23.2","GSE214411","Myeloid",TRUE
1,-0.237594827980118,0,0,1,"RP11-256I23.3","GSE214411","Myeloid",TRUE
1,-0.237594827980118,0,0,1,"AC009502.4","GSE214411","Myeloid",TRUE
1,-0.237594827980118,0,0,1,"AC114765.2","GSE214411","Myeloid",TRUE
1,-0.237594827980118,0,0,1,"AC067956.1","GSE214411","Myeloid",TRUE
1,-0.237594827980118,0,0,1,"CTD-2308L22.1","GSE214411","Myeloid",TRUE
1,-0.237594827980118,0,0,1,"SCG2","GSE214411","Myeloid",TRUE
1,-0.237594827980118,0,0,1,"RP11-92F20.1","GSE214411","Myeloid",TRUE
1,-0.237594827980118,0,0,1,"NYAP2","GSE214411","Myeloid",TRUE
1,-0.237594827980118,0,0,1,"COL4A3","GSE214411","Myeloid",TRUE
1,-0.237594827980118,0,0,1,"SLC19A3","GSE214411","Myeloid",TRUE
1,-0.237594827980118,0,0,1,"DAW1","GSE214411","Myeloid",TRUE
1,-0.237594827980118,0,0,1,"C2orf72","GSE214411","Myeloid",TRUE
1,-0.237594827980118,0,0,1,"ALPP","GSE214411","Myeloid",TRUE
1,-0.237594827980118,0,0,1,"ALPPL2","GSE214411","Myeloid",TRUE
1,-0.237594827980118,0,0,1,"CHRNG","GSE214411","Myeloid",TRUE
1,-0.237594827980118,0,0,1,"KCNJ13","GSE214411","Myeloid",TRUE
1,-0.237594827980118,0,0,1,"TRPM8","GSE214411","Myeloid",TRUE
1,-0.237594827980118,0,0,1,"GBX2","GSE214411","Myeloid",TRUE
1,-0.237594827980118,0,0,1,"AC105760.3","GSE214411","Myeloid",TRUE
1,-0.237594827980118,0,0,1,"AC112715.2","GSE214411","Myeloid",TRUE
1,-0.237594827980118,0,0,1,"UBE2F-SCLY","GSE214411","Myeloid",TRUE
1,-0.237594827980118,0,0,1,"KLHL30","GSE214411","Myeloid",TRUE
1,-0.237594827980118,0,0,1,"AC012485.2","GSE214411","Myeloid",TRUE
1,-0.237594827980118,0,0,1,"FLJ43879","GSE214411","Myeloid",TRUE
1,-0.237594827980118,0,0,1,"KIF1A","GSE214411","Myeloid",TRUE
1,-0.237594827980118,0,0,1,"C2orf54","GSE214411","Myeloid",TRUE
1,-0.237594827980118,0,0,1,"AC005104.3","GSE214411","Myeloid",TRUE
1,-0.237594827980118,0,0,1,"BOK-AS1","GSE214411","Myeloid",TRUE
1,-0.237594827980118,0,0,1,"RP11-367H1.1","GSE214411","Myeloid",TRUE
1,-0.237594827980118,0,0,1,"AC114730.7","GSE214411","Myeloid",TRUE
1,-0.237594827980118,0,0,1,"AC131097.4","GSE214411","Myeloid",TRUE
1,-0.237594827980118,0,0,1,"AC093642.6","GSE214411","Myeloid",TRUE
1,-0.237594827980118,0,0,1,"CHL1","GSE214411","Myeloid",TRUE
1,-0.237594827980118,0,0,1,"AC087430.1","GSE214411","Myeloid",TRUE
1,-0.237594827980118,0,0,1,"AC026188.1","GSE214411","Myeloid",TRUE
1,-0.237594827980118,0,0,1,"AC026167.1","GSE214411","Myeloid",TRUE
1,-0.237594827980118,0,0,1,"GRM7","GSE214411","Myeloid",TRUE
1,-0.237594827980118,0,0,1,"LMCD1-AS1","GSE214411","Myeloid",TRUE
1,-0.237594827980118,0,0,1,"AC023481.1","GSE214411","Myeloid",TRUE
1,-0.237594827980118,0,0,1,"SSUH2","GSE214411","Myeloid",TRUE
1,-0.237594827980118,0,0,1,"SRGAP3-AS2","GSE214411","Myeloid",TRUE
1,-0.237594827980118,0,0,1,"SLC6A1","GSE214411","Myeloid",TRUE
1,-0.237594827980118,0,0,1,"SYN2","GSE214411","Myeloid",TRUE
1,-0.237594827980118,0,0,1,"TIMP4","GSE214411","Myeloid",TRUE
1,-0.237594827980118,0,0,1,"MKRN2OS","GSE214411","Myeloid",TRUE
1,-0.237594827980118,0,0,1,"TMEM40","GSE214411","Myeloid",TRUE
1,-0.237594827980118,0,0,1,"RP11-536I6.2","GSE214411","Myeloid",TRUE
1,-0.237594827980118,0,0,1,"C3orf20","GSE214411","Myeloid",TRUE
1,-0.237594827980118,0,0,1,"GALNT15","GSE214411","Myeloid",TRUE
1,-0.237594827980118,0,0,1,"RP11-415F23.2","GSE214411","Myeloid",TRUE
1,-0.237594827980118,0,0,1,"KCNH8","GSE214411","Myeloid",TRUE
1,-0.237594827980118,0,0,1,"PP2D1","GSE214411","Myeloid",TRUE
1,-0.237594827980118,0,0,1,"UBE2E2-AS1","GSE214411","Myeloid",TRUE
1,-0.237594827980118,0,0,1,"UBE2E1-AS1","GSE214411","Myeloid",TRUE
1,-0.237594827980118,0,0,1,"AC133680.1","GSE214411","Myeloid",TRUE
1,-0.237594827980118,0,0,1,"AC099754.1","GSE214411","Myeloid",TRUE
1,-0.237594827980118,0,0,1,"RP11-222K16.2","GSE214411","Myeloid",TRUE
1,-0.237594827980118,0,0,1,"LINC00693","GSE214411","Myeloid",TRUE
1,-0.237594827980118,0,0,1,"RBMS3-AS3","GSE214411","Myeloid",TRUE
1,-0.237594827980118,0,0,1,"RBMS3-AS2","GSE214411","Myeloid",TRUE
1,-0.237594827980118,0,0,1,"GADL1","GSE214411","Myeloid",TRUE
1,-0.237594827980118,0,0,1,"OSBPL10-AS1","GSE214411","Myeloid",TRUE
1,-0.237594827980118,0,0,1,"CCR4","GSE214411","Myeloid",TRUE
1,-0.237594827980118,0,0,1,"SUSD5","GSE214411","Myeloid",TRUE
1,-0.237594827980118,0,0,1,"AC123023.1","GSE214411","Myeloid",TRUE
1,-0.237594827980118,0,0,1,"ARPP21","GSE214411","Myeloid",TRUE
1,-0.237594827980118,0,0,1,"RP11-640L9.1","GSE214411","Myeloid",TRUE
1,-0.237594827980118,0,0,1,"RP11-285J16.1","GSE214411","Myeloid",TRUE
1,-0.237594827980118,0,0,1,"RP11-259K5.1","GSE214411","Myeloid",TRUE
1,-0.237594827980118,0,0,1,"SLC22A13","GSE214411","Myeloid",TRUE
1,-0.237594827980118,0,0,1,"ACVR2B-AS1","GSE214411","Myeloid",TRUE
1,-0.237594827980118,0,0,1,"XIRP1","GSE214411","Myeloid",TRUE
1,-0.237594827980118,0,0,1,"CCR8","GSE214411","Myeloid",TRUE
1,-0.237594827980118,0,0,1,"MOBP","GSE214411","Myeloid",TRUE
1,-0.237594827980118,0,0,1,"VIPR1-AS1","GSE214411","Myeloid",TRUE
1,-0.237594827980118,0,0,1,"KLHL40","GSE214411","Myeloid",TRUE
1,-0.237594827980118,0,0,1,"HHATL","GSE214411","Myeloid",TRUE
1,-0.237594827980118,0,0,1,"HHATL-AS1","GSE214411","Myeloid",TRUE
1,-0.237594827980118,0,0,1,"RP11-70C1.3","GSE214411","Myeloid",TRUE
1,-0.237594827980118,0,0,1,"RP11-136C24.3","GSE214411","Myeloid",TRUE
1,-0.237594827980118,0,0,1,"CYP8B1","GSE214411","Myeloid",TRUE
1,-0.237594827980118,0,0,1,"RP11-944L7.4","GSE214411","Myeloid",TRUE
1,-0.237594827980118,0,0,1,"CCR9","GSE214411","Myeloid",TRUE
1,-0.237594827980118,0,0,1,"LRRC2-AS1","GSE214411","Myeloid",TRUE
1,-0.237594827980118,0,0,1,"PRSS42","GSE214411","Myeloid",TRUE
1,-0.237594827980118,0,0,1,"SPINK8","GSE214411","Myeloid",TRUE
1,-0.237594827980118,0,0,1,"FBXW12","GSE214411","Myeloid",TRUE
1,-0.237594827980118,0,0,1,"RP11-24C3.2","GSE214411","Myeloid",TRUE
1,-0.237594827980118,0,0,1,"TMEM89","GSE214411","Myeloid",TRUE
1,-0.237594827980118,0,0,1,"CELSR3-AS1","GSE214411","Myeloid",TRUE
1,-0.237594827980118,0,0,1,"RP11-572O6.1","GSE214411","Myeloid",TRUE
1,-0.237594827980118,0,0,1,"BSN-AS2","GSE214411","Myeloid",TRUE
1,-0.237594827980118,0,0,1,"BSN","GSE214411","Myeloid",TRUE
1,-0.237594827980118,0,0,1,"AMIGO3","GSE214411","Myeloid",TRUE
1,-0.237594827980118,0,0,1,"CTD-2330K9.3","GSE214411","Myeloid",TRUE
1,-0.237594827980118,0,0,1,"GNAT1","GSE214411","Myeloid",TRUE
1,-0.237594827980118,0,0,1,"SLC38A3","GSE214411","Myeloid",TRUE
1,-0.237594827980118,0,0,1,"SEMA3B-AS1","GSE214411","Myeloid",TRUE
1,-0.237594827980118,0,0,1,"HYAL1","GSE214411","Myeloid",TRUE
1,-0.237594827980118,0,0,1,"CACNA2D2","GSE214411","Myeloid",TRUE
1,-0.237594827980118,0,0,1,"GPR62","GSE214411","Myeloid",TRUE
1,-0.237594827980118,0,0,1,"TLR9","GSE214411","Myeloid",TRUE
1,-0.237594827980118,0,0,1,"RP5-966M1.6","GSE214411","Myeloid",TRUE
1,-0.237594827980118,0,0,1,"MUSTN1","GSE214411","Myeloid",TRUE
1,-0.237594827980118,0,0,1,"RP11-894J14.5","GSE214411","Myeloid",TRUE
1,-0.237594827980118,0,0,1,"LRTM1","GSE214411","Myeloid",TRUE
1,-0.237594827980118,0,0,1,"RP11-157F20.3","GSE214411","Myeloid",TRUE
1,-0.237594827980118,0,0,1,"ASB14","GSE214411","Myeloid",TRUE
1,-0.237594827980118,0,0,1,"FLNB-AS1","GSE214411","Myeloid",TRUE
1,-0.237594827980118,0,0,1,"C3orf49","GSE214411","Myeloid",TRUE
1,-0.237594827980118,0,0,1,"RP11-245J9.5","GSE214411","Myeloid",TRUE
1,-0.237594827980118,0,0,1,"LINC00994","GSE214411","Myeloid",TRUE
1,-0.237594827980118,0,0,1,"PRICKLE2-AS3","GSE214411","Myeloid",TRUE
1,-0.237594827980118,0,0,1,"ADAMTS9-AS1","GSE214411","Myeloid",TRUE
1,-0.237594827980118,0,0,1,"MAGI1-AS1","GSE214411","Myeloid",TRUE
1,-0.237594827980118,0,0,1,"FAM19A1","GSE214411","Myeloid",TRUE
1,-0.237594827980118,0,0,1,"PDZRN3-AS1","GSE214411","Myeloid",TRUE
1,-0.237594827980118,0,0,1,"LINC00506","GSE214411","Myeloid",TRUE
1,-0.237594827980118,0,0,1,"EPHA3","GSE214411","Myeloid",TRUE
1,-0.237594827980118,0,0,1,"RP11-389G6.3","GSE214411","Myeloid",TRUE
1,-0.237594827980118,0,0,1,"GPR15","GSE214411","Myeloid",TRUE
1,-0.237594827980118,0,0,1,"ZPLD1","GSE214411","Myeloid",TRUE
1,-0.237594827980118,0,0,1,"RP11-446H18.5","GSE214411","Myeloid",TRUE
1,-0.237594827980118,0,0,1,"RP11-446H18.6","GSE214411","Myeloid",TRUE
1,-0.237594827980118,0,0,1,"CCDC54","GSE214411","Myeloid",TRUE
1,-0.237594827980118,0,0,1,"RP11-115H18.1","GSE214411","Myeloid",TRUE
1,-0.237594827980118,0,0,1,"LINC00635","GSE214411","Myeloid",TRUE
1,-0.237594827980118,0,0,1,"LINC00636","GSE214411","Myeloid",TRUE
1,-0.237594827980118,0,0,1,"MYH15","GSE214411","Myeloid",TRUE
1,-0.237594827980118,0,0,1,"MORC1","GSE214411","Myeloid",TRUE
1,-0.237594827980118,0,0,1,"FLJ22763","GSE214411","Myeloid",TRUE
1,-0.237594827980118,0,0,1,"LINC00488","GSE214411","Myeloid",TRUE
1,-0.237594827980118,0,0,1,"DPPA2","GSE214411","Myeloid",TRUE
1,-0.237594827980118,0,0,1,"RP11-553A10.1","GSE214411","Myeloid",TRUE
1,-0.237594827980118,0,0,1,"PVRL3-AS1","GSE214411","Myeloid",TRUE
1,-0.237594827980118,0,0,1,"ZBED2","GSE214411","Myeloid",TRUE
1,-0.237594827980118,0,0,1,"PLCXD2","GSE214411","Myeloid",TRUE
1,-0.237594827980118,0,0,1,"TAGLN3","GSE214411","Myeloid",TRUE
1,-0.237594827980118,0,0,1,"TMPRSS7","GSE214411","Myeloid",TRUE
1,-0.237594827980118,0,0,1,"SLC9C1","GSE214411","Myeloid",TRUE
1,-0.237594827980118,0,0,1,"RP11-90K6.1","GSE214411","Myeloid",TRUE
1,-0.237594827980118,0,0,1,"RP11-231E6.1","GSE214411","Myeloid",TRUE
1,-0.237594827980118,0,0,1,"RP11-572C15.5","GSE214411","Myeloid",TRUE
1,-0.237594827980118,0,0,1,"RP11-572M11.4","GSE214411","Myeloid",TRUE
1,-0.237594827980118,0,0,1,"SIDT1-AS1","GSE214411","Myeloid",TRUE
1,-0.237594827980118,0,0,1,"RP11-255E6.6","GSE214411","Myeloid",TRUE
1,-0.237594827980118,0,0,1,"RP11-553L6.2","GSE214411","Myeloid",TRUE
1,-0.237594827980118,0,0,1,"RP11-197K3.1","GSE214411","Myeloid",TRUE
1,-0.237594827980118,0,0,1,"AC069063.2","GSE214411","Myeloid",TRUE
1,-0.237594827980118,0,0,1,"RP11-190P13.2","GSE214411","Myeloid",TRUE
1,-0.237594827980118,0,0,1,"GAP43","GSE214411","Myeloid",TRUE
1,-0.237594827980118,0,0,1,"TUSC7","GSE214411","Myeloid",TRUE
1,-0.237594827980118,0,0,1,"RP11-768G7.2","GSE214411","Myeloid",TRUE
1,-0.237594827980118,0,0,1,"NR1I2","GSE214411","Myeloid",TRUE
1,-0.237594827980118,0,0,1,"GPR156","GSE214411","Myeloid",TRUE
1,-0.237594827980118,0,0,1,"FBXO40","GSE214411","Myeloid",TRUE
1,-0.237594827980118,0,0,1,"SEMA5B","GSE214411","Myeloid",TRUE
1,-0.237594827980118,0,0,1,"RP11-797D24.4","GSE214411","Myeloid",TRUE
1,-0.237594827980118,0,0,1,"RP11-9N20.3","GSE214411","Myeloid",TRUE
1,-0.237594827980118,0,0,1,"RP11-379B18.6","GSE214411","Myeloid",TRUE
1,-0.237594827980118,0,0,1,"ROPN1B","GSE214411","Myeloid",TRUE
1,-0.237594827980118,0,0,1,"RP11-124N2.1","GSE214411","Myeloid",TRUE
1,-0.237594827980118,0,0,1,"RP11-71E19.1","GSE214411","Myeloid",TRUE
1,-0.237594827980118,0,0,1,"C3orf22","GSE214411","Myeloid",TRUE
1,-0.237594827980118,0,0,1,"LINC01565","GSE214411","Myeloid",TRUE
1,-0.237594827980118,0,0,1,"RP11-723O4.9","GSE214411","Myeloid",TRUE
1,-0.237594827980118,0,0,1,"RP11-723O4.2","GSE214411","Myeloid",TRUE
1,-0.237594827980118,0,0,1,"ALG1L2","GSE214411","Myeloid",TRUE
1,-0.237594827980118,0,0,1,"COL6A6","GSE214411","Myeloid",TRUE
1,-0.237594827980118,0,0,1,"CPNE4","GSE214411","Myeloid",TRUE
1,-0.237594827980118,0,0,1,"NPHP3-AS1","GSE214411","Myeloid",TRUE
1,-0.237594827980118,0,0,1,"RP11-91K8.5","GSE214411","Myeloid",TRUE
1,-0.237594827980118,0,0,1,"TF","GSE214411","Myeloid",TRUE
1,-0.237594827980118,0,0,1,"RAB6B","GSE214411","Myeloid",TRUE
1,-0.237594827980118,0,0,1,"RP11-200A1.1","GSE214411","Myeloid",TRUE
1,-0.237594827980118,0,0,1,"RP11-305O4.3","GSE214411","Myeloid",TRUE
1,-0.237594827980118,0,0,1,"SOX14","GSE214411","Myeloid",TRUE
1,-0.237594827980118,0,0,1,"RP11-2A4.4","GSE214411","Myeloid",TRUE
1,-0.237594827980118,0,0,1,"CLDN18","GSE214411","Myeloid",TRUE
1,-0.237594827980118,0,0,1,"RP11-461M2.2","GSE214411","Myeloid",TRUE
1,-0.237594827980118,0,0,1,"PISRT1","GSE214411","Myeloid",TRUE
1,-0.237594827980118,0,0,1,"CLSTN2-AS1","GSE214411","Myeloid",TRUE
1,-0.237594827980118,0,0,1,"RP11-340E6.1","GSE214411","Myeloid",TRUE
1,-0.237594827980118,0,0,1,"GRK7","GSE214411","Myeloid",TRUE
1,-0.237594827980118,0,0,1,"RP11-274H2.3","GSE214411","Myeloid",TRUE
1,-0.237594827980118,0,0,1,"PLSCR5","GSE214411","Myeloid",TRUE
1,-0.237594827980118,0,0,1,"RP11-206M11.7","GSE214411","Myeloid",TRUE
1,-0.237594827980118,0,0,1,"RP11-278L15.2","GSE214411","Myeloid",TRUE
1,-0.237594827980118,0,0,1,"TM4SF4","GSE214411","Myeloid",TRUE
1,-0.237594827980118,0,0,1,"ERICH6","GSE214411","Myeloid",TRUE
1,-0.237594827980118,0,0,1,"SIAH2-AS1","GSE214411","Myeloid",TRUE
1,-0.237594827980118,0,0,1,"CLRN1-AS1","GSE214411","Myeloid",TRUE
1,-0.237594827980118,0,0,1,"GPR87","GSE214411","Myeloid",TRUE
1,-0.237594827980118,0,0,1,"AADACL2","GSE214411","Myeloid",TRUE
1,-0.237594827980118,0,0,1,"AADACL2-AS1","GSE214411","Myeloid",TRUE
1,-0.237594827980118,0,0,1,"RP11-64D22.5","GSE214411","Myeloid",TRUE
1,-0.237594827980118,0,0,1,"RP11-529G21.2","GSE214411","Myeloid",TRUE
1,-0.237594827980118,0,0,1,"RP11-439C8.2","GSE214411","Myeloid",TRUE
1,-0.237594827980118,0,0,1,"MME-AS1","GSE214411","Myeloid",TRUE
1,-0.237594827980118,0,0,1,"LINC01487","GSE214411","Myeloid",TRUE
1,-0.237594827980118,0,0,1,"RP11-451G4.2","GSE214411","Myeloid",TRUE
1,-0.237594827980118,0,0,1,"PQLC2L","GSE214411","Myeloid",TRUE
1,-0.237594827980118,0,0,1,"SHOX2","GSE214411","Myeloid",TRUE
1,-0.237594827980118,0,0,1,"RP11-379F4.7","GSE214411","Myeloid",TRUE
1,-0.237594827980118,0,0,1,"IL12A-AS1","GSE214411","Myeloid",TRUE
1,-0.237594827980118,0,0,1,"C3orf80","GSE214411","Myeloid",TRUE
1,-0.237594827980118,0,0,1,"RP11-432B6.3","GSE214411","Myeloid",TRUE
1,-0.237594827980118,0,0,1,"RP11-3P17.4","GSE214411","Myeloid",TRUE
1,-0.237594827980118,0,0,1,"RP11-10O22.1","GSE214411","Myeloid",TRUE
1,-0.237594827980118,0,0,1,"LRRIQ4","GSE214411","Myeloid",TRUE
1,-0.237594827980118,0,0,1,"LRRC31","GSE214411","Myeloid",TRUE
1,-0.237594827980118,0,0,1,"SEC62-AS1","GSE214411","Myeloid",TRUE
1,-0.237594827980118,0,0,1,"TMEM212","GSE214411","Myeloid",TRUE
1,-0.237594827980118,0,0,1,"GHSR","GSE214411","Myeloid",TRUE
1,-0.237594827980118,0,0,1,"NAALADL2-AS2","GSE214411","Myeloid",TRUE
1,-0.237594827980118,0,0,1,"LINC01208","GSE214411","Myeloid",TRUE
1,-0.237594827980118,0,0,1,"LINC01209","GSE214411","Myeloid",TRUE
1,-0.237594827980118,0,0,1,"LINC00578","GSE214411","Myeloid",TRUE
1,-0.237594827980118,0,0,1,"RP11-114M1.1","GSE214411","Myeloid",TRUE
1,-0.237594827980118,0,0,1,"KCCAT211","GSE214411","Myeloid",TRUE
1,-0.237594827980118,0,0,1,"RP11-33A14.1","GSE214411","Myeloid",TRUE
1,-0.237594827980118,0,0,1,"RP11-385J1.3","GSE214411","Myeloid",TRUE
1,-0.237594827980118,0,0,1,"KCNMB2-AS1","GSE214411","Myeloid",TRUE
1,-0.237594827980118,0,0,1,"SOX2","GSE214411","Myeloid",TRUE
1,-0.237594827980118,0,0,1,"RP11-646E18.4","GSE214411","Myeloid",TRUE
1,-0.237594827980118,0,0,1,"RP11-225N10.1","GSE214411","Myeloid",TRUE
1,-0.237594827980118,0,0,1,"ABCC5-AS1","GSE214411","Myeloid",TRUE
1,-0.237594827980118,0,0,1,"THPO","GSE214411","Myeloid",TRUE
1,-0.237594827980118,0,0,1,"RP11-433C9.2","GSE214411","Myeloid",TRUE
1,-0.237594827980118,0,0,1,"EIF2B5-AS1","GSE214411","Myeloid",TRUE
1,-0.237594827980118,0,0,1,"RP11-329B9.3","GSE214411","Myeloid",TRUE
1,-0.237594827980118,0,0,1,"RP11-329B9.5","GSE214411","Myeloid",TRUE
1,-0.237594827980118,0,0,1,"IGF2BP2-AS1","GSE214411","Myeloid",TRUE
1,-0.237594827980118,0,0,1,"AHSG","GSE214411","Myeloid",TRUE
1,-0.237594827980118,0,0,1,"FETUB","GSE214411","Myeloid",TRUE
1,-0.237594827980118,0,0,1,"RP11-573D15.3","GSE214411","Myeloid",TRUE
1,-0.237594827980118,0,0,1,"RTP1","GSE214411","Myeloid",TRUE
1,-0.237594827980118,0,0,1,"SST","GSE214411","Myeloid",TRUE
1,-0.237594827980118,0,0,1,"RP11-211G3.3","GSE214411","Myeloid",TRUE
1,-0.237594827980118,0,0,1,"GMNC","GSE214411","Myeloid",TRUE
1,-0.237594827980118,0,0,1,"OSTN-AS1","GSE214411","Myeloid",TRUE
1,-0.237594827980118,0,0,1,"UTS2B","GSE214411","Myeloid",TRUE
1,-0.237594827980118,0,0,1,"FGF12","GSE214411","Myeloid",TRUE
1,-0.237594827980118,0,0,1,"ATP13A5","GSE214411","Myeloid",TRUE
1,-0.237594827980118,0,0,1,"AC046143.3","GSE214411","Myeloid",TRUE
1,-0.237594827980118,0,0,1,"RP11-534C12.1","GSE214411","Myeloid",TRUE
1,-0.237594827980118,0,0,1,"XXYLT1-AS2","GSE214411","Myeloid",TRUE
1,-0.237594827980118,0,0,1,"AC091633.3","GSE214411","Myeloid",TRUE
1,-0.237594827980118,0,0,1,"MUC4","GSE214411","Myeloid",TRUE
1,-0.237594827980118,0,0,1,"AC124944.3","GSE214411","Myeloid",TRUE
1,-0.237594827980118,0,0,1,"CTD-2002J20.1","GSE214411","Myeloid",TRUE
1,-0.237594827980118,0,0,1,"NCBP2-AS1","GSE214411","Myeloid",TRUE
1,-0.237594827980118,0,0,1,"DLG1-AS1","GSE214411","Myeloid",TRUE
1,-0.237594827980118,0,0,1,"RP13-616I3.1","GSE214411","Myeloid",TRUE
1,-0.237594827980118,0,0,1,"RP11-2H3.6","GSE214411","Myeloid",TRUE
1,-0.237594827980118,0,0,1,"RP11-1191J2.2","GSE214411","Myeloid",TRUE
1,-0.237594827980118,0,0,1,"AC092535.3","GSE214411","Myeloid",TRUE
1,-0.237594827980118,0,0,1,"CFAP99.1","GSE214411","Myeloid",TRUE
1,-0.237594827980118,0,0,1,"RP11-265O12.1","GSE214411","Myeloid",TRUE
1,-0.237594827980118,0,0,1,"C4orf50","GSE214411","Myeloid",TRUE
1,-0.237594827980118,0,0,1,"RP11-586D19.1","GSE214411","Myeloid",TRUE
1,-0.237594827980118,0,0,1,"RP11-586D19.2","GSE214411","Myeloid",TRUE
1,-0.237594827980118,0,0,1,"AFAP1-AS1","GSE214411","Myeloid",TRUE
1,-0.237594827980118,0,0,1,"AC097381.1","GSE214411","Myeloid",TRUE
1,-0.237594827980118,0,0,1,"GPR78","GSE214411","Myeloid",TRUE
1,-0.237594827980118,0,0,1,"HMX1","GSE214411","Myeloid",TRUE
1,-0.237594827980118,0,0,1,"RP11-448G15.1","GSE214411","Myeloid",TRUE
1,-0.237594827980118,0,0,1,"LINC01097","GSE214411","Myeloid",TRUE
1,-0.237594827980118,0,0,1,"NKX3-2","GSE214411","Myeloid",TRUE
1,-0.237594827980118,0,0,1,"LINC01096","GSE214411","Myeloid",TRUE
1,-0.237594827980118,0,0,1,"LINC01182","GSE214411","Myeloid",TRUE
1,-0.237594827980118,0,0,1,"AC007126.1","GSE214411","Myeloid",TRUE
1,-0.237594827980118,0,0,1,"LINC01085","GSE214411","Myeloid",TRUE
1,-0.237594827980118,0,0,1,"RP11-669M16.2","GSE214411","Myeloid",TRUE
1,-0.237594827980118,0,0,1,"RP11-669M16.1","GSE214411","Myeloid",TRUE
1,-0.237594827980118,0,0,1,"FGFBP2","GSE214411","Myeloid",TRUE
1,-0.237594827980118,0,0,1,"RP11-3J1.1","GSE214411","Myeloid",TRUE
1,-0.237594827980118,0,0,1,"RP11-362J17.1","GSE214411","Myeloid",TRUE
1,-0.237594827980118,0,0,1,"RP11-556G22.3","GSE214411","Myeloid",TRUE
1,-0.237594827980118,0,0,1,"RP11-556G22.2","GSE214411","Myeloid",TRUE
1,-0.237594827980118,0,0,1,"RP11-17E2.2","GSE214411","Myeloid",TRUE
1,-0.237594827980118,0,0,1,"RP13-494C23.1","GSE214411","Myeloid",TRUE
1,-0.237594827980118,0,0,1,"RP11-415C15.3","GSE214411","Myeloid",TRUE
1,-0.237594827980118,0,0,1,"RP11-123O22.1","GSE214411","Myeloid",TRUE
1,-0.237594827980118,0,0,1,"RP11-431M7.3","GSE214411","Myeloid",TRUE
1,-0.237594827980118,0,0,1,"RP11-814H16.2","GSE214411","Myeloid",TRUE
1,-0.237594827980118,0,0,1,"SHISA3","GSE214411","Myeloid",TRUE
1,-0.237594827980118,0,0,1,"RP11-109E24.2","GSE214411","Myeloid",TRUE
1,-0.237594827980118,0,0,1,"RP11-109E24.1","GSE214411","Myeloid",TRUE
1,-0.237594827980118,0,0,1,"RP11-663P9.1","GSE214411","Myeloid",TRUE
1,-0.237594827980118,0,0,1,"YIPF7","GSE214411","Myeloid",TRUE
1,-0.237594827980118,0,0,1,"RP11-700J17.1","GSE214411","Myeloid",TRUE
1,-0.237594827980118,0,0,1,"GABRA2","GSE214411","Myeloid",TRUE
1,-0.237594827980118,0,0,1,"CORIN","GSE214411","Myeloid",TRUE
1,-0.237594827980118,0,0,1,"SLC10A4","GSE214411","Myeloid",TRUE
1,-0.237594827980118,0,0,1,"RP11-365H22.2","GSE214411","Myeloid",TRUE
1,-0.237594827980118,0,0,1,"LRRC66","GSE214411","Myeloid",TRUE
1,-0.237594827980118,0,0,1,"RP11-177B4.2","GSE214411","Myeloid",TRUE
1,-0.237594827980118,0,0,1,"RP11-752D24.2","GSE214411","Myeloid",TRUE
1,-0.237594827980118,0,0,1,"LNX1-AS1","GSE214411","Myeloid",TRUE
1,-0.237594827980118,0,0,1,"GSX2","GSE214411","Myeloid",TRUE
1,-0.237594827980118,0,0,1,"RP11-345F18.1","GSE214411","Myeloid",TRUE
1,-0.237594827980118,0,0,1,"RP11-646I6.6","GSE214411","Myeloid",TRUE
1,-0.237594827980118,0,0,1,"IGFBP7-AS1","GSE214411","Myeloid",TRUE
1,-0.237594827980118,0,0,1,"RP11-798L4.1","GSE214411","Myeloid",TRUE
1,-0.237594827980118,0,0,1,"TMPRSS11F","GSE214411","Myeloid",TRUE
1,-0.237594827980118,0,0,1,"TMPRSS11B","GSE214411","Myeloid",TRUE
1,-0.237594827980118,0,0,1,"TMPRSS11E","GSE214411","Myeloid",TRUE
1,-0.237594827980118,0,0,1,"UGT2B15","GSE214411","Myeloid",TRUE
1,-0.237594827980118,0,0,1,"RP11-468N14.13","GSE214411","Myeloid",TRUE
1,-0.237594827980118,0,0,1,"ODAM","GSE214411","Myeloid",TRUE
1,-0.237594827980118,0,0,1,"FDCSP","GSE214411","Myeloid",TRUE
1,-0.237594827980118,0,0,1,"SMR3A","GSE214411","Myeloid",TRUE
1,-0.237594827980118,0,0,1,"PROL1","GSE214411","Myeloid",TRUE
1,-0.237594827980118,0,0,1,"MUC7","GSE214411","Myeloid",TRUE
1,-0.237594827980118,0,0,1,"ALB","GSE214411","Myeloid",TRUE
1,-0.237594827980118,0,0,1,"BTC","GSE214411","Myeloid",TRUE
1,-0.237594827980118,0,0,1,"RP11-44F21.3","GSE214411","Myeloid",TRUE
1,-0.237594827980118,0,0,1,"RP11-542G1.1","GSE214411","Myeloid",TRUE
1,-0.237594827980118,0,0,1,"C4orf26","GSE214411","Myeloid",TRUE
1,-0.237594827980118,0,0,1,"FAM47E-STBD1","GSE214411","Myeloid",TRUE
1,-0.237594827980118,0,0,1,"CCDC158","GSE214411","Myeloid",TRUE
1,-0.237594827980118,0,0,1,"RP11-359D14.2","GSE214411","Myeloid",TRUE
1,-0.237594827980118,0,0,1,"SOWAHB","GSE214411","Myeloid",TRUE
1,-0.237594827980118,0,0,1,"LINC00989","GSE214411","Myeloid",TRUE
1,-0.237594827980118,0,0,1,"BMP3","GSE214411","Myeloid",TRUE
1,-0.237594827980118,0,0,1,"PRKG2","GSE214411","Myeloid",TRUE
1,-0.237594827980118,0,0,1,"RP11-689K5.3","GSE214411","Myeloid",TRUE
1,-0.237594827980118,0,0,1,"RP13-514E23.2","GSE214411","Myeloid",TRUE
1,-0.237594827980118,0,0,1,"RP11-710E1.2","GSE214411","Myeloid",TRUE
1,-0.237594827980118,0,0,1,"RP11-10L7.1","GSE214411","Myeloid",TRUE
1,-0.237594827980118,0,0,1,"RP11-84C13.2","GSE214411","Myeloid",TRUE
1,-0.237594827980118,0,0,1,"RP11-115D19.1","GSE214411","Myeloid",TRUE
1,-0.237594827980118,0,0,1,"RP11-763F8.1","GSE214411","Myeloid",TRUE
1,-0.237594827980118,0,0,1,"GRID2","GSE214411","Myeloid",TRUE
1,-0.237594827980118,0,0,1,"RP11-1299A16.3","GSE214411","Myeloid",TRUE
1,-0.237594827980118,0,0,1,"ADH4","GSE214411","Myeloid",TRUE
1,-0.237594827980118,0,0,1,"ADH1B","GSE214411","Myeloid",TRUE
1,-0.237594827980118,0,0,1,"MTTP","GSE214411","Myeloid",TRUE
1,-0.237594827980118,0,0,1,"RP11-766F14.2","GSE214411","Myeloid",TRUE
1,-0.237594827980118,0,0,1,"TACR3","GSE214411","Myeloid",TRUE
1,-0.237594827980118,0,0,1,"CXXC4","GSE214411","Myeloid",TRUE
1,-0.237594827980118,0,0,1,"AC004066.3","GSE214411","Myeloid",TRUE
1,-0.237594827980118,0,0,1,"ETNPPL","GSE214411","Myeloid",TRUE
1,-0.237594827980118,0,0,1,"COL25A1","GSE214411","Myeloid",TRUE
1,-0.237594827980118,0,0,1,"RRH","GSE214411","Myeloid",TRUE
1,-0.237594827980118,0,0,1,"LRIT3","GSE214411","Myeloid",TRUE
1,-0.237594827980118,0,0,1,"EGF","GSE214411","Myeloid",TRUE
1,-0.237594827980118,0,0,1,"PITX2","GSE214411","Myeloid",TRUE
1,-0.237594827980118,0,0,1,"RP11-269F21.2","GSE214411","Myeloid",TRUE
1,-0.237594827980118,0,0,1,"NEUROG2","GSE214411","Myeloid",TRUE
1,-0.237594827980118,0,0,1,"RP11-402J6.1","GSE214411","Myeloid",TRUE
1,-0.237594827980118,0,0,1,"MYOZ2","GSE214411","Myeloid",TRUE
1,-0.237594827980118,0,0,1,"FABP2","GSE214411","Myeloid",TRUE
1,-0.237594827980118,0,0,1,"QRFPR","GSE214411","Myeloid",TRUE
1,-0.237594827980118,0,0,1,"TMEM155","GSE214411","Myeloid",TRUE
1,-0.237594827980118,0,0,1,"RP11-63B13.1","GSE214411","Myeloid",TRUE
1,-0.237594827980118,0,0,1,"TRPC3","GSE214411","Myeloid",TRUE
1,-0.237594827980118,0,0,1,"IL21","GSE214411","Myeloid",TRUE
1,-0.237594827980118,0,0,1,"RP11-170N16.3","GSE214411","Myeloid",TRUE
1,-0.237594827980118,0,0,1,"LINC01091","GSE214411","Myeloid",TRUE
1,-0.237594827980118,0,0,1,"RP11-93I21.3","GSE214411","Myeloid",TRUE
1,-0.237594827980118,0,0,1,"SLC25A31","GSE214411","Myeloid",TRUE
1,-0.237594827980118,0,0,1,"RP11-130C6.1","GSE214411","Myeloid",TRUE
1,-0.237594827980118,0,0,1,"RP11-184M15.1","GSE214411","Myeloid",TRUE
1,-0.237594827980118,0,0,1,"RP11-614F17.2","GSE214411","Myeloid",TRUE
1,-0.237594827980118,0,0,1,"RP11-789C2.1","GSE214411","Myeloid",TRUE
1,-0.237594827980118,0,0,1,"RP11-9G1.3","GSE214411","Myeloid",TRUE
1,-0.237594827980118,0,0,1,"RP11-427M20.1","GSE214411","Myeloid",TRUE
1,-0.237594827980118,0,0,1,"UCP1","GSE214411","Myeloid",TRUE
1,-0.237594827980118,0,0,1,"RP11-223C24.1","GSE214411","Myeloid",TRUE
1,-0.237594827980118,0,0,1,"FREM3","GSE214411","Myeloid",TRUE
1,-0.237594827980118,0,0,1,"RP13-578N3.3","GSE214411","Myeloid",TRUE
1,-0.237594827980118,0,0,1,"RP11-673E1.4","GSE214411","Myeloid",TRUE
1,-0.237594827980118,0,0,1,"RP11-142A22.4","GSE214411","Myeloid",TRUE
1,-0.237594827980118,0,0,1,"SMAD1-AS1","GSE214411","Myeloid",TRUE
1,-0.237594827980118,0,0,1,"C4orf51","GSE214411","Myeloid",TRUE
1,-0.237594827980118,0,0,1,"RP11-752L20.5","GSE214411","Myeloid",TRUE
1,-0.237594827980118,0,0,1,"RP11-1336O20.2","GSE214411","Myeloid",TRUE
1,-0.237594827980118,0,0,1,"MAB21L2","GSE214411","Myeloid",TRUE
1,-0.237594827980118,0,0,1,"RP11-610P16.1","GSE214411","Myeloid",TRUE
1,-0.237594827980118,0,0,1,"RP11-164P12.4","GSE214411","Myeloid",TRUE
1,-0.237594827980118,0,0,1,"RP11-164P12.3","GSE214411","Myeloid",TRUE
1,-0.237594827980118,0,0,1,"RP11-73G16.2","GSE214411","Myeloid",TRUE
1,-0.237594827980118,0,0,1,"RP11-18H21.3","GSE214411","Myeloid",TRUE
1,-0.237594827980118,0,0,1,"RP11-461L13.5","GSE214411","Myeloid",TRUE
1,-0.237594827980118,0,0,1,"TIGD4","GSE214411","Myeloid",TRUE
1,-0.237594827980118,0,0,1,"SFRP2","GSE214411","Myeloid",TRUE
1,-0.237594827980118,0,0,1,"FGB","GSE214411","Myeloid",TRUE
1,-0.237594827980118,0,0,1,"FGA","GSE214411","Myeloid",TRUE
1,-0.237594827980118,0,0,1,"LRAT","GSE214411","Myeloid",TRUE
1,-0.237594827980118,0,0,1,"AC097467.2","GSE214411","Myeloid",TRUE
1,-0.237594827980118,0,0,1,"RP11-364P22.2","GSE214411","Myeloid",TRUE
1,-0.237594827980118,0,0,1,"RP11-781M16.2","GSE214411","Myeloid",TRUE
1,-0.237594827980118,0,0,1,"C4orf45","GSE214411","Myeloid",TRUE
1,-0.237594827980118,0,0,1,"NPY1R","GSE214411","Myeloid",TRUE
1,-0.237594827980118,0,0,1,"TLL1","GSE214411","Myeloid",TRUE
1,-0.237594827980118,0,0,1,"RP11-610J23.1","GSE214411","Myeloid",TRUE
1,-0.237594827980118,0,0,1,"RP11-635L1.3","GSE214411","Myeloid",TRUE
1,-0.237594827980118,0,0,1,"RP11-6E9.5","GSE214411","Myeloid",TRUE
1,-0.237594827980118,0,0,1,"RP11-789C1.2","GSE214411","Myeloid",TRUE
1,-0.237594827980118,0,0,1,"GALNTL6","GSE214411","Myeloid",TRUE
1,-0.237594827980118,0,0,1,"RP11-489G11.3","GSE214411","Myeloid",TRUE
1,-0.237594827980118,0,0,1,"RP11-148L24.1","GSE214411","Myeloid",TRUE
1,-0.237594827980118,0,0,1,"RP11-440I14.2","GSE214411","Myeloid",TRUE
1,-0.237594827980118,0,0,1,"RP11-440I14.3","GSE214411","Myeloid",TRUE
1,-0.237594827980118,0,0,1,"GLRA3","GSE214411","Myeloid",TRUE
1,-0.237594827980118,0,0,1,"ADAM29","GSE214411","Myeloid",TRUE
1,-0.237594827980118,0,0,1,"SPATA4","GSE214411","Myeloid",TRUE
1,-0.237594827980118,0,0,1,"RP11-313E19.2","GSE214411","Myeloid",TRUE
1,-0.237594827980118,0,0,1,"AC108142.1","GSE214411","Myeloid",TRUE
1,-0.237594827980118,0,0,1,"TENM3","GSE214411","Myeloid",TRUE
1,-0.237594827980118,0,0,1,"RP11-335L23.5","GSE214411","Myeloid",TRUE
1,-0.237594827980118,0,0,1,"WWC2-AS1","GSE214411","Myeloid",TRUE
1,-0.237594827980118,0,0,1,"RP11-367N14.3","GSE214411","Myeloid",TRUE
1,-0.237594827980118,0,0,1,"RP11-290F5.1","GSE214411","Myeloid",TRUE
1,-0.237594827980118,0,0,1,"RP11-714G18.1","GSE214411","Myeloid",TRUE
1,-0.237594827980118,0,0,1,"RP11-301L8.2","GSE214411","Myeloid",TRUE
1,-0.237594827980118,0,0,1,"RP11-626E13.1","GSE214411","Myeloid",TRUE
1,-0.237594827980118,0,0,1,"F11","GSE214411","Myeloid",TRUE
1,-0.237594827980118,0,0,1,"MTNR1A","GSE214411","Myeloid",TRUE
1,-0.237594827980118,0,0,1,"RP11-11N5.3","GSE214411","Myeloid",TRUE
1,-0.237594827980118,0,0,1,"RP11-756P10.2","GSE214411","Myeloid",TRUE
1,-0.237594827980118,0,0,1,"RP11-462G22.2","GSE214411","Myeloid",TRUE
1,-0.237594827980118,0,0,1,"DBET","GSE214411","Myeloid",TRUE
1,-0.237594827980118,0,0,1,"CTD-2589H19.6","GSE214411","Myeloid",TRUE
1,-0.237594827980118,0,0,1,"RP11-43F13.3","GSE214411","Myeloid",TRUE
1,-0.237594827980118,0,0,1,"RP11-43F13.4","GSE214411","Myeloid",TRUE
1,-0.237594827980118,0,0,1,"NKD2","GSE214411","Myeloid",TRUE
1,-0.237594827980118,0,0,1,"CTD-3080P12.3","GSE214411","Myeloid",TRUE
1,-0.237594827980118,0,0,1,"RP11-259O2.1","GSE214411","Myeloid",TRUE
1,-0.237594827980118,0,0,1,"RP11-259O2.2","GSE214411","Myeloid",TRUE
1,-0.237594827980118,0,0,1,"RP11-259O2.3","GSE214411","Myeloid",TRUE
1,-0.237594827980118,0,0,1,"IRX2","GSE214411","Myeloid",TRUE
1,-0.237594827980118,0,0,1,"CTD-2297D10.1","GSE214411","Myeloid",TRUE
1,-0.237594827980118,0,0,1,"UBE2QL1","GSE214411","Myeloid",TRUE
1,-0.237594827980118,0,0,1,"LINC01018","GSE214411","Myeloid",TRUE
1,-0.237594827980118,0,0,1,"CTD-2044J15.1","GSE214411","Myeloid",TRUE
1,-0.237594827980118,0,0,1,"RP11-332J15.4","GSE214411","Myeloid",TRUE
1,-0.237594827980118,0,0,1,"CTD-2201E9.1","GSE214411","Myeloid",TRUE
1,-0.237594827980118,0,0,1,"TAS2R1","GSE214411","Myeloid",TRUE
1,-0.237594827980118,0,0,1,"CTD-2143L24.1","GSE214411","Myeloid",TRUE
1,-0.237594827980118,0,0,1,"CTD-2199O4.1","GSE214411","Myeloid",TRUE
1,-0.237594827980118,0,0,1,"CTD-2199O4.6","GSE214411","Myeloid",TRUE
1,-0.237594827980118,0,0,1,"CTD-2256P15.5","GSE214411","Myeloid",TRUE
1,-0.237594827980118,0,0,1,"CTD-2154B17.4","GSE214411","Myeloid",TRUE
1,-0.237594827980118,0,0,1,"MARCH11","GSE214411","Myeloid",TRUE
1,-0.237594827980118,0,0,1,"RP1-167G20.1","GSE214411","Myeloid",TRUE
1,-0.237594827980118,0,0,1,"CTD-2228A4.1","GSE214411","Myeloid",TRUE
1,-0.237594827980118,0,0,1,"AC091878.1","GSE214411","Myeloid",TRUE
1,-0.237594827980118,0,0,1,"CTD-2023M8.1","GSE214411","Myeloid",TRUE
1,-0.237594827980118,0,0,1,"RP11-374A4.1","GSE214411","Myeloid",TRUE
1,-0.237594827980118,0,0,1,"RP11-360I2.1","GSE214411","Myeloid",TRUE
1,-0.237594827980118,0,0,1,"CDH12","GSE214411","Myeloid",TRUE
1,-0.237594827980118,0,0,1,"CDH10","GSE214411","Myeloid",TRUE
1,-0.237594827980118,0,0,1,"CTD-2152M20.2","GSE214411","Myeloid",TRUE
1,-0.237594827980118,0,0,1,"CTD-2218G20.2","GSE214411","Myeloid",TRUE
1,-0.237594827980118,0,0,1,"CTD-2066L21.1","GSE214411","Myeloid",TRUE
1,-0.237594827980118,0,0,1,"SLC45A2","GSE214411","Myeloid",TRUE
1,-0.237594827980118,0,0,1,"RP11-1250I15.3","GSE214411","Myeloid",TRUE
1,-0.237594827980118,0,0,1,"CTD-2024P10.2","GSE214411","Myeloid",TRUE
1,-0.237594827980118,0,0,1,"CTD-2517O10.6","GSE214411","Myeloid",TRUE
1,-0.237594827980118,0,0,1,"AGXT2","GSE214411","Myeloid",TRUE
1,-0.237594827980118,0,0,1,"UGT3A2","GSE214411","Myeloid",TRUE
1,-0.237594827980118,0,0,1,"RANBP3L","GSE214411","Myeloid",TRUE
1,-0.237594827980118,0,0,1,"GDNF","GSE214411","Myeloid",TRUE
1,-0.237594827980118,0,0,1,"GDNF-AS1","GSE214411","Myeloid",TRUE
1,-0.237594827980118,0,0,1,"EGFLAM","GSE214411","Myeloid",TRUE
1,-0.237594827980118,0,0,1,"LIFR-AS1","GSE214411","Myeloid",TRUE
1,-0.237594827980118,0,0,1,"LINC01265","GSE214411","Myeloid",TRUE
1,-0.237594827980118,0,0,1,"OSMR-AS1","GSE214411","Myeloid",TRUE
1,-0.237594827980118,0,0,1,"C6","GSE214411","Myeloid",TRUE
1,-0.237594827980118,0,0,1,"CTD-2325A15.5","GSE214411","Myeloid",TRUE
1,-0.237594827980118,0,0,1,"CTD-2035E11.5","GSE214411","Myeloid",TRUE
1,-0.237594827980118,0,0,1,"FGF10-AS1","GSE214411","Myeloid",TRUE
1,-0.237594827980118,0,0,1,"CTD-2314G24.2","GSE214411","Myeloid",TRUE
1,-0.237594827980118,0,0,1,"ISL1","GSE214411","Myeloid",TRUE
1,-0.237594827980118,0,0,1,"CTD-2288O8.1","GSE214411","Myeloid",TRUE
1,-0.237594827980118,0,0,1,"CTD-2366F13.2","GSE214411","Myeloid",TRUE
1,-0.237594827980118,0,0,1,"LINC01033","GSE214411","Myeloid",TRUE
1,-0.237594827980118,0,0,1,"MCIDAS","GSE214411","Myeloid",TRUE
1,-0.237594827980118,0,0,1,"RP11-506H20.1","GSE214411","Myeloid",TRUE
1,-0.237594827980118,0,0,1,"AC008937.3","GSE214411","Myeloid",TRUE
1,-0.237594827980118,0,0,1,"ACTBL2","GSE214411","Myeloid",TRUE
1,-0.237594827980118,0,0,1,"CTD-2023N9.3","GSE214411","Myeloid",TRUE
1,-0.237594827980118,0,0,1,"CTD-2037L6.2","GSE214411","Myeloid",TRUE
1,-0.237594827980118,0,0,1,"RAB3C","GSE214411","Myeloid",TRUE
1,-0.237594827980118,0,0,1,"RP11-266N13.2","GSE214411","Myeloid",TRUE
1,-0.237594827980118,0,0,1,"FAM159B","GSE214411","Myeloid",TRUE
1,-0.237594827980118,0,0,1,"RP11-307L14.2","GSE214411","Myeloid",TRUE
1,-0.237594827980118,0,0,1,"CTD-2116N20.1","GSE214411","Myeloid",TRUE
1,-0.237594827980118,0,0,1,"RP11-83M16.5","GSE214411","Myeloid",TRUE
1,-0.237594827980118,0,0,1,"CTC-537E7.2","GSE214411","Myeloid",TRUE
1,-0.237594827980118,0,0,1,"CTC-340D7.1","GSE214411","Myeloid",TRUE
1,-0.237594827980118,0,0,1,"RP11-141O11.2","GSE214411","Myeloid",TRUE
1,-0.237594827980118,0,0,1,"SERF1B","GSE214411","Myeloid",TRUE
1,-0.237594827980118,0,0,1,"RP11-136K7.2","GSE214411","Myeloid",TRUE
1,-0.237594827980118,0,0,1,"CARTPT","GSE214411","Myeloid",TRUE
1,-0.237594827980118,0,0,1,"CTD-2631K10.1","GSE214411","Myeloid",TRUE
1,-0.237594827980118,0,0,1,"TMEM171","GSE214411","Myeloid",TRUE
1,-0.237594827980118,0,0,1,"CTD-2377O17.1","GSE214411","Myeloid",TRUE
1,-0.237594827980118,0,0,1,"ANKRD31","GSE214411","Myeloid",TRUE
1,-0.237594827980118,0,0,1,"CTD-2235C13.2","GSE214411","Myeloid",TRUE
1,-0.237594827980118,0,0,1,"CTC-366B18.2","GSE214411","Myeloid",TRUE
1,-0.237594827980118,0,0,1,"RP11-466P24.6","GSE214411","Myeloid",TRUE
1,-0.237594827980118,0,0,1,"CTC-564N23.2","GSE214411","Myeloid",TRUE
1,-0.237594827980118,0,0,1,"BHMT","GSE214411","Myeloid",TRUE
1,-0.237594827980118,0,0,1,"CTC-458I2.2","GSE214411","Myeloid",TRUE
1,-0.237594827980118,0,0,1,"ANKRD34B","GSE214411","Myeloid",TRUE
1,-0.237594827980118,0,0,1,"LINC01337","GSE214411","Myeloid",TRUE
1,-0.237594827980118,0,0,1,"RASGRF2-AS1","GSE214411","Myeloid",TRUE
1,-0.237594827980118,0,0,1,"CTD-2193P3.2","GSE214411","Myeloid",TRUE
1,-0.237594827980118,0,0,1,"ACOT12","GSE214411","Myeloid",TRUE
1,-0.237594827980118,0,0,1,"CTD-2249K22.1","GSE214411","Myeloid",TRUE
1,-0.237594827980118,0,0,1,"CTD-2269F5.1","GSE214411","Myeloid",TRUE
1,-0.237594827980118,0,0,1,"CTC-242N15.1","GSE214411","Myeloid",TRUE
1,-0.237594827980118,0,0,1,"LINC00461","GSE214411","Myeloid",TRUE
1,-0.237594827980118,0,0,1,"RP11-185E12.2","GSE214411","Myeloid",TRUE
1,-0.237594827980118,0,0,1,"GPR150","GSE214411","Myeloid",TRUE
1,-0.237594827980118,0,0,1,"AC008592.4","GSE214411","Myeloid",TRUE
1,-0.237594827980118,0,0,1,"AC008592.8","GSE214411","Myeloid",TRUE
1,-0.237594827980118,0,0,1,"CTC-459M5.2","GSE214411","Myeloid",TRUE
1,-0.237594827980118,0,0,1,"CTC-487M23.7","GSE214411","Myeloid",TRUE
1,-0.237594827980118,0,0,1,"CTD-2201G3.1","GSE214411","Myeloid",TRUE
1,-0.237594827980118,0,0,1,"TSSK1B","GSE214411","Myeloid",TRUE
1,-0.237594827980118,0,0,1,"LVRN","GSE214411","Myeloid",TRUE
1,-0.237594827980118,0,0,1,"CTD-2287O16.4","GSE214411","Myeloid",TRUE
1,-0.237594827980118,0,0,1,"LINC00992","GSE214411","Myeloid",TRUE
1,-0.237594827980118,0,0,1,"CTD-3179P9.1","GSE214411","Myeloid",TRUE
1,-0.237594827980118,0,0,1,"CTD-2281M20.1","GSE214411","Myeloid",TRUE
1,-0.237594827980118,0,0,1,"CTC-448D22.1","GSE214411","Myeloid",TRUE
1,-0.237594827980118,0,0,1,"CTC-441N14.2","GSE214411","Myeloid",TRUE
1,-0.237594827980118,0,0,1,"CTD-2544H17.2","GSE214411","Myeloid",TRUE
1,-0.237594827980118,0,0,1,"CTD-2544H17.1","GSE214411","Myeloid",TRUE
1,-0.237594827980118,0,0,1,"CTD-2280E9.1","GSE214411","Myeloid",TRUE
1,-0.237594827980118,0,0,1,"MGC32805","GSE214411","Myeloid",TRUE
1,-0.237594827980118,0,0,1,"RP11-359P5.1","GSE214411","Myeloid",TRUE
1,-0.237594827980118,0,0,1,"AC106786.1","GSE214411","Myeloid",TRUE
1,-0.237594827980118,0,0,1,"RP11-434D11.4","GSE214411","Myeloid",TRUE
1,-0.237594827980118,0,0,1,"CTD-2195M15.3","GSE214411","Myeloid",TRUE
1,-0.237594827980118,0,0,1,"LINC01183","GSE214411","Myeloid",TRUE
1,-0.237594827980118,0,0,1,"ADAMTS19-AS1","GSE214411","Myeloid",TRUE
1,-0.237594827980118,0,0,1,"CTC-575N7.1","GSE214411","Myeloid",TRUE
1,-0.237594827980118,0,0,1,"IL3","GSE214411","Myeloid",TRUE
1,-0.237594827980118,0,0,1,"RP11-89G4.1","GSE214411","Myeloid",TRUE
1,-0.237594827980118,0,0,1,"IL5","GSE214411","Myeloid",TRUE
1,-0.237594827980118,0,0,1,"AC004237.1","GSE214411","Myeloid",TRUE
1,-0.237594827980118,0,0,1,"CCNI2","GSE214411","Myeloid",TRUE
1,-0.237594827980118,0,0,1,"SOWAHA","GSE214411","Myeloid",TRUE
1,-0.237594827980118,0,0,1,"AC004775.5","GSE214411","Myeloid",TRUE
1,-0.237594827980118,0,0,1,"RP11-485M7.3","GSE214411","Myeloid",TRUE
1,-0.237594827980118,0,0,1,"FSTL4","GSE214411","Myeloid",TRUE
1,-0.237594827980118,0,0,1,"CTD-2410N18.5","GSE214411","Myeloid",TRUE
1,-0.237594827980118,0,0,1,"AC005355.1","GSE214411","Myeloid",TRUE
1,-0.237594827980118,0,0,1,"AC005355.2","GSE214411","Myeloid",TRUE
1,-0.237594827980118,0,0,1,"NEUROG1","GSE214411","Myeloid",TRUE
1,-0.237594827980118,0,0,1,"GS1-39E22.2","GSE214411","Myeloid",TRUE
1,-0.237594827980118,0,0,1,"LECT2","GSE214411","Myeloid",TRUE
1,-0.237594827980118,0,0,1,"MYOT","GSE214411","Myeloid",TRUE
1,-0.237594827980118,0,0,1,"RP11-325L7.1","GSE214411","Myeloid",TRUE
1,-0.237594827980118,0,0,1,"GFRA3","GSE214411","Myeloid",TRUE
1,-0.237594827980118,0,0,1,"RP11-256P1.1","GSE214411","Myeloid",TRUE
1,-0.237594827980118,0,0,1,"REEP2","GSE214411","Myeloid",TRUE
1,-0.237594827980118,0,0,1,"AC034243.1","GSE214411","Myeloid",TRUE
1,-0.237594827980118,0,0,1,"PSD2","GSE214411","Myeloid",TRUE
1,-0.237594827980118,0,0,1,"CTC-329D1.2","GSE214411","Myeloid",TRUE
1,-0.237594827980118,0,0,1,"PCDHA2","GSE214411","Myeloid",TRUE
1,-0.237594827980118,0,0,1,"PCDHA3","GSE214411","Myeloid",TRUE
1,-0.237594827980118,0,0,1,"PCDHA5","GSE214411","Myeloid",TRUE
1,-0.237594827980118,0,0,1,"PCDHA6","GSE214411","Myeloid",TRUE
1,-0.237594827980118,0,0,1,"PCDHA7","GSE214411","Myeloid",TRUE
1,-0.237594827980118,0,0,1,"PCDHA8","GSE214411","Myeloid",TRUE
1,-0.237594827980118,0,0,1,"PCDHA9","GSE214411","Myeloid",TRUE
1,-0.237594827980118,0,0,1,"PCDHA10","GSE214411","Myeloid",TRUE
1,-0.237594827980118,0,0,1,"PCDHA11","GSE214411","Myeloid",TRUE
1,-0.237594827980118,0,0,1,"PCDHA12","GSE214411","Myeloid",TRUE
1,-0.237594827980118,0,0,1,"PCDHA13","GSE214411","Myeloid",TRUE
1,-0.237594827980118,0,0,1,"PCDHAC1","GSE214411","Myeloid",TRUE
1,-0.237594827980118,0,0,1,"PCDHB1","GSE214411","Myeloid",TRUE
1,-0.237594827980118,0,0,1,"AC005754.8","GSE214411","Myeloid",TRUE
1,-0.237594827980118,0,0,1,"CH17-140K24.2","GSE214411","Myeloid",TRUE
1,-0.237594827980118,0,0,1,"PCDHB6","GSE214411","Myeloid",TRUE
1,-0.237594827980118,0,0,1,"PCDHB8","GSE214411","Myeloid",TRUE
1,-0.237594827980118,0,0,1,"PCDHB10","GSE214411","Myeloid",TRUE
1,-0.237594827980118,0,0,1,"PCDHB11","GSE214411","Myeloid",TRUE
1,-0.237594827980118,0,0,1,"PCDHB12","GSE214411","Myeloid",TRUE
1,-0.237594827980118,0,0,1,"SLC25A2","GSE214411","Myeloid",TRUE
1,-0.237594827980118,0,0,1,"AC005618.6","GSE214411","Myeloid",TRUE
1,-0.237594827980118,0,0,1,"PCDHGA2","GSE214411","Myeloid",TRUE
1,-0.237594827980118,0,0,1,"PCDHGA3","GSE214411","Myeloid",TRUE
1,-0.237594827980118,0,0,1,"PCDHGB1","GSE214411","Myeloid",TRUE
1,-0.237594827980118,0,0,1,"PCDHGA4","GSE214411","Myeloid",TRUE
1,-0.237594827980118,0,0,1,"PCDHGB3","GSE214411","Myeloid",TRUE
1,-0.237594827980118,0,0,1,"PCDHGA7","GSE214411","Myeloid",TRUE
1,-0.237594827980118,0,0,1,"PCDHGB4","GSE214411","Myeloid",TRUE
1,-0.237594827980118,0,0,1,"CTD-2024I7.13","GSE214411","Myeloid",TRUE
1,-0.237594827980118,0,0,1,"AC005740.6","GSE214411","Myeloid",TRUE
1,-0.237594827980118,0,0,1,"AC005592.1","GSE214411","Myeloid",TRUE
1,-0.237594827980118,0,0,1,"ARHGAP26-AS1","GSE214411","Myeloid",TRUE
1,-0.237594827980118,0,0,1,"HMHB1","GSE214411","Myeloid",TRUE
1,-0.237594827980118,0,0,1,"CTC-806A22.1","GSE214411","Myeloid",TRUE
1,-0.237594827980118,0,0,1,"SCGB3A2","GSE214411","Myeloid",TRUE
1,-0.237594827980118,0,0,1,"C5orf46","GSE214411","Myeloid",TRUE
1,-0.237594827980118,0,0,1,"CTC-327F10.5","GSE214411","Myeloid",TRUE
1,-0.237594827980118,0,0,1,"SPINK5","GSE214411","Myeloid",TRUE
1,-0.237594827980118,0,0,1,"SPINK14","GSE214411","Myeloid",TRUE
1,-0.237594827980118,0,0,1,"SPINK6","GSE214411","Myeloid",TRUE
1,-0.237594827980118,0,0,1,"SPINK13","GSE214411","Myeloid",TRUE
1,-0.237594827980118,0,0,1,"RP11-373N22.3","GSE214411","Myeloid",TRUE
1,-0.237594827980118,0,0,1,"SPINK9","GSE214411","Myeloid",TRUE
1,-0.237594827980118,0,0,1,"RP11-44B19.1","GSE214411","Myeloid",TRUE
1,-0.237594827980118,0,0,1,"IL17B","GSE214411","Myeloid",TRUE
1,-0.237594827980118,0,0,1,"RP11-394O4.6","GSE214411","Myeloid",TRUE
1,-0.237594827980118,0,0,1,"ARSI","GSE214411","Myeloid",TRUE
1,-0.237594827980118,0,0,1,"IRGM","GSE214411","Myeloid",TRUE
1,-0.237594827980118,0,0,1,"FAT2","GSE214411","Myeloid",TRUE
1,-0.237594827980118,0,0,1,"CTB-113P19.1","GSE214411","Myeloid",TRUE
1,-0.237594827980118,0,0,1,"LINC01470","GSE214411","Myeloid",TRUE
1,-0.237594827980118,0,0,1,"GRIA1","GSE214411","Myeloid",TRUE
1,-0.237594827980118,0,0,1,"SAP30L-AS1","GSE214411","Myeloid",TRUE
1,-0.237594827980118,0,0,1,"SOX30","GSE214411","Myeloid",TRUE
1,-0.237594827980118,0,0,1,"CTC-436K13.1","GSE214411","Myeloid",TRUE
1,-0.237594827980118,0,0,1,"CTC-436K13.3","GSE214411","Myeloid",TRUE
1,-0.237594827980118,0,0,1,"RP11-542A14.1","GSE214411","Myeloid",TRUE
1,-0.237594827980118,0,0,1,"RP11-542A14.2","GSE214411","Myeloid",TRUE
1,-0.237594827980118,0,0,1,"CTD-2363C16.1","GSE214411","Myeloid",TRUE
1,-0.237594827980118,0,0,1,"RP11-175K6.1","GSE214411","Myeloid",TRUE
1,-0.237594827980118,0,0,1,"CTB-127C13.1","GSE214411","Myeloid",TRUE
1,-0.237594827980118,0,0,1,"RP11-109J4.1","GSE214411","Myeloid",TRUE
1,-0.237594827980118,0,0,1,"GABRB2","GSE214411","Myeloid",TRUE
1,-0.237594827980118,0,0,1,"CTC-340A15.2","GSE214411","Myeloid",TRUE
1,-0.237594827980118,0,0,1,"CTB-78F1.1","GSE214411","Myeloid",TRUE
1,-0.237594827980118,0,0,1,"CTC-353G13.1","GSE214411","Myeloid",TRUE
1,-0.237594827980118,0,0,1,"CTB-178M22.1","GSE214411","Myeloid",TRUE
1,-0.237594827980118,0,0,1,"CTC-558O2.1","GSE214411","Myeloid",TRUE
1,-0.237594827980118,0,0,1,"CTB-174D11.1","GSE214411","Myeloid",TRUE
1,-0.237594827980118,0,0,1,"CTB-147C13.1","GSE214411","Myeloid",TRUE
1,-0.237594827980118,0,0,1,"CTC-455F18.1","GSE214411","Myeloid",TRUE
1,-0.237594827980118,0,0,1,"RP11-546B8.6","GSE214411","Myeloid",TRUE
1,-0.237594827980118,0,0,1,"TLX3","GSE214411","Myeloid",TRUE
1,-0.237594827980118,0,0,1,"CTC-308K20.2","GSE214411","Myeloid",TRUE
1,-0.237594827980118,0,0,1,"CTB-164N12.1","GSE214411","Myeloid",TRUE
1,-0.237594827980118,0,0,1,"LINC01484","GSE214411","Myeloid",TRUE
1,-0.237594827980118,0,0,1,"C5orf47","GSE214411","Myeloid",TRUE
1,-0.237594827980118,0,0,1,"CPLX2","GSE214411","Myeloid",TRUE
1,-0.237594827980118,0,0,1,"RP11-844P9.1","GSE214411","Myeloid",TRUE
1,-0.237594827980118,0,0,1,"RP11-843P14.2","GSE214411","Myeloid",TRUE
1,-0.237594827980118,0,0,1,"RP11-843P14.1","GSE214411","Myeloid",TRUE
1,-0.237594827980118,0,0,1,"CDHR2","GSE214411","Myeloid",TRUE
1,-0.237594827980118,0,0,1,"LINC01574","GSE214411","Myeloid",TRUE
1,-0.237594827980118,0,0,1,"UNC5A","GSE214411","Myeloid",TRUE
1,-0.237594827980118,0,0,1,"PFN3","GSE214411","Myeloid",TRUE
1,-0.237594827980118,0,0,1,"FAM153A","GSE214411","Myeloid",TRUE
1,-0.237594827980118,0,0,1,"RP11-1252I4.2","GSE214411","Myeloid",TRUE
1,-0.237594827980118,0,0,1,"RP11-423H2.4","GSE214411","Myeloid",TRUE
1,-0.237594827980118,0,0,1,"FAM153C","GSE214411","Myeloid",TRUE
1,-0.237594827980118,0,0,1,"RP11-281O15.4","GSE214411","Myeloid",TRUE
1,-0.237594827980118,0,0,1,"GRM6","GSE214411","Myeloid",TRUE
1,-0.237594827980118,0,0,1,"RASGEF1C","GSE214411","Myeloid",TRUE
1,-0.237594827980118,0,0,1,"CTC-338M12.2","GSE214411","Myeloid",TRUE
1,-0.237594827980118,0,0,1,"RP11-532F6.4","GSE214411","Myeloid",TRUE
1,-0.237594827980118,0,0,1,"RP11-532F6.5","GSE214411","Myeloid",TRUE
1,-0.237594827980118,0,0,1,"FOXQ1","GSE214411","Myeloid",TRUE
1,-0.237594827980118,0,0,1,"FOXF2","GSE214411","Myeloid",TRUE
1,-0.237594827980118,0,0,1,"LINC01600","GSE214411","Myeloid",TRUE
1,-0.237594827980118,0,0,1,"RP1-90J20.8","GSE214411","Myeloid",TRUE
1,-0.237594827980118,0,0,1,"RP1-40E16.11","GSE214411","Myeloid",TRUE
1,-0.237594827980118,0,0,1,"RP1-140K8.5","GSE214411","Myeloid",TRUE
1,-0.237594827980118,0,0,1,"FAM217A","GSE214411","Myeloid",TRUE
1,-0.237594827980118,0,0,1,"C6orf201","GSE214411","Myeloid",TRUE
1,-0.237594827980118,0,0,1,"RP3-400B16.4","GSE214411","Myeloid",TRUE
1,-0.237594827980118,0,0,1,"RP3-400B16.1","GSE214411","Myeloid",TRUE
1,-0.237594827980118,0,0,1,"RP1-232P20.1","GSE214411","Myeloid",TRUE
1,-0.237594827980118,0,0,1,"RP3-380B8.4","GSE214411","Myeloid",TRUE
1,-0.237594827980118,0,0,1,"RP1-80N2.3","GSE214411","Myeloid",TRUE
1,-0.237594827980118,0,0,1,"RP1-80N2.2","GSE214411","Myeloid",TRUE
1,-0.237594827980118,0,0,1,"RP3-470L22.1","GSE214411","Myeloid",TRUE
1,-0.237594827980118,0,0,1,"RP3-429O6.1","GSE214411","Myeloid",TRUE
1,-0.237594827980118,0,0,1,"HULC","GSE214411","Myeloid",TRUE
1,-0.237594827980118,0,0,1,"TFAP2A","GSE214411","Myeloid",TRUE
1,-0.237594827980118,0,0,1,"TFAP2A-AS1","GSE214411","Myeloid",TRUE
1,-0.237594827980118,0,0,1,"RP1-290I10.5","GSE214411","Myeloid",TRUE
1,-0.237594827980118,0,0,1,"RP11-360O19.4","GSE214411","Myeloid",TRUE
1,-0.237594827980118,0,0,1,"RP11-421M1.8","GSE214411","Myeloid",TRUE
1,-0.237594827980118,0,0,1,"RP11-637O19.2","GSE214411","Myeloid",TRUE
1,-0.237594827980118,0,0,1,"ELOVL2","GSE214411","Myeloid",TRUE
1,-0.237594827980118,0,0,1,"ERVFRD-1","GSE214411","Myeloid",TRUE
1,-0.237594827980118,0,0,1,"RP11-679B17.2","GSE214411","Myeloid",TRUE
1,-0.237594827980118,0,0,1,"RP11-456H18.2","GSE214411","Myeloid",TRUE
1,-0.237594827980118,0,0,1,"LINC01108","GSE214411","Myeloid",TRUE
1,-0.237594827980118,0,0,1,"RP11-146I2.1","GSE214411","Myeloid",TRUE
1,-0.237594827980118,0,0,1,"RP3-467D16.3","GSE214411","Myeloid",TRUE
1,-0.237594827980118,0,0,1,"RP1-167F1.2","GSE214411","Myeloid",TRUE
1,-0.237594827980118,0,0,1,"LINC00581","GSE214411","Myeloid",TRUE
1,-0.237594827980118,0,0,1,"RP11-524C21.2","GSE214411","Myeloid",TRUE
1,-0.237594827980118,0,0,1,"PRL","GSE214411","Myeloid",TRUE
1,-0.237594827980118,0,0,1,"NRSN1","GSE214411","Myeloid",TRUE
1,-0.237594827980118,0,0,1,"KAAG1","GSE214411","Myeloid",TRUE
1,-0.237594827980118,0,0,1,"KIAA0319","GSE214411","Myeloid",TRUE
1,-0.237594827980118,0,0,1,"RP1-30M3.6","GSE214411","Myeloid",TRUE
1,-0.237594827980118,0,0,1,"C6orf229","GSE214411","Myeloid",TRUE
1,-0.237594827980118,0,0,1,"SCGN","GSE214411","Myeloid",TRUE
1,-0.237594827980118,0,0,1,"U91328.22","GSE214411","Myeloid",TRUE
1,-0.237594827980118,0,0,1,"HIST1H1T","GSE214411","Myeloid",TRUE
1,-0.237594827980118,0,0,1,"HIST1H2AD","GSE214411","Myeloid",TRUE
1,-0.237594827980118,0,0,1,"BTN1A1","GSE214411","Myeloid",TRUE
1,-0.237594827980118,0,0,1,"RP11-457M11.7","GSE214411","Myeloid",TRUE
1,-0.237594827980118,0,0,1,"RP11-239L20.6","GSE214411","Myeloid",TRUE
1,-0.237594827980118,0,0,1,"RP1-153G14.4","GSE214411","Myeloid",TRUE
1,-0.237594827980118,0,0,1,"LINC01012","GSE214411","Myeloid",TRUE
1,-0.237594827980118,0,0,1,"HIST1H4L","GSE214411","Myeloid",TRUE
1,-0.237594827980118,0,0,1,"OR2B6","GSE214411","Myeloid",TRUE
1,-0.237594827980118,0,0,1,"ZSCAN23","GSE214411","Myeloid",TRUE
1,-0.237594827980118,0,0,1,"RP5-1186N24.3","GSE214411","Myeloid",TRUE
1,-0.237594827980118,0,0,1,"XXbac-BPG308K3.5","GSE214411","Myeloid",TRUE
1,-0.237594827980118,0,0,1,"LINC01623","GSE214411","Myeloid",TRUE
1,-0.237594827980118,0,0,1,"LINC01556","GSE214411","Myeloid",TRUE
1,-0.237594827980118,0,0,1,"HCG16","GSE214411","Myeloid",TRUE
1,-0.237594827980118,0,0,1,"TRIM31-AS1","GSE214411","Myeloid",TRUE
1,-0.237594827980118,0,0,1,"TRIM40","GSE214411","Myeloid",TRUE
1,-0.237594827980118,0,0,1,"TRIM15","GSE214411","Myeloid",TRUE
1,-0.237594827980118,0,0,1,"HCG17","GSE214411","Myeloid",TRUE
1,-0.237594827980118,0,0,1,"XXbac-BPG249D20.9","GSE214411","Myeloid",TRUE
1,-0.237594827980118,0,0,1,"MUC22","GSE214411","Myeloid",TRUE
1,-0.237594827980118,0,0,1,"HCG22","GSE214411","Myeloid",TRUE
1,-0.237594827980118,0,0,1,"PSORS1C1","GSE214411","Myeloid",TRUE
1,-0.237594827980118,0,0,1,"CDSN","GSE214411","Myeloid",TRUE
1,-0.237594827980118,0,0,1,"C6orf47-AS1","GSE214411","Myeloid",TRUE
1,-0.237594827980118,0,0,1,"XXbac-BPG32J3.19","GSE214411","Myeloid",TRUE
1,-0.237594827980118,0,0,1,"MSH5-SAPCD1","GSE214411","Myeloid",TRUE
1,-0.237594827980118,0,0,1,"SAPCD1-AS1","GSE214411","Myeloid",TRUE
1,-0.237594827980118,0,0,1,"VWA7","GSE214411","Myeloid",TRUE
1,-0.237594827980118,0,0,1,"EHMT2-AS1","GSE214411","Myeloid",TRUE
1,-0.237594827980118,0,0,1,"C4A","GSE214411","Myeloid",TRUE
1,-0.237594827980118,0,0,1,"C4B","GSE214411","Myeloid",TRUE
1,-0.237594827980118,0,0,1,"XXbac-BPG154L12.5","GSE214411","Myeloid",TRUE
1,-0.237594827980118,0,0,1,"HCG23","GSE214411","Myeloid",TRUE
1,-0.237594827980118,0,0,1,"XXbac-BPG246D15.9","GSE214411","Myeloid",TRUE
1,-0.237594827980118,0,0,1,"LINC00336","GSE214411","Myeloid",TRUE
1,-0.237594827980118,0,0,1,"IP6K3","GSE214411","Myeloid",TRUE
1,-0.237594827980118,0,0,1,"MLN","GSE214411","Myeloid",TRUE
1,-0.237594827980118,0,0,1,"LINC01016","GSE214411","Myeloid",TRUE
1,-0.237594827980118,0,0,1,"GRM4","GSE214411","Myeloid",TRUE
1,-0.237594827980118,0,0,1,"RPS10-NUDT3","GSE214411","Myeloid",TRUE
1,-0.237594827980118,0,0,1,"TCP11","GSE214411","Myeloid",TRUE
1,-0.237594827980118,0,0,1,"TULP1","GSE214411","Myeloid",TRUE
1,-0.237594827980118,0,0,1,"RP3-340B19.3","GSE214411","Myeloid",TRUE
1,-0.237594827980118,0,0,1,"CLPSL2","GSE214411","Myeloid",TRUE
1,-0.237594827980118,0,0,1,"CLPSL1","GSE214411","Myeloid",TRUE
1,-0.237594827980118,0,0,1,"C6orf222","GSE214411","Myeloid",TRUE
1,-0.237594827980118,0,0,1,"RP1-50J22.4","GSE214411","Myeloid",TRUE
1,-0.237594827980118,0,0,1,"PI16","GSE214411","Myeloid",TRUE
1,-0.237594827980118,0,0,1,"RP1-153P14.5","GSE214411","Myeloid",TRUE
1,-0.237594827980118,0,0,1,"RP3-441A12.1","GSE214411","Myeloid",TRUE
1,-0.237594827980118,0,0,1,"DNAH8","GSE214411","Myeloid",TRUE
1,-0.237594827980118,0,0,1,"RP11-61I13.3","GSE214411","Myeloid",TRUE
1,-0.237594827980118,0,0,1,"APOBEC2","GSE214411","Myeloid",TRUE
1,-0.237594827980118,0,0,1,"NCR2","GSE214411","Myeloid",TRUE
1,-0.237594827980118,0,0,1,"PGC","GSE214411","Myeloid",TRUE
1,-0.237594827980118,0,0,1,"RP11-7K24.3","GSE214411","Myeloid",TRUE
1,-0.237594827980118,0,0,1,"GUCA1B","GSE214411","Myeloid",TRUE
1,-0.237594827980118,0,0,1,"RP1-20C7.6","GSE214411","Myeloid",TRUE
1,-0.237594827980118,0,0,1,"TTBK1","GSE214411","Myeloid",TRUE
1,-0.237594827980118,0,0,1,"RP3-337H4.10","GSE214411","Myeloid",TRUE
1,-0.237594827980118,0,0,1,"CAPN11","GSE214411","Myeloid",TRUE
1,-0.237594827980118,0,0,1,"CYP39A1","GSE214411","Myeloid",TRUE
1,-0.237594827980118,0,0,1,"RP11-446F17.3","GSE214411","Myeloid",TRUE
1,-0.237594827980118,0,0,1,"ADGRF2","GSE214411","Myeloid",TRUE
1,-0.237594827980118,0,0,1,"ADGRF4","GSE214411","Myeloid",TRUE
1,-0.237594827980118,0,0,1,"PTCHD4","GSE214411","Myeloid",TRUE
1,-0.237594827980118,0,0,1,"RHAG","GSE214411","Myeloid",TRUE
1,-0.237594827980118,0,0,1,"CRISP2","GSE214411","Myeloid",TRUE
1,-0.237594827980118,0,0,1,"PGK2","GSE214411","Myeloid",TRUE
1,-0.237594827980118,0,0,1,"RP3-417L20.4","GSE214411","Myeloid",TRUE
1,-0.237594827980118,0,0,1,"CRISP1","GSE214411","Myeloid",TRUE
1,-0.237594827980118,0,0,1,"IL17F","GSE214411","Myeloid",TRUE
1,-0.237594827980118,0,0,1,"GSTA5","GSE214411","Myeloid",TRUE
1,-0.237594827980118,0,0,1,"RP11-79N23.1","GSE214411","Myeloid",TRUE
1,-0.237594827980118,0,0,1,"RP13-476E20.1","GSE214411","Myeloid",TRUE
1,-0.237594827980118,0,0,1,"RP3-523E19.2","GSE214411","Myeloid",TRUE
1,-0.237594827980118,0,0,1,"MLIP","GSE214411","Myeloid",TRUE
1,-0.237594827980118,0,0,1,"RP11-411K7.1","GSE214411","Myeloid",TRUE
1,-0.237594827980118,0,0,1,"RP11-524H19.2","GSE214411","Myeloid",TRUE
1,-0.237594827980118,0,0,1,"FAM83B","GSE214411","Myeloid",TRUE
1,-0.237594827980118,0,0,1,"HMGCLL1","GSE214411","Myeloid",TRUE
1,-0.237594827980118,0,0,1,"RP11-472M19.2","GSE214411","Myeloid",TRUE
1,-0.237594827980118,0,0,1,"RP11-203B9.4","GSE214411","Myeloid",TRUE
1,-0.237594827980118,0,0,1,"XXbac-BPGBPG55C20.3","GSE214411","Myeloid",TRUE
1,-0.237594827980118,0,0,1,"XXbac-BPG55C20.7","GSE214411","Myeloid",TRUE
1,-0.237594827980118,0,0,1,"LGSN","GSE214411","Myeloid",TRUE
1,-0.237594827980118,0,0,1,"EYS","GSE214411","Myeloid",TRUE
1,-0.237594827980118,0,0,1,"RP11-59D5--B.2","GSE214411","Myeloid",TRUE
1,-0.237594827980118,0,0,1,"COL19A1","GSE214411","Myeloid",TRUE
1,-0.237594827980118,0,0,1,"COL9A1","GSE214411","Myeloid",TRUE
1,-0.237594827980118,0,0,1,"RP11-462G2.1","GSE214411","Myeloid",TRUE
1,-0.237594827980118,0,0,1,"RP3-331H24.5","GSE214411","Myeloid",TRUE
1,-0.237594827980118,0,0,1,"KHDC1L","GSE214411","Myeloid",TRUE
1,-0.237594827980118,0,0,1,"RP11-554D15.3","GSE214411","Myeloid",TRUE
1,-0.237594827980118,0,0,1,"IMPG1","GSE214411","Myeloid",TRUE
1,-0.237594827980118,0,0,1,"RP11-35J1.2","GSE214411","Myeloid",TRUE
1,-0.237594827980118,0,0,1,"HTR1B","GSE214411","Myeloid",TRUE
1,-0.237594827980118,0,0,1,"RP3-390M24.1","GSE214411","Myeloid",TRUE
1,-0.237594827980118,0,0,1,"RP1-232L24.3","GSE214411","Myeloid",TRUE
1,-0.237594827980118,0,0,1,"RP11-250B2.5","GSE214411","Myeloid",TRUE
1,-0.237594827980118,0,0,1,"RIPPLY2","GSE214411","Myeloid",TRUE
1,-0.237594827980118,0,0,1,"RP4-676J13.2","GSE214411","Myeloid",TRUE
1,-0.237594827980118,0,0,1,"RP11-30P6.6","GSE214411","Myeloid",TRUE
1,-0.237594827980118,0,0,1,"CGA","GSE214411","Myeloid",TRUE
1,-0.237594827980118,0,0,1,"GJB7","GSE214411","Myeloid",TRUE
1,-0.237594827980118,0,0,1,"RP3-382I10.7","GSE214411","Myeloid",TRUE
1,-0.237594827980118,0,0,1,"CNR1","GSE214411","Myeloid",TRUE
1,-0.237594827980118,0,0,1,"GABRR2","GSE214411","Myeloid",TRUE
1,-0.237594827980118,0,0,1,"RP3-512E2.2","GSE214411","Myeloid",TRUE
1,-0.237594827980118,0,0,1,"RP1-45N11.1","GSE214411","Myeloid",TRUE
1,-0.237594827980118,0,0,1,"FUT9","GSE214411","Myeloid",TRUE
1,-0.237594827980118,0,0,1,"FHL5","GSE214411","Myeloid",TRUE
1,-0.237594827980118,0,0,1,"RP1-273N12.4","GSE214411","Myeloid",TRUE
1,-0.237594827980118,0,0,1,"PRDM13","GSE214411","Myeloid",TRUE
1,-0.237594827980118,0,0,1,"LIN28B","GSE214411","Myeloid",TRUE
1,-0.237594827980118,0,0,1,"BVES-AS1","GSE214411","Myeloid",TRUE
1,-0.237594827980118,0,0,1,"RP3-355L5.5","GSE214411","Myeloid",TRUE
1,-0.237594827980118,0,0,1,"RP3-355L5.4","GSE214411","Myeloid",TRUE
1,-0.237594827980118,0,0,1,"RP1-60O19.2","GSE214411","Myeloid",TRUE
1,-0.237594827980118,0,0,1,"RP1-60O19.1","GSE214411","Myeloid",TRUE
1,-0.237594827980118,0,0,1,"GPR6","GSE214411","Myeloid",TRUE
1,-0.237594827980118,0,0,1,"WISP3","GSE214411","Myeloid",TRUE
1,-0.237594827980118,0,0,1,"RP1-142L7.5","GSE214411","Myeloid",TRUE
1,-0.237594827980118,0,0,1,"RP1-142L7.9","GSE214411","Myeloid",TRUE
1,-0.237594827980118,0,0,1,"RP1-142L7.8","GSE214411","Myeloid",TRUE
1,-0.237594827980118,0,0,1,"RP11-367G18.1","GSE214411","Myeloid",TRUE
1,-0.237594827980118,0,0,1,"RP11-544L8--B.4","GSE214411","Myeloid",TRUE
1,-0.237594827980118,0,0,1,"COL10A1","GSE214411","Myeloid",TRUE
1,-0.237594827980118,0,0,1,"RP1-93H18.1","GSE214411","Myeloid",TRUE
1,-0.237594827980118,0,0,1,"ROS1","GSE214411","Myeloid",TRUE
1,-0.237594827980118,0,0,1,"SLC35F1","GSE214411","Myeloid",TRUE
1,-0.237594827980118,0,0,1,"RP11-351A11.1","GSE214411","Myeloid",TRUE
1,-0.237594827980118,0,0,1,"CLVS2","GSE214411","Myeloid",TRUE
1,-0.237594827980118,0,0,1,"RP11-532N4.2","GSE214411","Myeloid",TRUE
1,-0.237594827980118,0,0,1,"NKAIN2","GSE214411","Myeloid",TRUE
1,-0.237594827980118,0,0,1,"RP11-735G4.1","GSE214411","Myeloid",TRUE
1,-0.237594827980118,0,0,1,"RP11-138M12.1","GSE214411","Myeloid",TRUE
1,-0.237594827980118,0,0,1,"RP1-293L8.2","GSE214411","Myeloid",TRUE
1,-0.237594827980118,0,0,1,"RP3-403A15.5","GSE214411","Myeloid",TRUE
1,-0.237594827980118,0,0,1,"C6orf58","GSE214411","Myeloid",TRUE
1,-0.237594827980118,0,0,1,"RP1-86D1.5","GSE214411","Myeloid",TRUE
1,-0.237594827980118,0,0,1,"RP1-69D17.4","GSE214411","Myeloid",TRUE
1,-0.237594827980118,0,0,1,"TMEM244","GSE214411","Myeloid",TRUE
1,-0.237594827980118,0,0,1,"RP11-69I8.2","GSE214411","Myeloid",TRUE
1,-0.237594827980118,0,0,1,"RP11-69I8.3","GSE214411","Myeloid",TRUE
1,-0.237594827980118,0,0,1,"RP3-523C21.2","GSE214411","Myeloid",TRUE
1,-0.237594827980118,0,0,1,"EYA4","GSE214411","Myeloid",TRUE
1,-0.237594827980118,0,0,1,"RP1-283K11.3","GSE214411","Myeloid",TRUE
1,-0.237594827980118,0,0,1,"RP1-283K11.2","GSE214411","Myeloid",TRUE
1,-0.237594827980118,0,0,1,"TARID","GSE214411","Myeloid",TRUE
1,-0.237594827980118,0,0,1,"TCF21","GSE214411","Myeloid",TRUE
1,-0.237594827980118,0,0,1,"SLC2A12","GSE214411","Myeloid",TRUE
1,-0.237594827980118,0,0,1,"RP11-557H15.5","GSE214411","Myeloid",TRUE
1,-0.237594827980118,0,0,1,"RP13-143G15.4","GSE214411","Myeloid",TRUE
1,-0.237594827980118,0,0,1,"SLC35D3","GSE214411","Myeloid",TRUE
1,-0.237594827980118,0,0,1,"NHEG1","GSE214411","Myeloid",TRUE
1,-0.237594827980118,0,0,1,"RP11-204P2.3","GSE214411","Myeloid",TRUE
1,-0.237594827980118,0,0,1,"RP11-356I2.1","GSE214411","Myeloid",TRUE
1,-0.237594827980118,0,0,1,"RP3-422G23.4","GSE214411","Myeloid",TRUE
1,-0.237594827980118,0,0,1,"LINC01625","GSE214411","Myeloid",TRUE
1,-0.237594827980118,0,0,1,"NMBR","GSE214411","Myeloid",TRUE
1,-0.237594827980118,0,0,1,"RP11-439L18.2","GSE214411","Myeloid",TRUE
1,-0.237594827980118,0,0,1,"PHACTR2-AS1","GSE214411","Myeloid",TRUE
1,-0.237594827980118,0,0,1,"RP3-468K18.7","GSE214411","Myeloid",TRUE
1,-0.237594827980118,0,0,1,"RP3-466P17.2","GSE214411","Myeloid",TRUE
1,-0.237594827980118,0,0,1,"RP11-497D6.5","GSE214411","Myeloid",TRUE
1,-0.237594827980118,0,0,1,"RP11-307P5.1","GSE214411","Myeloid",TRUE
1,-0.237594827980118,0,0,1,"RP1-12G14.7","GSE214411","Myeloid",TRUE
1,-0.237594827980118,0,0,1,"RAET1E-AS1.1","GSE214411","Myeloid",TRUE
1,-0.237594827980118,0,0,1,"RAET1G","GSE214411","Myeloid",TRUE
1,-0.237594827980118,0,0,1,"RAET1L","GSE214411","Myeloid",TRUE
1,-0.237594827980118,0,0,1,"IYD","GSE214411","Myeloid",TRUE
1,-0.237594827980118,0,0,1,"RP3-443C4.2","GSE214411","Myeloid",TRUE
1,-0.237594827980118,0,0,1,"RP1-101K10.6","GSE214411","Myeloid",TRUE
1,-0.237594827980118,0,0,1,"RP11-306O13.1","GSE214411","Myeloid",TRUE
1,-0.237594827980118,0,0,1,"OPRM1","GSE214411","Myeloid",TRUE
1,-0.237594827980118,0,0,1,"CLDN20","GSE214411","Myeloid",TRUE
1,-0.237594827980118,0,0,1,"RP11-230C9.4","GSE214411","Myeloid",TRUE
1,-0.237594827980118,0,0,1,"RP11-52J3.3","GSE214411","Myeloid",TRUE
1,-0.237594827980118,0,0,1,"RP11-13P5.2","GSE214411","Myeloid",TRUE
1,-0.237594827980118,0,0,1,"MAS1","GSE214411","Myeloid",TRUE
1,-0.237594827980118,0,0,1,"PLG","GSE214411","Myeloid",TRUE
1,-0.237594827980118,0,0,1,"RP11-235G24.1","GSE214411","Myeloid",TRUE
1,-0.237594827980118,0,0,1,"RP3-428L16.1","GSE214411","Myeloid",TRUE
1,-0.237594827980118,0,0,1,"PACRG-AS2","GSE214411","Myeloid",TRUE
1,-0.237594827980118,0,0,1,"PACRG-AS3","GSE214411","Myeloid",TRUE
1,-0.237594827980118,0,0,1,"RP5-826L7.1","GSE214411","Myeloid",TRUE
1,-0.237594827980118,0,0,1,"RP11-300M24.1","GSE214411","Myeloid",TRUE
1,-0.237594827980118,0,0,1,"LINC00473","GSE214411","Myeloid",TRUE
1,-0.237594827980118,0,0,1,"LINC00602","GSE214411","Myeloid",TRUE
1,-0.237594827980118,0,0,1,"T","GSE214411","Myeloid",TRUE
1,-0.237594827980118,0,0,1,"PRR18","GSE214411","Myeloid",TRUE
1,-0.237594827980118,0,0,1,"RP1-167A14.2","GSE214411","Myeloid",TRUE
1,-0.237594827980118,0,0,1,"RP11-568A7.3","GSE214411","Myeloid",TRUE
1,-0.237594827980118,0,0,1,"RP11-568A7.2","GSE214411","Myeloid",TRUE
1,-0.237594827980118,0,0,1,"UNC93A","GSE214411","Myeloid",TRUE
1,-0.237594827980118,0,0,1,"TCP10","GSE214411","Myeloid",TRUE
1,-0.237594827980118,0,0,1,"MLLT4-AS1","GSE214411","Myeloid",TRUE
1,-0.237594827980118,0,0,1,"KIF25","GSE214411","Myeloid",TRUE
1,-0.237594827980118,0,0,1,"FRMD1","GSE214411","Myeloid",TRUE
1,-0.237594827980118,0,0,1,"RP11-503C24.2","GSE214411","Myeloid",TRUE
1,-0.237594827980118,0,0,1,"RP11-503C24.4","GSE214411","Myeloid",TRUE
1,-0.237594827980118,0,0,1,"RP1-125N5.2","GSE214411","Myeloid",TRUE
1,-0.237594827980118,0,0,1,"RP1-137D17.1","GSE214411","Myeloid",TRUE
1,-0.237594827980118,0,0,1,"RP1-266L20.4","GSE214411","Myeloid",TRUE
1,-0.237594827980118,0,0,1,"LINC00242","GSE214411","Myeloid",TRUE
1,-0.237594827980118,0,0,1,"RP11-302L19.3","GSE214411","Myeloid",TRUE
1,-0.237594827980118,0,0,1,"RP5-894D12.5","GSE214411","Myeloid",TRUE
1,-0.237594827980118,0,0,1,"RP5-894D12.4","GSE214411","Myeloid",TRUE
1,-0.237594827980118,0,0,1,"AC093627.7","GSE214411","Myeloid",TRUE
1,-0.237594827980118,0,0,1,"HRAT92","GSE214411","Myeloid",TRUE
1,-0.237594827980118,0,0,1,"CYP2W1","GSE214411","Myeloid",TRUE
1,-0.237594827980118,0,0,1,"AC091729.7","GSE214411","Myeloid",TRUE
1,-0.237594827980118,0,0,1,"AC073316.2","GSE214411","Myeloid",TRUE
1,-0.237594827980118,0,0,1,"AC073316.1","GSE214411","Myeloid",TRUE
1,-0.237594827980118,0,0,1,"AC011284.3","GSE214411","Myeloid",TRUE
1,-0.237594827980118,0,0,1,"MMD2","GSE214411","Myeloid",TRUE
1,-0.237594827980118,0,0,1,"RBAKDN","GSE214411","Myeloid",TRUE
1,-0.237594827980118,0,0,1,"AC093620.5","GSE214411","Myeloid",TRUE
1,-0.237594827980118,0,0,1,"AC092171.4","GSE214411","Myeloid",TRUE
1,-0.237594827980118,0,0,1,"OCM","GSE214411","Myeloid",TRUE
1,-0.237594827980118,0,0,1,"ANKRD61","GSE214411","Myeloid",TRUE
1,-0.237594827980118,0,0,1,"AC073343.13","GSE214411","Myeloid",TRUE
1,-0.237594827980118,0,0,1,"RSPH10B2","GSE214411","Myeloid",TRUE
1,-0.237594827980118,0,0,1,"AC006042.7","GSE214411","Myeloid",TRUE
1,-0.237594827980118,0,0,1,"AC006042.6","GSE214411","Myeloid",TRUE
1,-0.237594827980118,0,0,1,"AC007009.1","GSE214411","Myeloid",TRUE
1,-0.237594827980118,0,0,1,"AC007128.1","GSE214411","Myeloid",TRUE
1,-0.237594827980118,0,0,1,"NXPH1","GSE214411","Myeloid",TRUE
1,-0.237594827980118,0,0,1,"RP5-855F16.1","GSE214411","Myeloid",TRUE
1,-0.237594827980118,0,0,1,"AC005281.1","GSE214411","Myeloid",TRUE
1,-0.237594827980118,0,0,1,"DGKB","GSE214411","Myeloid",TRUE
1,-0.237594827980118,0,0,1,"MEOX2","GSE214411","Myeloid",TRUE
1,-0.237594827980118,0,0,1,"ISPD-AS1","GSE214411","Myeloid",TRUE
1,-0.237594827980118,0,0,1,"SOSTDC1","GSE214411","Myeloid",TRUE
1,-0.237594827980118,0,0,1,"AC019117.1","GSE214411","Myeloid",TRUE
1,-0.237594827980118,0,0,1,"AC003986.7","GSE214411","Myeloid",TRUE
1,-0.237594827980118,0,0,1,"RP11-486P11.1","GSE214411","Myeloid",TRUE
1,-0.237594827980118,0,0,1,"MACC1-AS1","GSE214411","Myeloid",TRUE
1,-0.237594827980118,0,0,1,"SP8","GSE214411","Myeloid",TRUE
1,-0.237594827980118,0,0,1,"KLHL7-AS1","GSE214411","Myeloid",TRUE
1,-0.237594827980118,0,0,1,"NPY","GSE214411","Myeloid",TRUE
1,-0.237594827980118,0,0,1,"AC003090.1","GSE214411","Myeloid",TRUE
1,-0.237594827980118,0,0,1,"CTD-2227E11.1","GSE214411","Myeloid",TRUE
1,-0.237594827980118,0,0,1,"KIAA0087","GSE214411","Myeloid",TRUE
1,-0.237594827980118,0,0,1,"RP1-170O19.14","GSE214411","Myeloid",TRUE
1,-0.237594827980118,0,0,1,"AC004549.6","GSE214411","Myeloid",TRUE
1,-0.237594827980118,0,0,1,"AC007255.8","GSE214411","Myeloid",TRUE
1,-0.237594827980118,0,0,1,"AC007285.6","GSE214411","Myeloid",TRUE
1,-0.237594827980118,0,0,1,"RP4-777O23.3","GSE214411","Myeloid",TRUE
1,-0.237594827980118,0,0,1,"RP4-777O23.1","GSE214411","Myeloid",TRUE
1,-0.237594827980118,0,0,1,"INMT","GSE214411","Myeloid",TRUE
1,-0.237594827980118,0,0,1,"INMT-FAM188B","GSE214411","Myeloid",TRUE
1,-0.237594827980118,0,0,1,"CCDC129","GSE214411","Myeloid",TRUE
1,-0.237594827980118,0,0,1,"RP11-265E18.1","GSE214411","Myeloid",TRUE
1,-0.237594827980118,0,0,1,"RP11-89N17.4","GSE214411","Myeloid",TRUE
1,-0.237594827980118,0,0,1,"BMPER","GSE214411","Myeloid",TRUE
1,-0.237594827980118,0,0,1,"AC018647.3","GSE214411","Myeloid",TRUE
1,-0.237594827980118,0,0,1,"AC007349.5","GSE214411","Myeloid",TRUE
1,-0.237594827980118,0,0,1,"AC007349.7","GSE214411","Myeloid",TRUE
1,-0.237594827980118,0,0,1,"TRGV10","GSE214411","Myeloid",TRUE
1,-0.237594827980118,0,0,1,"TRGV8","GSE214411","Myeloid",TRUE
1,-0.237594827980118,0,0,1,"TRGV4","GSE214411","Myeloid",TRUE
1,-0.237594827980118,0,0,1,"TRGV3","GSE214411","Myeloid",TRUE
1,-0.237594827980118,0,0,1,"TRGV2","GSE214411","Myeloid",TRUE
1,-0.237594827980118,0,0,1,"SUGCT","GSE214411","Myeloid",TRUE
1,-0.237594827980118,0,0,1,"RP11-111K18.2","GSE214411","Myeloid",TRUE
1,-0.237594827980118,0,0,1,"AC005537.2","GSE214411","Myeloid",TRUE
1,-0.237594827980118,0,0,1,"SPDYE1","GSE214411","Myeloid",TRUE
1,-0.237594827980118,0,0,1,"MYL7","GSE214411","Myeloid",TRUE
1,-0.237594827980118,0,0,1,"ADCY1","GSE214411","Myeloid",TRUE
1,-0.237594827980118,0,0,1,"IGFBP1","GSE214411","Myeloid",TRUE
1,-0.237594827980118,0,0,1,"AC073115.7","GSE214411","Myeloid",TRUE
1,-0.237594827980118,0,0,1,"PKD1L1","GSE214411","Myeloid",TRUE
1,-0.237594827980118,0,0,1,"C7orf69","GSE214411","Myeloid",TRUE
1,-0.237594827980118,0,0,1,"ABCA13","GSE214411","Myeloid",TRUE
1,-0.237594827980118,0,0,1,"ZPBP","GSE214411","Myeloid",TRUE
1,-0.237594827980118,0,0,1,"DDC","GSE214411","Myeloid",TRUE
1,-0.237594827980118,0,0,1,"RP11-745C15.2","GSE214411","Myeloid",TRUE
1,-0.237594827980118,0,0,1,"EGFR-AS1","GSE214411","Myeloid",TRUE
1,-0.237594827980118,0,0,1,"SEPT14","GSE214411","Myeloid",TRUE
1,-0.237594827980118,0,0,1,"RP11-15K19.2","GSE214411","Myeloid",TRUE
1,-0.237594827980118,0,0,1,"NUPR2","GSE214411","Myeloid",TRUE
1,-0.237594827980118,0,0,1,"RP11-340I6.8","GSE214411","Myeloid",TRUE
1,-0.237594827980118,0,0,1,"ZNF727","GSE214411","Myeloid",TRUE
1,-0.237594827980118,0,0,1,"RP11-328P23.4","GSE214411","Myeloid",TRUE
1,-0.237594827980118,0,0,1,"AC068533.7","GSE214411","Myeloid",TRUE
1,-0.237594827980118,0,0,1,"RP5-942I16.1","GSE214411","Myeloid",TRUE
1,-0.237594827980118,0,0,1,"CALN1","GSE214411","Myeloid",TRUE
1,-0.237594827980118,0,0,1,"WBSCR28","GSE214411","Myeloid",TRUE
1,-0.237594827980118,0,0,1,"CTB-51J22.1","GSE214411","Myeloid",TRUE
1,-0.237594827980118,0,0,1,"RP5-1186P10.2","GSE214411","Myeloid",TRUE
1,-0.237594827980118,0,0,1,"SPDYE5","GSE214411","Myeloid",TRUE
1,-0.237594827980118,0,0,1,"AC010091.1","GSE214411","Myeloid",TRUE
1,-0.237594827980118,0,0,1,"AC006145.4","GSE214411","Myeloid",TRUE
1,-0.237594827980118,0,0,1,"AC074183.4","GSE214411","Myeloid",TRUE
1,-0.237594827980118,0,0,1,"GRM3","GSE214411","Myeloid",TRUE
1,-0.237594827980118,0,0,1,"AC005009.2","GSE214411","Myeloid",TRUE
1,-0.237594827980118,0,0,1,"AC002064.5","GSE214411","Myeloid",TRUE
1,-0.237594827980118,0,0,1,"LRRD1","GSE214411","Myeloid",TRUE
1,-0.237594827980118,0,0,1,"ERVW-1","GSE214411","Myeloid",TRUE
1,-0.237594827980118,0,0,1,"HEPACAM2","GSE214411","Myeloid",TRUE
1,-0.237594827980118,0,0,1,"GNGT1","GSE214411","Myeloid",TRUE
1,-0.237594827980118,0,0,1,"AC002076.10","GSE214411","Myeloid",TRUE
1,-0.237594827980118,0,0,1,"AC002429.5","GSE214411","Myeloid",TRUE
1,-0.237594827980118,0,0,1,"PON1","GSE214411","Myeloid",TRUE
1,-0.237594827980118,0,0,1,"PON3","GSE214411","Myeloid",TRUE
1,-0.237594827980118,0,0,1,"BHLHA15","GSE214411","Myeloid",TRUE
1,-0.237594827980118,0,0,1,"RP11-307C18.1","GSE214411","Myeloid",TRUE
1,-0.237594827980118,0,0,1,"KPNA7","GSE214411","Myeloid",TRUE
1,-0.237594827980118,0,0,1,"ATP5J2-PTCD1","GSE214411","Myeloid",TRUE
1,-0.237594827980118,0,0,1,"CYP3A4","GSE214411","Myeloid",TRUE
1,-0.237594827980118,0,0,1,"CYP3A43","GSE214411","Myeloid",TRUE
1,-0.237594827980118,0,0,1,"GJC3","GSE214411","Myeloid",TRUE
1,-0.237594827980118,0,0,1,"RP4-604G5.1","GSE214411","Myeloid",TRUE
1,-0.237594827980118,0,0,1,"AZGP1","GSE214411","Myeloid",TRUE
1,-0.237594827980118,0,0,1,"PVRIG","GSE214411","Myeloid",TRUE
1,-0.237594827980118,0,0,1,"RP11-758P17.2","GSE214411","Myeloid",TRUE
1,-0.237594827980118,0,0,1,"RP11-758P17.3","GSE214411","Myeloid",TRUE
1,-0.237594827980118,0,0,1,"NYAP1","GSE214411","Myeloid",TRUE
1,-0.237594827980118,0,0,1,"EPO","GSE214411","Myeloid",TRUE
1,-0.237594827980118,0,0,1,"ZAN","GSE214411","Myeloid",TRUE
1,-0.237594827980118,0,0,1,"MUC3A","GSE214411","Myeloid",TRUE
1,-0.237594827980118,0,0,1,"RP11-395B7.2","GSE214411","Myeloid",TRUE
1,-0.237594827980118,0,0,1,"NAT16","GSE214411","Myeloid",TRUE
1,-0.237594827980118,0,0,1,"MOGAT3","GSE214411","Myeloid",TRUE
1,-0.237594827980118,0,0,1,"RP11-132A1.4","GSE214411","Myeloid",TRUE
1,-0.237594827980118,0,0,1,"MYL10","GSE214411","Myeloid",TRUE
1,-0.237594827980118,0,0,1,"SPDYE6","GSE214411","Myeloid",TRUE
1,-0.237594827980118,0,0,1,"SPDYE2","GSE214411","Myeloid",TRUE
1,-0.237594827980118,0,0,1,"RP11-577H5.5","GSE214411","Myeloid",TRUE
1,-0.237594827980118,0,0,1,"SLC26A5","GSE214411","Myeloid",TRUE
1,-0.237594827980118,0,0,1,"CTB-107G13.1","GSE214411","Myeloid",TRUE
1,-0.237594827980118,0,0,1,"LHFPL3","GSE214411","Myeloid",TRUE
1,-0.237594827980118,0,0,1,"RP4-778K6.3","GSE214411","Myeloid",TRUE
1,-0.237594827980118,0,0,1,"RP11-251G23.5","GSE214411","Myeloid",TRUE
1,-0.237594827980118,0,0,1,"SLC26A3","GSE214411","Myeloid",TRUE
1,-0.237594827980118,0,0,1,"LAMB4","GSE214411","Myeloid",TRUE
1,-0.237594827980118,0,0,1,"AC005487.2","GSE214411","Myeloid",TRUE
1,-0.237594827980118,0,0,1,"LINC01392","GSE214411","Myeloid",TRUE
1,-0.237594827980118,0,0,1,"AC002066.1","GSE214411","Myeloid",TRUE
1,-0.237594827980118,0,0,1,"AC006159.4","GSE214411","Myeloid",TRUE
1,-0.237594827980118,0,0,1,"LINC01510","GSE214411","Myeloid",TRUE
1,-0.237594827980118,0,0,1,"AC106873.4","GSE214411","Myeloid",TRUE
1,-0.237594827980118,0,0,1,"ST7-AS2","GSE214411","Myeloid",TRUE
1,-0.237594827980118,0,0,1,"WNT16","GSE214411","Myeloid",TRUE
1,-0.237594827980118,0,0,1,"PTPRZ1","GSE214411","Myeloid",TRUE
1,-0.237594827980118,0,0,1,"FEZF1","GSE214411","Myeloid",TRUE
1,-0.237594827980118,0,0,1,"RP5-1101C3.1","GSE214411","Myeloid",TRUE
1,-0.237594827980118,0,0,1,"RNF133","GSE214411","Myeloid",TRUE
1,-0.237594827980118,0,0,1,"RNF148","GSE214411","Myeloid",TRUE
1,-0.237594827980118,0,0,1,"ASB15","GSE214411","Myeloid",TRUE
1,-0.237594827980118,0,0,1,"LMOD2","GSE214411","Myeloid",TRUE
1,-0.237594827980118,0,0,1,"HYAL4","GSE214411","Myeloid",TRUE
1,-0.237594827980118,0,0,1,"TMEM229A","GSE214411","Myeloid",TRUE
1,-0.237594827980118,0,0,1,"AC005276.1","GSE214411","Myeloid",TRUE
1,-0.237594827980118,0,0,1,"RP11-62J1.4","GSE214411","Myeloid",TRUE
1,-0.237594827980118,0,0,1,"OPN1SW","GSE214411","Myeloid",TRUE
1,-0.237594827980118,0,0,1,"CPA2","GSE214411","Myeloid",TRUE
1,-0.237594827980118,0,0,1,"CPA1","GSE214411","Myeloid",TRUE
1,-0.237594827980118,0,0,1,"MESTIT1","GSE214411","Myeloid",TRUE
1,-0.237594827980118,0,0,1,"TSGA13","GSE214411","Myeloid",TRUE
1,-0.237594827980118,0,0,1,"KLF14","GSE214411","Myeloid",TRUE
1,-0.237594827980118,0,0,1,"AC018643.4","GSE214411","Myeloid",TRUE
1,-0.237594827980118,0,0,1,"LRGUK","GSE214411","Myeloid",TRUE
1,-0.237594827980118,0,0,1,"AKR1B10","GSE214411","Myeloid",TRUE
1,-0.237594827980118,0,0,1,"RP11-644N4.1","GSE214411","Myeloid",TRUE
1,-0.237594827980118,0,0,1,"CHRM2","GSE214411","Myeloid",TRUE
1,-0.237594827980118,0,0,1,"DGKI","GSE214411","Myeloid",TRUE
1,-0.237594827980118,0,0,1,"SVOPL","GSE214411","Myeloid",TRUE
1,-0.237594827980118,0,0,1,"C7orf55-LUC7L2","GSE214411","Myeloid",TRUE
1,-0.237594827980118,0,0,1,"CLEC2L","GSE214411","Myeloid",TRUE
1,-0.237594827980118,0,0,1,"RAB19","GSE214411","Myeloid",TRUE
1,-0.237594827980118,0,0,1,"TAS2R5","GSE214411","Myeloid",TRUE
1,-0.237594827980118,0,0,1,"TRBV3-1","GSE214411","Myeloid",TRUE
1,-0.237594827980118,0,0,1,"TRBV4-1","GSE214411","Myeloid",TRUE
1,-0.237594827980118,0,0,1,"TRBV5-1","GSE214411","Myeloid",TRUE
1,-0.237594827980118,0,0,1,"TRBV4-2","GSE214411","Myeloid",TRUE
1,-0.237594827980118,0,0,1,"TRBV6-2","GSE214411","Myeloid",TRUE
1,-0.237594827980118,0,0,1,"TRBV9","GSE214411","Myeloid",TRUE
1,-0.237594827980118,0,0,1,"TRBV6-5","GSE214411","Myeloid",TRUE
1,-0.237594827980118,0,0,1,"TRBV20-1","GSE214411","Myeloid",TRUE
1,-0.237594827980118,0,0,1,"TRBV21-1","GSE214411","Myeloid",TRUE
1,-0.237594827980118,0,0,1,"TRBV23-1","GSE214411","Myeloid",TRUE
1,-0.237594827980118,0,0,1,"TRBV27","GSE214411","Myeloid",TRUE
1,-0.237594827980118,0,0,1,"TRBV28","GSE214411","Myeloid",TRUE
1,-0.237594827980118,0,0,1,"TRBV29-1","GSE214411","Myeloid",TRUE
1,-0.237594827980118,0,0,1,"PRSS2","GSE214411","Myeloid",TRUE
1,-0.237594827980118,0,0,1,"PIP","GSE214411","Myeloid",TRUE
1,-0.237594827980118,0,0,1,"RP11-556I13.2","GSE214411","Myeloid",TRUE
1,-0.237594827980118,0,0,1,"AC073342.12","GSE214411","Myeloid",TRUE
1,-0.237594827980118,0,0,1,"CTAGE15","GSE214411","Myeloid",TRUE
1,-0.237594827980118,0,0,1,"CTAGE6","GSE214411","Myeloid",TRUE
1,-0.237594827980118,0,0,1,"RP4-545C24.1","GSE214411","Myeloid",TRUE
1,-0.237594827980118,0,0,1,"OR2A7","GSE214411","Myeloid",TRUE
1,-0.237594827980118,0,0,1,"RP4-751H13.7","GSE214411","Myeloid",TRUE
1,-0.237594827980118,0,0,1,"RP11-728K20.3","GSE214411","Myeloid",TRUE
1,-0.237594827980118,0,0,1,"RP4-584D14.5","GSE214411","Myeloid",TRUE
1,-0.237594827980118,0,0,1,"RP11-148K1.12","GSE214411","Myeloid",TRUE
1,-0.237594827980118,0,0,1,"AC099552.4","GSE214411","Myeloid",TRUE
1,-0.237594827980118,0,0,1,"SHH","GSE214411","Myeloid",TRUE
1,-0.237594827980118,0,0,1,"AC021218.2","GSE214411","Myeloid",TRUE
1,-0.237594827980118,0,0,1,"AC073133.2","GSE214411","Myeloid",TRUE
1,-0.237594827980118,0,0,1,"AC073133.1","GSE214411","Myeloid",TRUE
1,-0.237594827980118,0,0,1,"AC005534.8","GSE214411","Myeloid",TRUE
1,-0.237594827980118,0,0,1,"MNX1","GSE214411","Myeloid",TRUE
1,-0.237594827980118,0,0,1,"AC005481.5","GSE214411","Myeloid",TRUE
1,-0.237594827980118,0,0,1,"RP13-465B17.4","GSE214411","Myeloid",TRUE
1,-0.237594827980118,0,0,1,"ASMT","GSE214411","Myeloid",TRUE
1,-0.237594827980118,0,0,1,"RP13-297E16.4","GSE214411","Myeloid",TRUE
1,-0.237594827980118,0,0,1,"LINC00102","GSE214411","Myeloid",TRUE
1,-0.237594827980118,0,0,1,"ARSH","GSE214411","Myeloid",TRUE
1,-0.237594827980118,0,0,1,"ARSF","GSE214411","Myeloid",TRUE
1,-0.237594827980118,0,0,1,"RP11-706O15.7","GSE214411","Myeloid",TRUE
1,-0.237594827980118,0,0,1,"VCX3B","GSE214411","Myeloid",TRUE
1,-0.237594827980118,0,0,1,"WWC3-AS1","GSE214411","Myeloid",TRUE
1,-0.237594827980118,0,0,1,"FRMPD4","GSE214411","Myeloid",TRUE
1,-0.237594827980118,0,0,1,"FAM9C","GSE214411","Myeloid",TRUE
1,-0.237594827980118,0,0,1,"GLRA2","GSE214411","Myeloid",TRUE
1,-0.237594827980118,0,0,1,"ASB11","GSE214411","Myeloid",TRUE
1,-0.237594827980118,0,0,1,"ACE2","GSE214411","Myeloid",TRUE
1,-0.237594827980118,0,0,1,"NHS-AS1","GSE214411","Myeloid",TRUE
1,-0.237594827980118,0,0,1,"PHKA2-AS1","GSE214411","Myeloid",TRUE
1,-0.237594827980118,0,0,1,"EIF1AX-AS1","GSE214411","Myeloid",TRUE
1,-0.237594827980118,0,0,1,"KLHL34","GSE214411","Myeloid",TRUE
1,-0.237594827980118,0,0,1,"SMPX","GSE214411","Myeloid",TRUE
1,-0.237594827980118,0,0,1,"ARX","GSE214411","Myeloid",TRUE
1,-0.237594827980118,0,0,1,"CFAP47","GSE214411","Myeloid",TRUE
1,-0.237594827980118,0,0,1,"LANCL3","GSE214411","Myeloid",TRUE
1,-0.237594827980118,0,0,1,"XK","GSE214411","Myeloid",TRUE
1,-0.237594827980118,0,0,1,"AL121578.2","GSE214411","Myeloid",TRUE
1,-0.237594827980118,0,0,1,"HYPM","GSE214411","Myeloid",TRUE
1,-0.237594827980118,0,0,1,"MID1IP1-AS1","GSE214411","Myeloid",TRUE
1,-0.237594827980118,0,0,1,"LINC01281","GSE214411","Myeloid",TRUE
1,-0.237594827980118,0,0,1,"AC092198.1","GSE214411","Myeloid",TRUE
1,-0.237594827980118,0,0,1,"RP11-320G24.1","GSE214411","Myeloid",TRUE
1,-0.237594827980118,0,0,1,"NYX","GSE214411","Myeloid",TRUE
1,-0.237594827980118,0,0,1,"AL023875.1","GSE214411","Myeloid",TRUE
1,-0.237594827980118,0,0,1,"LINC01204","GSE214411","Myeloid",TRUE
1,-0.237594827980118,0,0,1,"RP5-1158E12.3","GSE214411","Myeloid",TRUE
1,-0.237594827980118,0,0,1,"LINC01545","GSE214411","Myeloid",TRUE
1,-0.237594827980118,0,0,1,"RP11-571E6.3","GSE214411","Myeloid",TRUE
1,-0.237594827980118,0,0,1,"ZNF157","GSE214411","Myeloid",TRUE
1,-0.237594827980118,0,0,1,"AL022578.1","GSE214411","Myeloid",TRUE
1,-0.237594827980118,0,0,1,"AF196972.9","GSE214411","Myeloid",TRUE
1,-0.237594827980118,0,0,1,"GATA1","GSE214411","Myeloid",TRUE
1,-0.237594827980118,0,0,1,"ERAS","GSE214411","Myeloid",TRUE
1,-0.237594827980118,0,0,1,"GAGE10","GSE214411","Myeloid",TRUE
1,-0.237594827980118,0,0,1,"PAGE1","GSE214411","Myeloid",TRUE
1,-0.237594827980118,0,0,1,"USP27X-AS1","GSE214411","Myeloid",TRUE
1,-0.237594827980118,0,0,1,"CCNB3","GSE214411","Myeloid",TRUE
1,-0.237594827980118,0,0,1,"DGKK","GSE214411","Myeloid",TRUE
1,-0.237594827980118,0,0,1,"RP11-348F1.3","GSE214411","Myeloid",TRUE
1,-0.237594827980118,0,0,1,"RP11-348F1.2","GSE214411","Myeloid",TRUE
1,-0.237594827980118,0,0,1,"MAGED4","GSE214411","Myeloid",TRUE
1,-0.237594827980118,0,0,1,"XAGE3","GSE214411","Myeloid",TRUE
1,-0.237594827980118,0,0,1,"PAGE5","GSE214411","Myeloid",TRUE
1,-0.237594827980118,0,0,1,"ASB12","GSE214411","Myeloid",TRUE
1,-0.237594827980118,0,0,1,"EDA2R","GSE214411","Myeloid",TRUE
1,-0.237594827980118,0,0,1,"FAM155B","GSE214411","Myeloid",TRUE
1,-0.237594827980118,0,0,1,"AWAT2","GSE214411","Myeloid",TRUE
1,-0.237594827980118,0,0,1,"OTUD6A","GSE214411","Myeloid",TRUE
1,-0.237594827980118,0,0,1,"AWAT1","GSE214411","Myeloid",TRUE
1,-0.237594827980118,0,0,1,"DLG3-AS1","GSE214411","Myeloid",TRUE
1,-0.237594827980118,0,0,1,"TEX11","GSE214411","Myeloid",TRUE
1,-0.237594827980118,0,0,1,"SLC7A3","GSE214411","Myeloid",TRUE
1,-0.237594827980118,0,0,1,"CITED1","GSE214411","Myeloid",TRUE
1,-0.237594827980118,0,0,1,"NAP1L2","GSE214411","Myeloid",TRUE
1,-0.237594827980118,0,0,1,"MAGEE2","GSE214411","Myeloid",TRUE
1,-0.237594827980118,0,0,1,"MAGEE1","GSE214411","Myeloid",TRUE
1,-0.237594827980118,0,0,1,"TBX22","GSE214411","Myeloid",TRUE
1,-0.237594827980118,0,0,1,"SATL1","GSE214411","Myeloid",TRUE
1,-0.237594827980118,0,0,1,"POF1B","GSE214411","Myeloid",TRUE
1,-0.237594827980118,0,0,1,"DACH2","GSE214411","Myeloid",TRUE
1,-0.237594827980118,0,0,1,"PCDH11X","GSE214411","Myeloid",TRUE
1,-0.237594827980118,0,0,1,"RP11-524D16--A.3","GSE214411","Myeloid",TRUE
1,-0.237594827980118,0,0,1,"NOX1","GSE214411","Myeloid",TRUE
1,-0.237594827980118,0,0,1,"XKRX","GSE214411","Myeloid",TRUE
1,-0.237594827980118,0,0,1,"ARMCX3-AS1","GSE214411","Myeloid",TRUE
1,-0.237594827980118,0,0,1,"TCEAL2","GSE214411","Myeloid",TRUE
1,-0.237594827980118,0,0,1,"TCEAL6","GSE214411","Myeloid",TRUE
1,-0.237594827980118,0,0,1,"NXF2B","GSE214411","Myeloid",TRUE
1,-0.237594827980118,0,0,1,"RP13-349O20.2","GSE214411","Myeloid",TRUE
1,-0.237594827980118,0,0,1,"TMEM31","GSE214411","Myeloid",TRUE
1,-0.237594827980118,0,0,1,"RAB9B","GSE214411","Myeloid",TRUE
1,-0.237594827980118,0,0,1,"ESX1","GSE214411","Myeloid",TRUE
1,-0.237594827980118,0,0,1,"IL1RAPL2","GSE214411","Myeloid",TRUE
1,-0.237594827980118,0,0,1,"CLDN2","GSE214411","Myeloid",TRUE
1,-0.237594827980118,0,0,1,"RP6-191P20.4","GSE214411","Myeloid",TRUE
1,-0.237594827980118,0,0,1,"VSIG1","GSE214411","Myeloid",TRUE
1,-0.237594827980118,0,0,1,"COL4A6","GSE214411","Myeloid",TRUE
1,-0.237594827980118,0,0,1,"RP6-24A23.6","GSE214411","Myeloid",TRUE
1,-0.237594827980118,0,0,1,"IRS4","GSE214411","Myeloid",TRUE
1,-0.237594827980118,0,0,1,"RP6-24A23.3","GSE214411","Myeloid",TRUE
1,-0.237594827980118,0,0,1,"GUCY2F","GSE214411","Myeloid",TRUE
1,-0.237594827980118,0,0,1,"RGAG1","GSE214411","Myeloid",TRUE
1,-0.237594827980118,0,0,1,"CHRDL1","GSE214411","Myeloid",TRUE
1,-0.237594827980118,0,0,1,"LINC00890","GSE214411","Myeloid",TRUE
1,-0.237594827980118,0,0,1,"TRPC5OS","GSE214411","Myeloid",TRUE
1,-0.237594827980118,0,0,1,"LHFPL1","GSE214411","Myeloid",TRUE
1,-0.237594827980118,0,0,1,"PLS3-AS1","GSE214411","Myeloid",TRUE
1,-0.237594827980118,0,0,1,"AGTR2","GSE214411","Myeloid",TRUE
1,-0.237594827980118,0,0,1,"SLC6A14","GSE214411","Myeloid",TRUE
1,-0.237594827980118,0,0,1,"GLUD2","GSE214411","Myeloid",TRUE
1,-0.237594827980118,0,0,1,"RP13-192B19.2","GSE214411","Myeloid",TRUE
1,-0.237594827980118,0,0,1,"XIAP-AS1","GSE214411","Myeloid",TRUE
1,-0.237594827980118,0,0,1,"TENM1","GSE214411","Myeloid",TRUE
1,-0.237594827980118,0,0,1,"DCAF12L2","GSE214411","Myeloid",TRUE
1,-0.237594827980118,0,0,1,"DCAF12L1","GSE214411","Myeloid",TRUE
1,-0.237594827980118,0,0,1,"RP4-537K23.4","GSE214411","Myeloid",TRUE
1,-0.237594827980118,0,0,1,"RP1-274L7.1","GSE214411","Myeloid",TRUE
1,-0.237594827980118,0,0,1,"IGSF1","GSE214411","Myeloid",TRUE
1,-0.237594827980118,0,0,1,"RP11-85L21.4","GSE214411","Myeloid",TRUE
1,-0.237594827980118,0,0,1,"RP13-210D15.4","GSE214411","Myeloid",TRUE
1,-0.237594827980118,0,0,1,"SMIM10L2A","GSE214411","Myeloid",TRUE
1,-0.237594827980118,0,0,1,"DDX26B-AS1","GSE214411","Myeloid",TRUE
1,-0.237594827980118,0,0,1,"BRS3","GSE214411","Myeloid",TRUE
1,-0.237594827980118,0,0,1,"VGLL1","GSE214411","Myeloid",TRUE
1,-0.237594827980118,0,0,1,"CD40LG","GSE214411","Myeloid",TRUE
1,-0.237594827980118,0,0,1,"FGF13-AS1","GSE214411","Myeloid",TRUE
1,-0.237594827980118,0,0,1,"SOX3","GSE214411","Myeloid",TRUE
1,-0.237594827980118,0,0,1,"XXyac-YR29IB3.1","GSE214411","Myeloid",TRUE
1,-0.237594827980118,0,0,1,"LINC00632","GSE214411","Myeloid",TRUE
1,-0.237594827980118,0,0,1,"CDR1","GSE214411","Myeloid",TRUE
1,-0.237594827980118,0,0,1,"SPANXA2-OT1","GSE214411","Myeloid",TRUE
1,-0.237594827980118,0,0,1,"RP5-937E21.8","GSE214411","Myeloid",TRUE
1,-0.237594827980118,0,0,1,"MAGEA11","GSE214411","Myeloid",TRUE
1,-0.237594827980118,0,0,1,"PRRG3","GSE214411","Myeloid",TRUE
1,-0.237594827980118,0,0,1,"GABRA3","GSE214411","Myeloid",TRUE
1,-0.237594827980118,0,0,1,"ATP2B3","GSE214411","Myeloid",TRUE
1,-0.237594827980118,0,0,1,"DUSP9","GSE214411","Myeloid",TRUE
1,-0.237594827980118,0,0,1,"PDZD4","GSE214411","Myeloid",TRUE
1,-0.237594827980118,0,0,1,"AVPR2","GSE214411","Myeloid",TRUE
1,-0.237594827980118,0,0,1,"HCFC1-AS1","GSE214411","Myeloid",TRUE
1,-0.237594827980118,0,0,1,"RP13-228J13.1","GSE214411","Myeloid",TRUE
1,-0.237594827980118,0,0,1,"RP5-855D21.1","GSE214411","Myeloid",TRUE
1,-0.237594827980118,0,0,1,"RP5-855D21.2","GSE214411","Myeloid",TRUE
1,-0.237594827980118,0,0,1,"FAM87A","GSE214411","Myeloid",TRUE
1,-0.237594827980118,0,0,1,"RP11-91J19.3","GSE214411","Myeloid",TRUE
1,-0.237594827980118,0,0,1,"RP11-378A12.1","GSE214411","Myeloid",TRUE
1,-0.237594827980118,0,0,1,"RP11-134O21.1","GSE214411","Myeloid",TRUE
1,-0.237594827980118,0,0,1,"GS1-57L11.1","GSE214411","Myeloid",TRUE
1,-0.237594827980118,0,0,1,"CTD-2541M15.3","GSE214411","Myeloid",TRUE
1,-0.237594827980118,0,0,1,"XKR5","GSE214411","Myeloid",TRUE
1,-0.237594827980118,0,0,1,"GS1-24F4.2","GSE214411","Myeloid",TRUE
1,-0.237594827980118,0,0,1,"FAM66B","GSE214411","Myeloid",TRUE
1,-0.237594827980118,0,0,1,"SPAG11A","GSE214411","Myeloid",TRUE
1,-0.237594827980118,0,0,1,"DEFB4A","GSE214411","Myeloid",TRUE
1,-0.237594827980118,0,0,1,"FAM85B","GSE214411","Myeloid",TRUE
1,-0.237594827980118,0,0,1,"RP11-10A14.3","GSE214411","Myeloid",TRUE
1,-0.237594827980118,0,0,1,"RP11-10A14.4","GSE214411","Myeloid",TRUE
1,-0.237594827980118,0,0,1,"RP11-10A14.9","GSE214411","Myeloid",TRUE
1,-0.237594827980118,0,0,1,"RP11-10A14.5","GSE214411","Myeloid",TRUE
1,-0.237594827980118,0,0,1,"RP11-115J16.2","GSE214411","Myeloid",TRUE
1,-0.237594827980118,0,0,1,"PRSS51","GSE214411","Myeloid",TRUE
1,-0.237594827980118,0,0,1,"RP1L1","GSE214411","Myeloid",TRUE
1,-0.237594827980118,0,0,1,"RP11-177H2.2","GSE214411","Myeloid",TRUE
1,-0.237594827980118,0,0,1,"RP11-148O21.6","GSE214411","Myeloid",TRUE
1,-0.237594827980118,0,0,1,"GATA4","GSE214411","Myeloid",TRUE
1,-0.237594827980118,0,0,1,"FAM66D","GSE214411","Myeloid",TRUE
1,-0.237594827980118,0,0,1,"FAM66A","GSE214411","Myeloid",TRUE
1,-0.237594827980118,0,0,1,"FAM86B2","GSE214411","Myeloid",TRUE
1,-0.237594827980118,0,0,1,"RP11-419I17.1","GSE214411","Myeloid",TRUE
1,-0.237594827980118,0,0,1,"RP11-252C15.1","GSE214411","Myeloid",TRUE
1,-0.237594827980118,0,0,1,"LINC00681","GSE214411","Myeloid",TRUE
1,-0.237594827980118,0,0,1,"RP11-10C8.2","GSE214411","Myeloid",TRUE
1,-0.237594827980118,0,0,1,"C8orf48","GSE214411","Myeloid",TRUE
1,-0.237594827980118,0,0,1,"FGF20","GSE214411","Myeloid",TRUE
1,-0.237594827980118,0,0,1,"RP11-468H14.2","GSE214411","Myeloid",TRUE
1,-0.237594827980118,0,0,1,"RP11-156K13.2","GSE214411","Myeloid",TRUE
1,-0.237594827980118,0,0,1,"RP11-161I2.1","GSE214411","Myeloid",TRUE
1,-0.237594827980118,0,0,1,"LGI3","GSE214411","Myeloid",TRUE
1,-0.237594827980118,0,0,1,"RP11-875O11.2","GSE214411","Myeloid",TRUE
1,-0.237594827980118,0,0,1,"RP11-1149O23.4","GSE214411","Myeloid",TRUE
1,-0.237594827980118,0,0,1,"GS1-72M22.1","GSE214411","Myeloid",TRUE
1,-0.237594827980118,0,0,1,"CTD-2168K21.2","GSE214411","Myeloid",TRUE
1,-0.237594827980118,0,0,1,"RP11-395I14.2","GSE214411","Myeloid",TRUE
1,-0.237594827980118,0,0,1,"EBF2","GSE214411","Myeloid",TRUE
1,-0.237594827980118,0,0,1,"STMN4","GSE214411","Myeloid",TRUE
1,-0.237594827980118,0,0,1,"RP11-16P20.3","GSE214411","Myeloid",TRUE
1,-0.237594827980118,0,0,1,"NUGGC","GSE214411","Myeloid",TRUE
1,-0.237594827980118,0,0,1,"EXTL3-AS1","GSE214411","Myeloid",TRUE
1,-0.237594827980118,0,0,1,"CTD-2647L4.5","GSE214411","Myeloid",TRUE
1,-0.237594827980118,0,0,1,"CTD-2647L4.1","GSE214411","Myeloid",TRUE
1,-0.237594827980118,0,0,1,"RP11-489E7.1","GSE214411","Myeloid",TRUE
1,-0.237594827980118,0,0,1,"TEX15","GSE214411","Myeloid",TRUE
1,-0.237594827980118,0,0,1,"DUSP26","GSE214411","Myeloid",TRUE
1,-0.237594827980118,0,0,1,"KCNU1","GSE214411","Myeloid",TRUE
1,-0.237594827980118,0,0,1,"LINC01605","GSE214411","Myeloid",TRUE
1,-0.237594827980118,0,0,1,"RP11-863K10.2","GSE214411","Myeloid",TRUE
1,-0.237594827980118,0,0,1,"KB-1836B5.4","GSE214411","Myeloid",TRUE
1,-0.237594827980118,0,0,1,"RP11-90P5.2","GSE214411","Myeloid",TRUE
1,-0.237594827980118,0,0,1,"RP11-513D5.5","GSE214411","Myeloid",TRUE
1,-0.237594827980118,0,0,1,"RP11-350N15.3","GSE214411","Myeloid",TRUE
1,-0.237594827980118,0,0,1,"RP11-350N15.4","GSE214411","Myeloid",TRUE
1,-0.237594827980118,0,0,1,"ADAM2","GSE214411","Myeloid",TRUE
1,-0.237594827980118,0,0,1,"RP11-44K6.3","GSE214411","Myeloid",TRUE
1,-0.237594827980118,0,0,1,"RP11-44K6.4","GSE214411","Myeloid",TRUE
1,-0.237594827980118,0,0,1,"RP11-470M17.2","GSE214411","Myeloid",TRUE
1,-0.237594827980118,0,0,1,"ZMAT4","GSE214411","Myeloid",TRUE
1,-0.237594827980118,0,0,1,"RP11-360L9.4","GSE214411","Myeloid",TRUE
1,-0.237594827980118,0,0,1,"DKK4","GSE214411","Myeloid",TRUE
1,-0.237594827980118,0,0,1,"RP11-1134I14.8","GSE214411","Myeloid",TRUE
1,-0.237594827980118,0,0,1,"RP11-770E5.1","GSE214411","Myeloid",TRUE
1,-0.237594827980118,0,0,1,"RP11-567J20.2","GSE214411","Myeloid",TRUE
1,-0.237594827980118,0,0,1,"AC026904.1","GSE214411","Myeloid",TRUE
1,-0.237594827980118,0,0,1,"RP11-567J20.1","GSE214411","Myeloid",TRUE
1,-0.237594827980118,0,0,1,"RP11-770E5.3","GSE214411","Myeloid",TRUE
1,-0.237594827980118,0,0,1,"RP11-10H3.1","GSE214411","Myeloid",TRUE
1,-0.237594827980118,0,0,1,"SNTG1","GSE214411","Myeloid",TRUE
1,-0.237594827980118,0,0,1,"PXDNL","GSE214411","Myeloid",TRUE
1,-0.237594827980118,0,0,1,"RP11-11C20.3","GSE214411","Myeloid",TRUE
1,-0.237594827980118,0,0,1,"RP11-162D9.3","GSE214411","Myeloid",TRUE
1,-0.237594827980118,0,0,1,"RP11-1081M5.2","GSE214411","Myeloid",TRUE
1,-0.237594827980118,0,0,1,"RP11-1081M5.1","GSE214411","Myeloid",TRUE
1,-0.237594827980118,0,0,1,"RP11-53M11.3","GSE214411","Myeloid",TRUE
1,-0.237594827980118,0,0,1,"RP1","GSE214411","Myeloid",TRUE
1,-0.237594827980118,0,0,1,"RP11-513O17.3","GSE214411","Myeloid",TRUE
1,-0.237594827980118,0,0,1,"LINC00588","GSE214411","Myeloid",TRUE
1,-0.237594827980118,0,0,1,"CYP7A1","GSE214411","Myeloid",TRUE
1,-0.237594827980118,0,0,1,"RP11-91I20.4","GSE214411","Myeloid",TRUE
1,-0.237594827980118,0,0,1,"RP11-91I20.3","GSE214411","Myeloid",TRUE
1,-0.237594827980118,0,0,1,"CLVS1","GSE214411","Myeloid",TRUE
1,-0.237594827980118,0,0,1,"UG0898H09","GSE214411","Myeloid",TRUE
1,-0.237594827980118,0,0,1,"RP11-659E9.2","GSE214411","Myeloid",TRUE
1,-0.237594827980118,0,0,1,"RP11-659E9.4","GSE214411","Myeloid",TRUE
1,-0.237594827980118,0,0,1,"TTPA","GSE214411","Myeloid",TRUE
1,-0.237594827980118,0,0,1,"AC084082.3","GSE214411","Myeloid",TRUE
1,-0.237594827980118,0,0,1,"C8orf44-SGK3","GSE214411","Myeloid",TRUE
1,-0.237594827980118,0,0,1,"TCF24","GSE214411","Myeloid",TRUE
1,-0.237594827980118,0,0,1,"CPA6","GSE214411","Myeloid",TRUE
1,-0.237594827980118,0,0,1,"RP11-403D15.2","GSE214411","Myeloid",TRUE
1,-0.237594827980118,0,0,1,"PRDM14","GSE214411","Myeloid",TRUE
1,-0.237594827980118,0,0,1,"XKR9","GSE214411","Myeloid",TRUE
1,-0.237594827980118,0,0,1,"EYA1","GSE214411","Myeloid",TRUE
1,-0.237594827980118,0,0,1,"RP11-1102P16.1","GSE214411","Myeloid",TRUE
1,-0.237594827980118,0,0,1,"KCNB2","GSE214411","Myeloid",TRUE
1,-0.237594827980118,0,0,1,"RP11-531A24.3","GSE214411","Myeloid",TRUE
1,-0.237594827980118,0,0,1,"C8orf89","GSE214411","Myeloid",TRUE
1,-0.237594827980118,0,0,1,"STAU2-AS1","GSE214411","Myeloid",TRUE
1,-0.237594827980118,0,0,1,"CTD-2320G14.2","GSE214411","Myeloid",TRUE
1,-0.237594827980118,0,0,1,"MIR2052HG","GSE214411","Myeloid",TRUE
1,-0.237594827980118,0,0,1,"RP11-758M4.4","GSE214411","Myeloid",TRUE
1,-0.237594827980118,0,0,1,"RP11-697M17.2","GSE214411","Myeloid",TRUE
1,-0.237594827980118,0,0,1,"LINC01111","GSE214411","Myeloid",TRUE
1,-0.237594827980118,0,0,1,"ZFHX4","GSE214411","Myeloid",TRUE
1,-0.237594827980118,0,0,1,"STMN2","GSE214411","Myeloid",TRUE
1,-0.237594827980118,0,0,1,"LINC01607","GSE214411","Myeloid",TRUE
1,-0.237594827980118,0,0,1,"RP11-26J3.4","GSE214411","Myeloid",TRUE
1,-0.237594827980118,0,0,1,"RP11-92K15.3","GSE214411","Myeloid",TRUE
1,-0.237594827980118,0,0,1,"RP11-92K15.1","GSE214411","Myeloid",TRUE
1,-0.237594827980118,0,0,1,"SLC10A5","GSE214411","Myeloid",TRUE
1,-0.237594827980118,0,0,1,"CA1","GSE214411","Myeloid",TRUE
1,-0.237594827980118,0,0,1,"CA3","GSE214411","Myeloid",TRUE
1,-0.237594827980118,0,0,1,"RP11-586K2.1","GSE214411","Myeloid",TRUE
1,-0.237594827980118,0,0,1,"RP11-642C5.1","GSE214411","Myeloid",TRUE
1,-0.237594827980118,0,0,1,"CALB1","GSE214411","Myeloid",TRUE
1,-0.237594827980118,0,0,1,"LINC01030","GSE214411","Myeloid",TRUE
1,-0.237594827980118,0,0,1,"RP11-68L18.1","GSE214411","Myeloid",TRUE
1,-0.237594827980118,0,0,1,"NECAB1","GSE214411","Myeloid",TRUE
1,-0.237594827980118,0,0,1,"RP11-662G23.1","GSE214411","Myeloid",TRUE
1,-0.237594827980118,0,0,1,"LINC00535","GSE214411","Myeloid",TRUE
1,-0.237594827980118,0,0,1,"RP11-10N23.2","GSE214411","Myeloid",TRUE
1,-0.237594827980118,0,0,1,"RP11-10N23.4","GSE214411","Myeloid",TRUE
1,-0.237594827980118,0,0,1,"FSBP","GSE214411","Myeloid",TRUE
1,-0.237594827980118,0,0,1,"KB-1608C10.2","GSE214411","Myeloid",TRUE
1,-0.237594827980118,0,0,1,"RP11-90D11.1","GSE214411","Myeloid",TRUE
1,-0.237594827980118,0,0,1,"GDF6","GSE214411","Myeloid",TRUE
1,-0.237594827980118,0,0,1,"KB-1043D8.6","GSE214411","Myeloid",TRUE
1,-0.237594827980118,0,0,1,"KCNS2","GSE214411","Myeloid",TRUE
1,-0.237594827980118,0,0,1,"KB-1517D11.4","GSE214411","Myeloid",TRUE
1,-0.237594827980118,0,0,1,"RP11-44N12.2","GSE214411","Myeloid",TRUE
1,-0.237594827980118,0,0,1,"RP11-402L5.1","GSE214411","Myeloid",TRUE
1,-0.237594827980118,0,0,1,"SNX31","GSE214411","Myeloid",TRUE
1,-0.237594827980118,0,0,1,"KB-1410C5.2","GSE214411","Myeloid",TRUE
1,-0.237594827980118,0,0,1,"KB-1562D12.1","GSE214411","Myeloid",TRUE
1,-0.237594827980118,0,0,1,"KB-431C1.5","GSE214411","Myeloid",TRUE
1,-0.237594827980118,0,0,1,"KB-1980E6.3","GSE214411","Myeloid",TRUE
1,-0.237594827980118,0,0,1,"KB-1507C5.3","GSE214411","Myeloid",TRUE
1,-0.237594827980118,0,0,1,"BAALC-AS2","GSE214411","Myeloid",TRUE
1,-0.237594827980118,0,0,1,"RP11-318M2.3","GSE214411","Myeloid",TRUE
1,-0.237594827980118,0,0,1,"RP11-1C8.5","GSE214411","Myeloid",TRUE
1,-0.237594827980118,0,0,1,"RP11-574O7.1","GSE214411","Myeloid",TRUE
1,-0.237594827980118,0,0,1,"ABRA","GSE214411","Myeloid",TRUE
1,-0.237594827980118,0,0,1,"TMEM74","GSE214411","Myeloid",TRUE
1,-0.237594827980118,0,0,1,"RP11-1084E5.1","GSE214411","Myeloid",TRUE
1,-0.237594827980118,0,0,1,"RP11-422N16.3","GSE214411","Myeloid",TRUE
1,-0.237594827980118,0,0,1,"AF178030.2","GSE214411","Myeloid",TRUE
1,-0.237594827980118,0,0,1,"COLEC10","GSE214411","Myeloid",TRUE
1,-0.237594827980118,0,0,1,"RP11-4K16.2","GSE214411","Myeloid",TRUE
1,-0.237594827980118,0,0,1,"KB-1471A8.1","GSE214411","Myeloid",TRUE
1,-0.237594827980118,0,0,1,"RP11-713M15.1","GSE214411","Myeloid",TRUE
1,-0.237594827980118,0,0,1,"RP11-713M15.2","GSE214411","Myeloid",TRUE
1,-0.237594827980118,0,0,1,"HAS2-AS1","GSE214411","Myeloid",TRUE
1,-0.237594827980118,0,0,1,"FAM83A","GSE214411","Myeloid",TRUE
1,-0.237594827980118,0,0,1,"RP11-539E17.5","GSE214411","Myeloid",TRUE
1,-0.237594827980118,0,0,1,"FAM83A-AS1","GSE214411","Myeloid",TRUE
1,-0.237594827980118,0,0,1,"LINC00964","GSE214411","Myeloid",TRUE
1,-0.237594827980118,0,0,1,"RP11-6D1.3","GSE214411","Myeloid",TRUE
1,-0.237594827980118,0,0,1,"RP11-103H7.2","GSE214411","Myeloid",TRUE
1,-0.237594827980118,0,0,1,"RP11-89K10.1","GSE214411","Myeloid",TRUE
1,-0.237594827980118,0,0,1,"PCAT2","GSE214411","Myeloid",TRUE
1,-0.237594827980118,0,0,1,"PRNCR1","GSE214411","Myeloid",TRUE
1,-0.237594827980118,0,0,1,"CASC19","GSE214411","Myeloid",TRUE
1,-0.237594827980118,0,0,1,"CCAT2","GSE214411","Myeloid",TRUE
1,-0.237594827980118,0,0,1,"GSDMC","GSE214411","Myeloid",TRUE
1,-0.237594827980118,0,0,1,"AF230666.2","GSE214411","Myeloid",TRUE
1,-0.237594827980118,0,0,1,"NCRNA00250","GSE214411","Myeloid",TRUE
1,-0.237594827980118,0,0,1,"RP11-1057B8.2","GSE214411","Myeloid",TRUE
1,-0.237594827980118,0,0,1,"RP11-30J20.1","GSE214411","Myeloid",TRUE
1,-0.237594827980118,0,0,1,"FAM135B","GSE214411","Myeloid",TRUE
1,-0.237594827980118,0,0,1,"COL22A1","GSE214411","Myeloid",TRUE
1,-0.237594827980118,0,0,1,"RP11-10J21.4","GSE214411","Myeloid",TRUE
1,-0.237594827980118,0,0,1,"GPR20","GSE214411","Myeloid",TRUE
1,-0.237594827980118,0,0,1,"CTD-3064M3.4","GSE214411","Myeloid",TRUE
1,-0.237594827980118,0,0,1,"CTD-3064M3.7","GSE214411","Myeloid",TRUE
1,-0.237594827980118,0,0,1,"RP13-467H17.1","GSE214411","Myeloid",TRUE
1,-0.237594827980118,0,0,1,"SLURP1","GSE214411","Myeloid",TRUE
1,-0.237594827980118,0,0,1,"LY6D","GSE214411","Myeloid",TRUE
1,-0.237594827980118,0,0,1,"CCDC166","GSE214411","Myeloid",TRUE
1,-0.237594827980118,0,0,1,"RP11-429J17.7","GSE214411","Myeloid",TRUE
1,-0.237594827980118,0,0,1,"RP11-429J17.8","GSE214411","Myeloid",TRUE
1,-0.237594827980118,0,0,1,"TMEM249","GSE214411","Myeloid",TRUE
1,-0.237594827980118,0,0,1,"FOXH1","GSE214411","Myeloid",TRUE
1,-0.237594827980118,0,0,1,"AF186192.1","GSE214411","Myeloid",TRUE
1,-0.237594827980118,0,0,1,"AF186192.6","GSE214411","Myeloid",TRUE
1,-0.237594827980118,0,0,1,"RP11-130C19.3","GSE214411","Myeloid",TRUE
1,-0.237594827980118,0,0,1,"DMRT1","GSE214411","Myeloid",TRUE
1,-0.237594827980118,0,0,1,"DMRT2","GSE214411","Myeloid",TRUE
1,-0.237594827980118,0,0,1,"VLDLR-AS1","GSE214411","Myeloid",TRUE
1,-0.237594827980118,0,0,1,"KCNV2","GSE214411","Myeloid",TRUE
1,-0.237594827980118,0,0,1,"LINC01231","GSE214411","Myeloid",TRUE
1,-0.237594827980118,0,0,1,"RP11-509J21.2","GSE214411","Myeloid",TRUE
1,-0.237594827980118,0,0,1,"RP11-509J21.4","GSE214411","Myeloid",TRUE
1,-0.237594827980118,0,0,1,"GLIS3-AS1","GSE214411","Myeloid",TRUE
1,-0.237594827980118,0,0,1,"RP11-358M14.2","GSE214411","Myeloid",TRUE
1,-0.237594827980118,0,0,1,"RP11-207C16.4","GSE214411","Myeloid",TRUE
1,-0.237594827980118,0,0,1,"GLDC","GSE214411","Myeloid",TRUE
1,-0.237594827980118,0,0,1,"RP11-390F4.6","GSE214411","Myeloid",TRUE
1,-0.237594827980118,0,0,1,"LURAP1L","GSE214411","Myeloid",TRUE
1,-0.237594827980118,0,0,1,"RP11-120J1.1","GSE214411","Myeloid",TRUE
1,-0.237594827980118,0,0,1,"RP11-408A13.3","GSE214411","Myeloid",TRUE
1,-0.237594827980118,0,0,1,"CER1","GSE214411","Myeloid",TRUE
1,-0.237594827980118,0,0,1,"RP11-62F24.2","GSE214411","Myeloid",TRUE
1,-0.237594827980118,0,0,1,"SAXO1","GSE214411","Myeloid",TRUE
1,-0.237594827980118,0,0,1,"RP11-146N23.4","GSE214411","Myeloid",TRUE
1,-0.237594827980118,0,0,1,"ACER2","GSE214411","Myeloid",TRUE
1,-0.237594827980118,0,0,1,"SLC24A2","GSE214411","Myeloid",TRUE
1,-0.237594827980118,0,0,1,"FOCAD-AS1","GSE214411","Myeloid",TRUE
1,-0.237594827980118,0,0,1,"IFNE","GSE214411","Myeloid",TRUE
1,-0.237594827980118,0,0,1,"CDKN2B-AS1","GSE214411","Myeloid",TRUE
1,-0.237594827980118,0,0,1,"LINC01239","GSE214411","Myeloid",TRUE
1,-0.237594827980118,0,0,1,"RP11-370B11.3","GSE214411","Myeloid",TRUE
1,-0.237594827980118,0,0,1,"ELAVL2","GSE214411","Myeloid",TRUE
1,-0.237594827980118,0,0,1,"IFT74-AS1","GSE214411","Myeloid",TRUE
1,-0.237594827980118,0,0,1,"LRRC19","GSE214411","Myeloid",TRUE
1,-0.237594827980118,0,0,1,"RP11-56F10.3","GSE214411","Myeloid",TRUE
1,-0.237594827980118,0,0,1,"EQTN","GSE214411","Myeloid",TRUE
1,-0.237594827980118,0,0,1,"GVQW1","GSE214411","Myeloid",TRUE
1,-0.237594827980118,0,0,1,"AQP7","GSE214411","Myeloid",TRUE
1,-0.237594827980118,0,0,1,"CYP4F26P","GSE214411","Myeloid",TRUE
1,-0.237594827980118,0,0,1,"RP11-537H15.3","GSE214411","Myeloid",TRUE
1,-0.237594827980118,0,0,1,"DNAI1","GSE214411","Myeloid",TRUE
1,-0.237594827980118,0,0,1,"CCL27","GSE214411","Myeloid",TRUE
1,-0.237594827980118,0,0,1,"PHF24","GSE214411","Myeloid",TRUE
1,-0.237594827980118,0,0,1,"C9orf131","GSE214411","Myeloid",TRUE
1,-0.237594827980118,0,0,1,"RP11-182N22.8","GSE214411","Myeloid",TRUE
1,-0.237594827980118,0,0,1,"LINC00961","GSE214411","Myeloid",TRUE
1,-0.237594827980118,0,0,1,"RP11-220I1.5","GSE214411","Myeloid",TRUE
1,-0.237594827980118,0,0,1,"FRMPD1","GSE214411","Myeloid",TRUE
1,-0.237594827980118,0,0,1,"IGFBPL1","GSE214411","Myeloid",TRUE
1,-0.237594827980118,0,0,1,"RP11-347J14.7","GSE214411","Myeloid",TRUE
1,-0.237594827980118,0,0,1,"PGM5-AS1","GSE214411","Myeloid",TRUE
1,-0.237594827980118,0,0,1,"RP11-459O16.8","GSE214411","Myeloid",TRUE
1,-0.237594827980118,0,0,1,"FAM74A6","GSE214411","Myeloid",TRUE
1,-0.237594827980118,0,0,1,"RP11-144A16.8","GSE214411","Myeloid",TRUE
1,-0.237594827980118,0,0,1,"RP11-374M1.5","GSE214411","Myeloid",TRUE
1,-0.237594827980118,0,0,1,"RP11-374M1.4","GSE214411","Myeloid",TRUE
1,-0.237594827980118,0,0,1,"RP11-381O7.3","GSE214411","Myeloid",TRUE
1,-0.237594827980118,0,0,1,"FOXD4L5","GSE214411","Myeloid",TRUE
1,-0.237594827980118,0,0,1,"FOXD4L3","GSE214411","Myeloid",TRUE
1,-0.237594827980118,0,0,1,"RP11-561O23.7","GSE214411","Myeloid",TRUE
1,-0.237594827980118,0,0,1,"BANCR","GSE214411","Myeloid",TRUE
1,-0.237594827980118,0,0,1,"RP11-109D9.4","GSE214411","Myeloid",TRUE
1,-0.237594827980118,0,0,1,"MAMDC2-AS1","GSE214411","Myeloid",TRUE
1,-0.237594827980118,0,0,1,"RP11-63P12.7","GSE214411","Myeloid",TRUE
1,-0.237594827980118,0,0,1,"RORB-AS1","GSE214411","Myeloid",TRUE
1,-0.237594827980118,0,0,1,"PCA3","GSE214411","Myeloid",TRUE
1,-0.237594827980118,0,0,1,"FOXB2","GSE214411","Myeloid",TRUE
1,-0.237594827980118,0,0,1,"GNA14-AS1","GSE214411","Myeloid",TRUE
1,-0.237594827980118,0,0,1,"RP11-375O18.2","GSE214411","Myeloid",TRUE
1,-0.237594827980118,0,0,1,"RP11-154D17.1","GSE214411","Myeloid",TRUE
1,-0.237594827980118,0,0,1,"RP11-383M4.6","GSE214411","Myeloid",TRUE
1,-0.237594827980118,0,0,1,"RP11-575L7.4","GSE214411","Myeloid",TRUE
1,-0.237594827980118,0,0,1,"RP11-158D2.2","GSE214411","Myeloid",TRUE
1,-0.237594827980118,0,0,1,"RP11-380F14.2","GSE214411","Myeloid",TRUE
1,-0.237594827980118,0,0,1,"GAS1RR","GSE214411","Myeloid",TRUE
1,-0.237594827980118,0,0,1,"C9orf170","GSE214411","Myeloid",TRUE
1,-0.237594827980118,0,0,1,"XXyac-YM21GA2.3","GSE214411","Myeloid",TRUE
1,-0.237594827980118,0,0,1,"XXyac-YM21GA2.7","GSE214411","Myeloid",TRUE
1,-0.237594827980118,0,0,1,"RP5-1050E16.2","GSE214411","Myeloid",TRUE
1,-0.237594827980118,0,0,1,"LINC01508","GSE214411","Myeloid",TRUE
1,-0.237594827980118,0,0,1,"DIRAS2","GSE214411","Myeloid",TRUE
1,-0.237594827980118,0,0,1,"RP11-367F23.2","GSE214411","Myeloid",TRUE
1,-0.237594827980118,0,0,1,"C9orf129","GSE214411","Myeloid",TRUE
1,-0.237594827980118,0,0,1,"RP11-165J3.6","GSE214411","Myeloid",TRUE
1,-0.237594827980118,0,0,1,"BARX1","GSE214411","Myeloid",TRUE
1,-0.237594827980118,0,0,1,"RP11-2B6.3","GSE214411","Myeloid",TRUE
1,-0.237594827980118,0,0,1,"PCAT7","GSE214411","Myeloid",TRUE
1,-0.237594827980118,0,0,1,"RP11-54O15.3","GSE214411","Myeloid",TRUE
1,-0.237594827980118,0,0,1,"RP11-80I15.4","GSE214411","Myeloid",TRUE
1,-0.237594827980118,0,0,1,"RP11-435O5.7","GSE214411","Myeloid",TRUE
1,-0.237594827980118,0,0,1,"RP11-435O5.2","GSE214411","Myeloid",TRUE
1,-0.237594827980118,0,0,1,"RP11-435O5.5","GSE214411","Myeloid",TRUE
1,-0.237594827980118,0,0,1,"RP11-180I4.2","GSE214411","Myeloid",TRUE
1,-0.237594827980118,0,0,1,"LINC00092","GSE214411","Myeloid",TRUE
1,-0.237594827980118,0,0,1,"RP11-569G13.3","GSE214411","Myeloid",TRUE
1,-0.237594827980118,0,0,1,"HSD17B3","GSE214411","Myeloid",TRUE
1,-0.237594827980118,0,0,1,"RP11-535M15.1","GSE214411","Myeloid",TRUE
1,-0.237594827980118,0,0,1,"NUTM2G","GSE214411","Myeloid",TRUE
1,-0.237594827980118,0,0,1,"RP11-498P14.5","GSE214411","Myeloid",TRUE
1,-0.237594827980118,0,0,1,"RP11-244N9.6","GSE214411","Myeloid",TRUE
1,-0.237594827980118,0,0,1,"HEMGN","GSE214411","Myeloid",TRUE
1,-0.237594827980118,0,0,1,"GABBR2","GSE214411","Myeloid",TRUE
1,-0.237594827980118,0,0,1,"RP11-92C4.3","GSE214411","Myeloid",TRUE
1,-0.237594827980118,0,0,1,"RP11-92C4.6","GSE214411","Myeloid",TRUE
1,-0.237594827980118,0,0,1,"NAMA","GSE214411","Myeloid",TRUE
1,-0.237594827980118,0,0,1,"RP11-554F20.1","GSE214411","Myeloid",TRUE
1,-0.237594827980118,0,0,1,"MSANTD3-TMEFF1","GSE214411","Myeloid",TRUE
1,-0.237594827980118,0,0,1,"TMEFF1","GSE214411","Myeloid",TRUE
1,-0.237594827980118,0,0,1,"PLPPR1","GSE214411","Myeloid",TRUE
1,-0.237594827980118,0,0,1,"BAAT","GSE214411","Myeloid",TRUE
1,-0.237594827980118,0,0,1,"PPP3R2","GSE214411","Myeloid",TRUE
1,-0.237594827980118,0,0,1,"OR13C5","GSE214411","Myeloid",TRUE
1,-0.237594827980118,0,0,1,"RP11-235C23.5","GSE214411","Myeloid",TRUE
1,-0.237594827980118,0,0,1,"TAL2","GSE214411","Myeloid",TRUE
1,-0.237594827980118,0,0,1,"RP11-308N19.1","GSE214411","Myeloid",TRUE
1,-0.237594827980118,0,0,1,"RP11-508N12.2","GSE214411","Myeloid",TRUE
1,-0.237594827980118,0,0,1,"ACTL7B","GSE214411","Myeloid",TRUE
1,-0.237594827980118,0,0,1,"PALM2-AKAP2","GSE214411","Myeloid",TRUE
1,-0.237594827980118,0,0,1,"MUSK","GSE214411","Myeloid",TRUE
1,-0.237594827980118,0,0,1,"RP11-16L21.7","GSE214411","Myeloid",TRUE
1,-0.237594827980118,0,0,1,"C9orf84","GSE214411","Myeloid",TRUE
1,-0.237594827980118,0,0,1,"RP11-276E15.4","GSE214411","Myeloid",TRUE
1,-0.237594827980118,0,0,1,"RP11-18B16.2","GSE214411","Myeloid",TRUE
1,-0.237594827980118,0,0,1,"AMBP","GSE214411","Myeloid",TRUE
1,-0.237594827980118,0,0,1,"DEC1","GSE214411","Myeloid",TRUE
1,-0.237594827980118,0,0,1,"PAPPA-AS2","GSE214411","Myeloid",TRUE
1,-0.237594827980118,0,0,1,"RP11-45A16.4","GSE214411","Myeloid",TRUE
1,-0.237594827980118,0,0,1,"PAPPA-AS1","GSE214411","Myeloid",TRUE
1,-0.237594827980118,0,0,1,"RP11-281A20.1","GSE214411","Myeloid",TRUE
1,-0.237594827980118,0,0,1,"RP11-477J21.6","GSE214411","Myeloid",TRUE
1,-0.237594827980118,0,0,1,"RP11-162D16.2","GSE214411","Myeloid",TRUE
1,-0.237594827980118,0,0,1,"TTLL11-IT1","GSE214411","Myeloid",TRUE
1,-0.237594827980118,0,0,1,"RP11-542K23.7","GSE214411","Myeloid",TRUE
1,-0.237594827980118,0,0,1,"OR1J1","GSE214411","Myeloid",TRUE
1,-0.237594827980118,0,0,1,"OR1N2","GSE214411","Myeloid",TRUE
1,-0.237594827980118,0,0,1,"OR1Q1","GSE214411","Myeloid",TRUE
1,-0.237594827980118,0,0,1,"GPR21","GSE214411","Myeloid",TRUE
1,-0.237594827980118,0,0,1,"CRB2","GSE214411","Myeloid",TRUE
1,-0.237594827980118,0,0,1,"RP11-230L22.4","GSE214411","Myeloid",TRUE
1,-0.237594827980118,0,0,1,"RP11-121A14.2","GSE214411","Myeloid",TRUE
1,-0.237594827980118,0,0,1,"NR5A1","GSE214411","Myeloid",TRUE
1,-0.237594827980118,0,0,1,"RP11-175D17.3","GSE214411","Myeloid",TRUE
1,-0.237594827980118,0,0,1,"RP11-65N13.8","GSE214411","Myeloid",TRUE
1,-0.237594827980118,0,0,1,"RP11-205K6.1","GSE214411","Myeloid",TRUE
1,-0.237594827980118,0,0,1,"RP11-203J24.8","GSE214411","Myeloid",TRUE
1,-0.237594827980118,0,0,1,"RP11-379C10.1","GSE214411","Myeloid",TRUE
1,-0.237594827980118,0,0,1,"RP11-379C10.4","GSE214411","Myeloid",TRUE
1,-0.237594827980118,0,0,1,"PTGES2-AS1","GSE214411","Myeloid",TRUE
1,-0.237594827980118,0,0,1,"RP11-65J3.3","GSE214411","Myeloid",TRUE
1,-0.237594827980118,0,0,1,"RP11-65J3.2","GSE214411","Myeloid",TRUE
1,-0.237594827980118,0,0,1,"RP11-492E3.2","GSE214411","Myeloid",TRUE
1,-0.237594827980118,0,0,1,"C9orf50","GSE214411","Myeloid",TRUE
1,-0.237594827980118,0,0,1,"PRRX2-AS1","GSE214411","Myeloid",TRUE
1,-0.237594827980118,0,0,1,"RP11-409K20.6","GSE214411","Myeloid",TRUE
1,-0.237594827980118,0,0,1,"RP11-544A12.4","GSE214411","Myeloid",TRUE
1,-0.237594827980118,0,0,1,"DBH","GSE214411","Myeloid",TRUE
1,-0.237594827980118,0,0,1,"DBH-AS1","GSE214411","Myeloid",TRUE
1,-0.237594827980118,0,0,1,"LL09NC01-251B2.3","GSE214411","Myeloid",TRUE
1,-0.237594827980118,0,0,1,"LL09NC01-139C3.1","GSE214411","Myeloid",TRUE
1,-0.237594827980118,0,0,1,"RP11-473E2.4","GSE214411","Myeloid",TRUE
1,-0.237594827980118,0,0,1,"FCN2","GSE214411","Myeloid",TRUE
1,-0.237594827980118,0,0,1,"RP11-83N9.5","GSE214411","Myeloid",TRUE
1,-0.237594827980118,0,0,1,"RP11-83N9.6","GSE214411","Myeloid",TRUE
1,-0.237594827980118,0,0,1,"LHX3","GSE214411","Myeloid",TRUE
1,-0.237594827980118,0,0,1,"CCDC187","GSE214411","Myeloid",TRUE
1,-0.237594827980118,0,0,1,"DKFZP434A062","GSE214411","Myeloid",TRUE
1,-0.237594827980118,0,0,1,"NALT1","GSE214411","Myeloid",TRUE
1,-0.237594827980118,0,0,1,"PRR31","GSE214411","Myeloid",TRUE
1,-0.237594827980118,0,0,1,"LCNL1","GSE214411","Myeloid",TRUE
1,-0.237594827980118,0,0,1,"RP11-350O14.18","GSE214411","Myeloid",TRUE
1,-0.237594827980118,0,0,1,"TMEM210","GSE214411","Myeloid",TRUE
1,-0.237594827980118,0,0,1,"RNF224","GSE214411","Myeloid",TRUE
1,-0.237594827980118,0,0,1,"SLC34A3","GSE214411","Myeloid",TRUE
1,-0.237594827980118,0,0,1,"RP11-304M2.5","GSE214411","Myeloid",TRUE
1,-0.237594827980118,0,0,1,"NLRP6","GSE214411","Myeloid",TRUE
1,-0.237594827980118,0,0,1,"IFITM5","GSE214411","Myeloid",TRUE
1,-0.237594827980118,0,0,1,"RP11-326C3.7","GSE214411","Myeloid",TRUE
1,-0.237594827980118,0,0,1,"RP11-326C3.14","GSE214411","Myeloid",TRUE
1,-0.237594827980118,0,0,1,"RP11-754B17.1","GSE214411","Myeloid",TRUE
1,-0.237594827980118,0,0,1,"AP006621.8","GSE214411","Myeloid",TRUE
1,-0.237594827980118,0,0,1,"MUC6","GSE214411","Myeloid",TRUE
1,-0.237594827980118,0,0,1,"BRSK2","GSE214411","Myeloid",TRUE
1,-0.237594827980118,0,0,1,"KRTAP5-1","GSE214411","Myeloid",TRUE
1,-0.237594827980118,0,0,1,"KRTAP5-2","GSE214411","Myeloid",TRUE
1,-0.237594827980118,0,0,1,"SYT8","GSE214411","Myeloid",TRUE
1,-0.237594827980118,0,0,1,"IGF2-AS","GSE214411","Myeloid",TRUE
1,-0.237594827980118,0,0,1,"TRPM5","GSE214411","Myeloid",TRUE
1,-0.237594827980118,0,0,1,"KCNQ1-AS1","GSE214411","Myeloid",TRUE
1,-0.237594827980118,0,0,1,"KCNQ1DN","GSE214411","Myeloid",TRUE
1,-0.237594827980118,0,0,1,"CARS-AS1","GSE214411","Myeloid",TRUE
1,-0.237594827980118,0,0,1,"RP13-726E6.2","GSE214411","Myeloid",TRUE
1,-0.237594827980118,0,0,1,"ART5","GSE214411","Myeloid",TRUE
1,-0.237594827980118,0,0,1,"RP11-23F23.2","GSE214411","Myeloid",TRUE
1,-0.237594827980118,0,0,1,"OR51E1","GSE214411","Myeloid",TRUE
1,-0.237594827980118,0,0,1,"OR51E2","GSE214411","Myeloid",TRUE
1,-0.237594827980118,0,0,1,"HBD","GSE214411","Myeloid",TRUE
1,-0.237594827980118,0,0,1,"HBG1","GSE214411","Myeloid",TRUE
1,-0.237594827980118,0,0,1,"HBE1","GSE214411","Myeloid",TRUE
1,-0.237594827980118,0,0,1,"OR52H1","GSE214411","Myeloid",TRUE
1,-0.237594827980118,0,0,1,"AC015691.13","GSE214411","Myeloid",TRUE
1,-0.237594827980118,0,0,1,"OR52N5","GSE214411","Myeloid",TRUE
1,-0.237594827980118,0,0,1,"OR52N1","GSE214411","Myeloid",TRUE
1,-0.237594827980118,0,0,1,"CNGA4","GSE214411","Myeloid",TRUE
1,-0.237594827980118,0,0,1,"RP11-304C12.3","GSE214411","Myeloid",TRUE
1,-0.237594827980118,0,0,1,"HPX","GSE214411","Myeloid",TRUE
1,-0.237594827980118,0,0,1,"TIMM10B.1","GSE214411","Myeloid",TRUE
1,-0.237594827980118,0,0,1,"RP11-732A19.8","GSE214411","Myeloid",TRUE
1,-0.237594827980118,0,0,1,"RP11-732A19.5","GSE214411","Myeloid",TRUE
1,-0.237594827980118,0,0,1,"OR10A4","GSE214411","Myeloid",TRUE
1,-0.237594827980118,0,0,1,"RBMXL2","GSE214411","Myeloid",TRUE
1,-0.237594827980118,0,0,1,"SYT9","GSE214411","Myeloid",TRUE
1,-0.237594827980118,0,0,1,"CTD-2516F10.4","GSE214411","Myeloid",TRUE
1,-0.237594827980118,0,0,1,"OVCH2","GSE214411","Myeloid",TRUE
1,-0.237594827980118,0,0,1,"LMO1","GSE214411","Myeloid",TRUE
1,-0.237594827980118,0,0,1,"C11orf16","GSE214411","Myeloid",TRUE
1,-0.237594827980118,0,0,1,"RP11-351I24.1","GSE214411","Myeloid",TRUE
1,-0.237594827980118,0,0,1,"MTRNR2L8","GSE214411","Myeloid",TRUE
1,-0.237594827980118,0,0,1,"CTD-3224I3.3","GSE214411","Myeloid",TRUE
1,-0.237594827980118,0,0,1,"GALNT18","GSE214411","Myeloid",TRUE
1,-0.237594827980118,0,0,1,"RP11-567I13.1","GSE214411","Myeloid",TRUE
1,-0.237594827980118,0,0,1,"RP11-47J17.3","GSE214411","Myeloid",TRUE
1,-0.237594827980118,0,0,1,"RP11-47J17.2","GSE214411","Myeloid",TRUE
1,-0.237594827980118,0,0,1,"CTC-497E21.3","GSE214411","Myeloid",TRUE
1,-0.237594827980118,0,0,1,"RASSF10","GSE214411","Myeloid",TRUE
1,-0.237594827980118,0,0,1,"RP11-231N3.1","GSE214411","Myeloid",TRUE
1,-0.237594827980118,0,0,1,"CALCB","GSE214411","Myeloid",TRUE
1,-0.237594827980118,0,0,1,"CALCA","GSE214411","Myeloid",TRUE
1,-0.237594827980118,0,0,1,"INSC","GSE214411","Myeloid",TRUE
1,-0.237594827980118,0,0,1,"USH1C","GSE214411","Myeloid",TRUE
1,-0.237594827980118,0,0,1,"SAA4","GSE214411","Myeloid",TRUE
1,-0.237594827980118,0,0,1,"LDHAL6A","GSE214411","Myeloid",TRUE
1,-0.237594827980118,0,0,1,"RP11-1081L13.4","GSE214411","Myeloid",TRUE
1,-0.237594827980118,0,0,1,"PTPN5","GSE214411","Myeloid",TRUE
1,-0.237594827980118,0,0,1,"RP11-428C19.4","GSE214411","Myeloid",TRUE
1,-0.237594827980118,0,0,1,"RP11-428C19.5","GSE214411","Myeloid",TRUE
1,-0.237594827980118,0,0,1,"NAV2-AS1","GSE214411","Myeloid",TRUE
1,-0.237594827980118,0,0,1,"NELL1","GSE214411","Myeloid",TRUE
1,-0.237594827980118,0,0,1,"RP11-266A24.1","GSE214411","Myeloid",TRUE
1,-0.237594827980118,0,0,1,"ANO3","GSE214411","Myeloid",TRUE
1,-0.237594827980118,0,0,1,"MUC15","GSE214411","Myeloid",TRUE
1,-0.237594827980118,0,0,1,"SLC5A12","GSE214411","Myeloid",TRUE
1,-0.237594827980118,0,0,1,"BBOX1-AS1","GSE214411","Myeloid",TRUE
1,-0.237594827980118,0,0,1,"RP11-159H22.2","GSE214411","Myeloid",TRUE
1,-0.237594827980118,0,0,1,"BDNF","GSE214411","Myeloid",TRUE
1,-0.237594827980118,0,0,1,"KCNA4","GSE214411","Myeloid",TRUE
1,-0.237594827980118,0,0,1,"RP11-624D11.2","GSE214411","Myeloid",TRUE
1,-0.237594827980118,0,0,1,"RP4-710M3.2","GSE214411","Myeloid",TRUE
1,-0.237594827980118,0,0,1,"RP5-1024C24.1","GSE214411","Myeloid",TRUE
1,-0.237594827980118,0,0,1,"Z83001.1","GSE214411","Myeloid",TRUE
1,-0.237594827980118,0,0,1,"C11orf91","GSE214411","Myeloid",TRUE
1,-0.237594827980118,0,0,1,"ELF5","GSE214411","Myeloid",TRUE
1,-0.237594827980118,0,0,1,"ALKBH3-AS1","GSE214411","Myeloid",TRUE
1,-0.237594827980118,0,0,1,"ALX4","GSE214411","Myeloid",TRUE
1,-0.237594827980118,0,0,1,"TSPAN18","GSE214411","Myeloid",TRUE
1,-0.237594827980118,0,0,1,"SYT13","GSE214411","Myeloid",TRUE
1,-0.237594827980118,0,0,1,"RP11-618K13.2","GSE214411","Myeloid",TRUE
1,-0.237594827980118,0,0,1,"C11orf94","GSE214411","Myeloid",TRUE
1,-0.237594827980118,0,0,1,"F2","GSE214411","Myeloid",TRUE
1,-0.237594827980118,0,0,1,"RAPSN","GSE214411","Myeloid",TRUE
1,-0.237594827980118,0,0,1,"RP11-76I23.7","GSE214411","Myeloid",TRUE
1,-0.237594827980118,0,0,1,"OR4B1","GSE214411","Myeloid",TRUE
1,-0.237594827980118,0,0,1,"LRRC55","GSE214411","Myeloid",TRUE
1,-0.237594827980118,0,0,1,"PRG2","GSE214411","Myeloid",TRUE
1,-0.237594827980118,0,0,1,"SMTNL1","GSE214411","Myeloid",TRUE
1,-0.237594827980118,0,0,1,"AP000640.10","GSE214411","Myeloid",TRUE
1,-0.237594827980118,0,0,1,"RP11-804A23.2","GSE214411","Myeloid",TRUE
1,-0.237594827980118,0,0,1,"PGA3","GSE214411","Myeloid",TRUE
1,-0.237594827980118,0,0,1,"LRRC10B","GSE214411","Myeloid",TRUE
1,-0.237594827980118,0,0,1,"SYT7","GSE214411","Myeloid",TRUE
1,-0.237594827980118,0,0,1,"DKFZP434K028","GSE214411","Myeloid",TRUE
1,-0.237594827980118,0,0,1,"SCGB1A1","GSE214411","Myeloid",TRUE
1,-0.237594827980118,0,0,1,"CTD-2531D15.4","GSE214411","Myeloid",TRUE
1,-0.237594827980118,0,0,1,"RP11-864I4.4","GSE214411","Myeloid",TRUE
1,-0.237594827980118,0,0,1,"RP11-864I4.1","GSE214411","Myeloid",TRUE
1,-0.237594827980118,0,0,1,"HNRNPUL2-BSCL2","GSE214411","Myeloid",TRUE
1,-0.237594827980118,0,0,1,"AP000438.2","GSE214411","Myeloid",TRUE
1,-0.237594827980118,0,0,1,"SLC22A10","GSE214411","Myeloid",TRUE
1,-0.237594827980118,0,0,1,"RP11-21A7A.4","GSE214411","Myeloid",TRUE
1,-0.237594827980118,0,0,1,"FLRT1","GSE214411","Myeloid",TRUE
1,-0.237594827980118,0,0,1,"C11orf85","GSE214411","Myeloid",TRUE
1,-0.237594827980118,0,0,1,"TMEM262","GSE214411","Myeloid",TRUE
1,-0.237594827980118,0,0,1,"AP003068.9","GSE214411","Myeloid",TRUE
1,-0.237594827980118,0,0,1,"AP003068.23","GSE214411","Myeloid",TRUE
1,-0.237594827980118,0,0,1,"CMB9-22P13.2","GSE214411","Myeloid",TRUE
1,-0.237594827980118,0,0,1,"OVOL1-AS1","GSE214411","Myeloid",TRUE
1,-0.237594827980118,0,0,1,"RP11-867G23.2","GSE214411","Myeloid",TRUE
1,-0.237594827980118,0,0,1,"TMEM151A","GSE214411","Myeloid",TRUE
1,-0.237594827980118,0,0,1,"ACTN3","GSE214411","Myeloid",TRUE
1,-0.237594827980118,0,0,1,"CCDC87","GSE214411","Myeloid",TRUE
1,-0.237594827980118,0,0,1,"PTPRCAP","GSE214411","Myeloid",TRUE
1,-0.237594827980118,0,0,1,"RP11-655M14.13","GSE214411","Myeloid",TRUE
1,-0.237594827980118,0,0,1,"TBX10","GSE214411","Myeloid",TRUE
1,-0.237594827980118,0,0,1,"RP5-901A4.1","GSE214411","Myeloid",TRUE
1,-0.237594827980118,0,0,1,"CTD-2655K5.1","GSE214411","Myeloid",TRUE
1,-0.237594827980118,0,0,1,"CTD-2007L18.5","GSE214411","Myeloid",TRUE
1,-0.237594827980118,0,0,1,"MRGPRF-AS1","GSE214411","Myeloid",TRUE
1,-0.237594827980118,0,0,1,"RP11-554A11.9","GSE214411","Myeloid",TRUE
1,-0.237594827980118,0,0,1,"ANO1-AS1","GSE214411","Myeloid",TRUE
1,-0.237594827980118,0,0,1,"RP11-805J14.5","GSE214411","Myeloid",TRUE
1,-0.237594827980118,0,0,1,"AP000487.6","GSE214411","Myeloid",TRUE
1,-0.237594827980118,0,0,1,"SHANK2-AS1","GSE214411","Myeloid",TRUE
1,-0.237594827980118,0,0,1,"KRTAP5-8","GSE214411","Myeloid",TRUE
1,-0.237594827980118,0,0,1,"KRTAP5-9","GSE214411","Myeloid",TRUE
1,-0.237594827980118,0,0,1,"KRTAP5-10","GSE214411","Myeloid",TRUE
1,-0.237594827980118,0,0,1,"PHOX2A","GSE214411","Myeloid",TRUE
1,-0.237594827980118,0,0,1,"RP11-800A3.2","GSE214411","Myeloid",TRUE
1,-0.237594827980118,0,0,1,"RP11-632K5.3","GSE214411","Myeloid",TRUE
1,-0.237594827980118,0,0,1,"CHRDL2","GSE214411","Myeloid",TRUE
1,-0.237594827980118,0,0,1,"CTD-2562J17.4","GSE214411","Myeloid",TRUE
1,-0.237594827980118,0,0,1,"MOGAT2","GSE214411","Myeloid",TRUE
1,-0.237594827980118,0,0,1,"WNT11","GSE214411","Myeloid",TRUE
1,-0.237594827980118,0,0,1,"RP11-619A14.3","GSE214411","Myeloid",TRUE
1,-0.237594827980118,0,0,1,"RP11-111M22.5","GSE214411","Myeloid",TRUE
1,-0.237594827980118,0,0,1,"RP11-21L23.3","GSE214411","Myeloid",TRUE
1,-0.237594827980118,0,0,1,"RP11-91P24.7","GSE214411","Myeloid",TRUE
1,-0.237594827980118,0,0,1,"RP11-91P24.5","GSE214411","Myeloid",TRUE
1,-0.237594827980118,0,0,1,"NDUFC2-KCTD14","GSE214411","Myeloid",TRUE
1,-0.237594827980118,0,0,1,"RP11-7I15.4","GSE214411","Myeloid",TRUE
1,-0.237594827980118,0,0,1,"THRSP","GSE214411","Myeloid",TRUE
1,-0.237594827980118,0,0,1,"RP11-686G23.2","GSE214411","Myeloid",TRUE
1,-0.237594827980118,0,0,1,"MIR4300HG","GSE214411","Myeloid",TRUE
1,-0.237594827980118,0,0,1,"RP11-727A23.10","GSE214411","Myeloid",TRUE
1,-0.237594827980118,0,0,1,"CCDC83","GSE214411","Myeloid",TRUE
1,-0.237594827980118,0,0,1,"CTD-2005H7.1","GSE214411","Myeloid",TRUE
1,-0.237594827980118,0,0,1,"RP11-736K20.5","GSE214411","Myeloid",TRUE
1,-0.237594827980118,0,0,1,"RP11-736K20.6","GSE214411","Myeloid",TRUE
1,-0.237594827980118,0,0,1,"GRM5","GSE214411","Myeloid",TRUE
1,-0.237594827980118,0,0,1,"FAT3","GSE214411","Myeloid",TRUE
1,-0.237594827980118,0,0,1,"VSTM5","GSE214411","Myeloid",TRUE
1,-0.237594827980118,0,0,1,"HEPHL1","GSE214411","Myeloid",TRUE
1,-0.237594827980118,0,0,1,"GPR83","GSE214411","Myeloid",TRUE
1,-0.237594827980118,0,0,1,"CNTN5","GSE214411","Myeloid",TRUE
1,-0.237594827980118,0,0,1,"CTD-2383M3.1","GSE214411","Myeloid",TRUE
1,-0.237594827980118,0,0,1,"ANGPTL5","GSE214411","Myeloid",TRUE
1,-0.237594827980118,0,0,1,"RP11-732A21.2","GSE214411","Myeloid",TRUE
1,-0.237594827980118,0,0,1,"RP11-864G5.3","GSE214411","Myeloid",TRUE
1,-0.237594827980118,0,0,1,"RP11-817J15.2","GSE214411","Myeloid",TRUE
1,-0.237594827980118,0,0,1,"MMP27","GSE214411","Myeloid",TRUE
1,-0.237594827980118,0,0,1,"GRIA4","GSE214411","Myeloid",TRUE
1,-0.237594827980118,0,0,1,"C11orf65","GSE214411","Myeloid",TRUE
1,-0.237594827980118,0,0,1,"RP11-25I9.3","GSE214411","Myeloid",TRUE
1,-0.237594827980118,0,0,1,"C11orf87","GSE214411","Myeloid",TRUE
1,-0.237594827980118,0,0,1,"C11orf53","GSE214411","Myeloid",TRUE
1,-0.237594827980118,0,0,1,"BTG4","GSE214411","Myeloid",TRUE
1,-0.237594827980118,0,0,1,"C11orf52","GSE214411","Myeloid",TRUE
1,-0.237594827980118,0,0,1,"AP002884.2","GSE214411","Myeloid",TRUE
1,-0.237594827980118,0,0,1,"RP11-65M17.3","GSE214411","Myeloid",TRUE
1,-0.237594827980118,0,0,1,"RP11-629G13.1","GSE214411","Myeloid",TRUE
1,-0.237594827980118,0,0,1,"RP11-839D17.3","GSE214411","Myeloid",TRUE
1,-0.237594827980118,0,0,1,"ANKK1","GSE214411","Myeloid",TRUE
1,-0.237594827980118,0,0,1,"TMPRSS5","GSE214411","Myeloid",TRUE
1,-0.237594827980118,0,0,1,"RP11-667M19.2","GSE214411","Myeloid",TRUE
1,-0.237594827980118,0,0,1,"RP11-64D24.4","GSE214411","Myeloid",TRUE
1,-0.237594827980118,0,0,1,"NXPE2","GSE214411","Myeloid",TRUE
1,-0.237594827980118,0,0,1,"AP006216.10","GSE214411","Myeloid",TRUE
1,-0.237594827980118,0,0,1,"APOA1-AS","GSE214411","Myeloid",TRUE
1,-0.237594827980118,0,0,1,"TTC36","GSE214411","Myeloid",TRUE
1,-0.237594827980118,0,0,1,"TREH","GSE214411","Myeloid",TRUE
1,-0.237594827980118,0,0,1,"ABCG4","GSE214411","Myeloid",TRUE
1,-0.237594827980118,0,0,1,"C1QTNF5","GSE214411","Myeloid",TRUE
1,-0.237594827980118,0,0,1,"RP11-196E1.3","GSE214411","Myeloid",TRUE
1,-0.237594827980118,0,0,1,"AP000679.2","GSE214411","Myeloid",TRUE
1,-0.237594827980118,0,0,1,"GRIK4","GSE214411","Myeloid",TRUE
1,-0.237594827980118,0,0,1,"TECTA","GSE214411","Myeloid",TRUE
1,-0.237594827980118,0,0,1,"SCN3B","GSE214411","Myeloid",TRUE
1,-0.237594827980118,0,0,1,"RP11-677M14.2","GSE214411","Myeloid",TRUE
1,-0.237594827980118,0,0,1,"HEPN1","GSE214411","Myeloid",TRUE
1,-0.237594827980118,0,0,1,"ACRV1","GSE214411","Myeloid",TRUE
1,-0.237594827980118,0,0,1,"DDX25","GSE214411","Myeloid",TRUE
1,-0.237594827980118,0,0,1,"RP11-680F20.6","GSE214411","Myeloid",TRUE
1,-0.237594827980118,0,0,1,"RP11-673E11.2","GSE214411","Myeloid",TRUE
1,-0.237594827980118,0,0,1,"RP11-50B3.4","GSE214411","Myeloid",TRUE
1,-0.237594827980118,0,0,1,"KIRREL3","GSE214411","Myeloid",TRUE
1,-0.237594827980118,0,0,1,"RP11-1007G5.2","GSE214411","Myeloid",TRUE
1,-0.237594827980118,0,0,1,"KCNJ1","GSE214411","Myeloid",TRUE
1,-0.237594827980118,0,0,1,"RP11-121M22.1","GSE214411","Myeloid",TRUE
1,-0.237594827980118,0,0,1,"ADAMTS15","GSE214411","Myeloid",TRUE
1,-0.237594827980118,0,0,1,"RP11-890B15.2","GSE214411","Myeloid",TRUE
1,-0.237594827980118,0,0,1,"IGSF9B","GSE214411","Myeloid",TRUE
1,-0.237594827980118,0,0,1,"RP11-713P17.5","GSE214411","Myeloid",TRUE
1,-0.237594827980118,0,0,1,"GLB1L3","GSE214411","Myeloid",TRUE
1,-0.237594827980118,0,0,1,"B3GAT1","GSE214411","Myeloid",TRUE
1,-0.237594827980118,0,0,1,"RP11-469N6.1","GSE214411","Myeloid",TRUE
1,-0.237594827980118,0,0,1,"TUBB8","GSE214411","Myeloid",TRUE
1,-0.237594827980118,0,0,1,"RP11-490E15.2","GSE214411","Myeloid",TRUE
1,-0.237594827980118,0,0,1,"RP11-809C18.3","GSE214411","Myeloid",TRUE
1,-0.237594827980118,0,0,1,"RP11-164C1.2","GSE214411","Myeloid",TRUE
1,-0.237594827980118,0,0,1,"RP11-195B3.1","GSE214411","Myeloid",TRUE
1,-0.237594827980118,0,0,1,"RP11-482E14.1","GSE214411","Myeloid",TRUE
1,-0.237594827980118,0,0,1,"RP11-482E14.2","GSE214411","Myeloid",TRUE
1,-0.237594827980118,0,0,1,"LINC00704","GSE214411","Myeloid",TRUE
1,-0.237594827980118,0,0,1,"UCN3","GSE214411","Myeloid",TRUE
1,-0.237594827980118,0,0,1,"TUBAL3","GSE214411","Myeloid",TRUE
1,-0.237594827980118,0,0,1,"CALML5","GSE214411","Myeloid",TRUE
1,-0.237594827980118,0,0,1,"CALML3-AS1","GSE214411","Myeloid",TRUE
1,-0.237594827980118,0,0,1,"CALML3","GSE214411","Myeloid",TRUE
1,-0.237594827980118,0,0,1,"RP13-463N16.6","GSE214411","Myeloid",TRUE
1,-0.237594827980118,0,0,1,"RP11-336A10.5","GSE214411","Myeloid",TRUE
1,-0.237594827980118,0,0,1,"RP11-336A10.2","GSE214411","Myeloid",TRUE
1,-0.237594827980118,0,0,1,"RP11-554I8.2","GSE214411","Myeloid",TRUE
1,-0.237594827980118,0,0,1,"LINC00707","GSE214411","Myeloid",TRUE
1,-0.237594827980118,0,0,1,"ITIH2","GSE214411","Myeloid",TRUE
1,-0.237594827980118,0,0,1,"GATA3-AS1","GSE214411","Myeloid",TRUE
1,-0.237594827980118,0,0,1,"RP11-138I18.1","GSE214411","Myeloid",TRUE
1,-0.237594827980118,0,0,1,"PROSER2-AS1","GSE214411","Myeloid",TRUE
1,-0.237594827980118,0,0,1,"RP11-353M9.1","GSE214411","Myeloid",TRUE
1,-0.237594827980118,0,0,1,"OLAH","GSE214411","Myeloid",TRUE
1,-0.237594827980118,0,0,1,"ACBD7","GSE214411","Myeloid",TRUE
1,-0.237594827980118,0,0,1,"C1QL3","GSE214411","Myeloid",TRUE
1,-0.237594827980118,0,0,1,"RP11-406H21.2","GSE214411","Myeloid",TRUE
1,-0.237594827980118,0,0,1,"ST8SIA6-AS1","GSE214411","Myeloid",TRUE
1,-0.237594827980118,0,0,1,"RP11-354E11.2","GSE214411","Myeloid",TRUE
1,-0.237594827980118,0,0,1,"C10orf113","GSE214411","Myeloid",TRUE
1,-0.237594827980118,0,0,1,"NEBL-AS1","GSE214411","Myeloid",TRUE
1,-0.237594827980118,0,0,1,"CASC10","GSE214411","Myeloid",TRUE
1,-0.237594827980118,0,0,1,"RP11-573G6.6","GSE214411","Myeloid",TRUE
1,-0.237594827980118,0,0,1,"RP11-573G6.9","GSE214411","Myeloid",TRUE
1,-0.237594827980118,0,0,1,"LINC01552","GSE214411","Myeloid",TRUE
1,-0.237594827980118,0,0,1,"LINC01516","GSE214411","Myeloid",TRUE
1,-0.237594827980118,0,0,1,"GPR158","GSE214411","Myeloid",TRUE
1,-0.237594827980118,0,0,1,"RP13-16H11.5","GSE214411","Myeloid",TRUE
1,-0.237594827980118,0,0,1,"PTCHD3","GSE214411","Myeloid",TRUE
1,-0.237594827980118,0,0,1,"MKX","GSE214411","Myeloid",TRUE
1,-0.237594827980118,0,0,1,"RP11-192P3.4","GSE214411","Myeloid",TRUE
1,-0.237594827980118,0,0,1,"RP11-135A24.4","GSE214411","Myeloid",TRUE
1,-0.237594827980118,0,0,1,"RP11-462L8.1","GSE214411","Myeloid",TRUE
1,-0.237594827980118,0,0,1,"RP11-342D11.2","GSE214411","Myeloid",TRUE
1,-0.237594827980118,0,0,1,"RP11-90B22.1","GSE214411","Myeloid",TRUE
1,-0.237594827980118,0,0,1,"RP11-297A16.4","GSE214411","Myeloid",TRUE
1,-0.237594827980118,0,0,1,"RP11-324I22.2","GSE214411","Myeloid",TRUE
1,-0.237594827980118,0,0,1,"GJD4","GSE214411","Myeloid",TRUE
1,-0.237594827980118,0,0,1,"RP11-425A6.5","GSE214411","Myeloid",TRUE
1,-0.237594827980118,0,0,1,"RP11-258F22.1","GSE214411","Myeloid",TRUE
1,-0.237594827980118,0,0,1,"RP11-508N22.12","GSE214411","Myeloid",TRUE
1,-0.237594827980118,0,0,1,"RP11-508N22.13","GSE214411","Myeloid",TRUE
1,-0.237594827980118,0,0,1,"RP11-291L22.4","GSE214411","Myeloid",TRUE
1,-0.237594827980118,0,0,1,"AL022344.7","GSE214411","Myeloid",TRUE
1,-0.237594827980118,0,0,1,"RP11-402L1.4","GSE214411","Myeloid",TRUE
1,-0.237594827980118,0,0,1,"ZNF32-AS2","GSE214411","Myeloid",TRUE
1,-0.237594827980118,0,0,1,"LINC00619","GSE214411","Myeloid",TRUE
1,-0.237594827980118,0,0,1,"RP11-20J15.3","GSE214411","Myeloid",TRUE
1,-0.237594827980118,0,0,1,"TMEM72-AS1","GSE214411","Myeloid",TRUE
1,-0.237594827980118,0,0,1,"RP11-285G1.9","GSE214411","Myeloid",TRUE
1,-0.237594827980118,0,0,1,"OR13A1","GSE214411","Myeloid",TRUE
1,-0.237594827980118,0,0,1,"MSMB","GSE214411","Myeloid",TRUE
1,-0.237594827980118,0,0,1,"GPRIN2","GSE214411","Myeloid",TRUE
1,-0.237594827980118,0,0,1,"GDF10","GSE214411","Myeloid",TRUE
1,-0.237594827980118,0,0,1,"ZNF488","GSE214411","Myeloid",TRUE
1,-0.237594827980118,0,0,1,"PGBD3","GSE214411","Myeloid",TRUE
1,-0.237594827980118,0,0,1,"ERCC6-PGBD3","GSE214411","Myeloid",TRUE
1,-0.237594827980118,0,0,1,"C10orf53","GSE214411","Myeloid",TRUE
1,-0.237594827980118,0,0,1,"ASAH2","GSE214411","Myeloid",TRUE
1,-0.237594827980118,0,0,1,"A1CF","GSE214411","Myeloid",TRUE
1,-0.237594827980118,0,0,1,"RP11-96B5.3","GSE214411","Myeloid",TRUE
1,-0.237594827980118,0,0,1,"PRKG1-AS1","GSE214411","Myeloid",TRUE
1,-0.237594827980118,0,0,1,"PCDH15","GSE214411","Myeloid",TRUE
1,-0.237594827980118,0,0,1,"RP11-179B15.6","GSE214411","Myeloid",TRUE
1,-0.237594827980118,0,0,1,"RP11-388P9.3","GSE214411","Myeloid",TRUE
1,-0.237594827980118,0,0,1,"MYPN","GSE214411","Myeloid",TRUE
1,-0.237594827980118,0,0,1,"RP11-153K11.3","GSE214411","Myeloid",TRUE
1,-0.237594827980118,0,0,1,"NODAL","GSE214411","Myeloid",TRUE
1,-0.237594827980118,0,0,1,"OIT3","GSE214411","Myeloid",TRUE
1,-0.237594827980118,0,0,1,"DNAJC9-AS1","GSE214411","Myeloid",TRUE
1,-0.237594827980118,0,0,1,"RP11-464F9.22","GSE214411","Myeloid",TRUE
1,-0.237594827980118,0,0,1,"RP11-464F9.21","GSE214411","Myeloid",TRUE
1,-0.237594827980118,0,0,1,"DUSP13","GSE214411","Myeloid",TRUE
1,-0.237594827980118,0,0,1,"RP11-126H7.4","GSE214411","Myeloid",TRUE
1,-0.237594827980118,0,0,1,"RP11-90J7.4","GSE214411","Myeloid",TRUE
1,-0.237594827980118,0,0,1,"SFTPA2","GSE214411","Myeloid",TRUE
1,-0.237594827980118,0,0,1,"SFTPA1","GSE214411","Myeloid",TRUE
1,-0.237594827980118,0,0,1,"RP11-589B3.6","GSE214411","Myeloid",TRUE
1,-0.237594827980118,0,0,1,"NUTM2B","GSE214411","Myeloid",TRUE
1,-0.237594827980118,0,0,1,"NUTM2E","GSE214411","Myeloid",TRUE
1,-0.237594827980118,0,0,1,"SFTPD-AS1","GSE214411","Myeloid",TRUE
1,-0.237594827980118,0,0,1,"MAT1A","GSE214411","Myeloid",TRUE
1,-0.237594827980118,0,0,1,"SH2D4B","GSE214411","Myeloid",TRUE
1,-0.237594827980118,0,0,1,"RP11-338I21.1","GSE214411","Myeloid",TRUE
1,-0.237594827980118,0,0,1,"C10orf99","GSE214411","Myeloid",TRUE
1,-0.237594827980118,0,0,1,"GRID1","GSE214411","Myeloid",TRUE
1,-0.237594827980118,0,0,1,"OPN4","GSE214411","Myeloid",TRUE
1,-0.237594827980118,0,0,1,"LDB3","GSE214411","Myeloid",TRUE
1,-0.237594827980118,0,0,1,"RP11-359E3.4","GSE214411","Myeloid",TRUE
1,-0.237594827980118,0,0,1,"IFIT1B","GSE214411","Myeloid",TRUE
1,-0.237594827980118,0,0,1,"RP11-80H5.9","GSE214411","Myeloid",TRUE
1,-0.237594827980118,0,0,1,"ANKRD1","GSE214411","Myeloid",TRUE
1,-0.237594827980118,0,0,1,"PPP1R3C","GSE214411","Myeloid",TRUE
1,-0.237594827980118,0,0,1,"RP11-348J12.2","GSE214411","Myeloid",TRUE
1,-0.237594827980118,0,0,1,"PLCE1-AS2","GSE214411","Myeloid",TRUE
1,-0.237594827980118,0,0,1,"RP11-76P2.4","GSE214411","Myeloid",TRUE
1,-0.237594827980118,0,0,1,"CYP2C18","GSE214411","Myeloid",TRUE
1,-0.237594827980118,0,0,1,"CYP2C9","GSE214411","Myeloid",TRUE
1,-0.237594827980118,0,0,1,"RP11-310E22.4","GSE214411","Myeloid",TRUE
1,-0.237594827980118,0,0,1,"TLL2","GSE214411","Myeloid",TRUE
1,-0.237594827980118,0,0,1,"RP11-452K12.4","GSE214411","Myeloid",TRUE
1,-0.237594827980118,0,0,1,"RP11-452K12.7","GSE214411","Myeloid",TRUE
1,-0.237594827980118,0,0,1,"HOGA1","GSE214411","Myeloid",TRUE
1,-0.237594827980118,0,0,1,"SFRP5","GSE214411","Myeloid",TRUE
1,-0.237594827980118,0,0,1,"GOLGA7B","GSE214411","Myeloid",TRUE
1,-0.237594827980118,0,0,1,"CRTAC1","GSE214411","Myeloid",TRUE
1,-0.237594827980118,0,0,1,"RP11-285F16.1","GSE214411","Myeloid",TRUE
1,-0.237594827980118,0,0,1,"RP11-108L7.14","GSE214411","Myeloid",TRUE
1,-0.237594827980118,0,0,1,"TLX1","GSE214411","Myeloid",TRUE
1,-0.237594827980118,0,0,1,"FGF8","GSE214411","Myeloid",TRUE
1,-0.237594827980118,0,0,1,"KCNIP2-AS1","GSE214411","Myeloid",TRUE
1,-0.237594827980118,0,0,1,"RP11-753C18.12","GSE214411","Myeloid",TRUE
1,-0.237594827980118,0,0,1,"AS3MT","GSE214411","Myeloid",TRUE
1,-0.237594827980118,0,0,1,"RP11-724N1.1","GSE214411","Myeloid",TRUE
1,-0.237594827980118,0,0,1,"RPEL1","GSE214411","Myeloid",TRUE
1,-0.237594827980118,0,0,1,"INA","GSE214411","Myeloid",TRUE
1,-0.237594827980118,0,0,1,"RP11-127O4.3","GSE214411","Myeloid",TRUE
1,-0.237594827980118,0,0,1,"SORCS3","GSE214411","Myeloid",TRUE
1,-0.237594827980118,0,0,1,"SORCS1","GSE214411","Myeloid",TRUE
1,-0.237594827980118,0,0,1,"RBM20","GSE214411","Myeloid",TRUE
1,-0.237594827980118,0,0,1,"TECTB","GSE214411","Myeloid",TRUE
1,-0.237594827980118,0,0,1,"HABP2","GSE214411","Myeloid",TRUE
1,-0.237594827980118,0,0,1,"VWA2","GSE214411","Myeloid",TRUE
1,-0.237594827980118,0,0,1,"CTB-1144G6.6","GSE214411","Myeloid",TRUE
1,-0.237594827980118,0,0,1,"RP11-106M7.1","GSE214411","Myeloid",TRUE
1,-0.237594827980118,0,0,1,"GFRA1","GSE214411","Myeloid",TRUE
1,-0.237594827980118,0,0,1,"C10orf82","GSE214411","Myeloid",TRUE
1,-0.237594827980118,0,0,1,"RP11-498B4.5","GSE214411","Myeloid",TRUE
1,-0.237594827980118,0,0,1,"RP11-501J20.5","GSE214411","Myeloid",TRUE
1,-0.237594827980118,0,0,1,"RP11-354M20.3","GSE214411","Myeloid",TRUE
1,-0.237594827980118,0,0,1,"RP11-79M19.2","GSE214411","Myeloid",TRUE
1,-0.237594827980118,0,0,1,"PLPP4","GSE214411","Myeloid",TRUE
1,-0.237594827980118,0,0,1,"LINC01561","GSE214411","Myeloid",TRUE
1,-0.237594827980118,0,0,1,"RP11-500G22.4","GSE214411","Myeloid",TRUE
1,-0.237594827980118,0,0,1,"BTBD16","GSE214411","Myeloid",TRUE
1,-0.237594827980118,0,0,1,"CUZD1","GSE214411","Myeloid",TRUE
1,-0.237594827980118,0,0,1,"CPXM2","GSE214411","Myeloid",TRUE
1,-0.237594827980118,0,0,1,"RP11-12J10.3","GSE214411","Myeloid",TRUE
1,-0.237594827980118,0,0,1,"FAM53B-AS1","GSE214411","Myeloid",TRUE
1,-0.237594827980118,0,0,1,"TEX36","GSE214411","Myeloid",TRUE
1,-0.237594827980118,0,0,1,"EDRF1-AS1","GSE214411","Myeloid",TRUE
1,-0.237594827980118,0,0,1,"RP11-223P11.3","GSE214411","Myeloid",TRUE
1,-0.237594827980118,0,0,1,"EBF3","GSE214411","Myeloid",TRUE
1,-0.237594827980118,0,0,1,"RP11-234G16.4","GSE214411","Myeloid",TRUE
1,-0.237594827980118,0,0,1,"TCERG1L","GSE214411","Myeloid",TRUE
1,-0.237594827980118,0,0,1,"TCERG1L-AS1","GSE214411","Myeloid",TRUE
1,-0.237594827980118,0,0,1,"JAKMIP3","GSE214411","Myeloid",TRUE
1,-0.237594827980118,0,0,1,"RP11-432J24.3","GSE214411","Myeloid",TRUE
1,-0.237594827980118,0,0,1,"RP11-432J24.5","GSE214411","Myeloid",TRUE
1,-0.237594827980118,0,0,1,"LINC01165","GSE214411","Myeloid",TRUE
1,-0.237594827980118,0,0,1,"CALY","GSE214411","Myeloid",TRUE
1,-0.237594827980118,0,0,1,"RP11-108K14.8","GSE214411","Myeloid",TRUE
1,-0.237594827980118,0,0,1,"RP11-598F7.5","GSE214411","Myeloid",TRUE
1,-0.237594827980118,0,0,1,"RP11-598F7.6","GSE214411","Myeloid",TRUE
1,-0.237594827980118,0,0,1,"RP11-283I3.2","GSE214411","Myeloid",TRUE
1,-0.237594827980118,0,0,1,"LINC00942","GSE214411","Myeloid",TRUE
1,-0.237594827980118,0,0,1,"RP5-1096D14.6","GSE214411","Myeloid",TRUE
1,-0.237594827980118,0,0,1,"RP5-1063M23.1","GSE214411","Myeloid",TRUE
1,-0.237594827980118,0,0,1,"RP5-1063M23.2","GSE214411","Myeloid",TRUE
1,-0.237594827980118,0,0,1,"RP11-664D1.1","GSE214411","Myeloid",TRUE
1,-0.237594827980118,0,0,1,"AKAP3","GSE214411","Myeloid",TRUE
1,-0.237594827980118,0,0,1,"NTF3","GSE214411","Myeloid",TRUE
1,-0.237594827980118,0,0,1,"ANO2","GSE214411","Myeloid",TRUE
1,-0.237594827980118,0,0,1,"RP5-940J5.3","GSE214411","Myeloid",TRUE
1,-0.237594827980118,0,0,1,"RP5-940J5.8","GSE214411","Myeloid",TRUE
1,-0.237594827980118,0,0,1,"RP4-761J14.8","GSE214411","Myeloid",TRUE
1,-0.237594827980118,0,0,1,"ABC12-49244600F4.4","GSE214411","Myeloid",TRUE
1,-0.237594827980118,0,0,1,"RP11-273B20.3","GSE214411","Myeloid",TRUE
1,-0.237594827980118,0,0,1,"GDF3","GSE214411","Myeloid",TRUE
1,-0.237594827980118,0,0,1,"ZNF705A","GSE214411","Myeloid",TRUE
1,-0.237594827980118,0,0,1,"RP11-266K4.13","GSE214411","Myeloid",TRUE
1,-0.237594827980118,0,0,1,"RP11-266K4.14","GSE214411","Myeloid",TRUE
1,-0.237594827980118,0,0,1,"RP11-266K4.9","GSE214411","Myeloid",TRUE
1,-0.237594827980118,0,0,1,"RP11-90D4.3","GSE214411","Myeloid",TRUE
1,-0.237594827980118,0,0,1,"RP11-259O18.5","GSE214411","Myeloid",TRUE
1,-0.237594827980118,0,0,1,"KLRF2","GSE214411","Myeloid",TRUE
1,-0.237594827980118,0,0,1,"RP11-277P12.20","GSE214411","Myeloid",TRUE
1,-0.237594827980118,0,0,1,"KLRK1","GSE214411","Myeloid",TRUE
1,-0.237594827980118,0,0,1,"KLRC4-KLRK1","GSE214411","Myeloid",TRUE
1,-0.237594827980118,0,0,1,"KLRC3","GSE214411","Myeloid",TRUE
1,-0.237594827980118,0,0,1,"RP11-277P12.6","GSE214411","Myeloid",TRUE
1,-0.237594827980118,0,0,1,"RP11-291B21.2","GSE214411","Myeloid",TRUE
1,-0.237594827980118,0,0,1,"TAS2R8","GSE214411","Myeloid",TRUE
1,-0.237594827980118,0,0,1,"TAS2R10","GSE214411","Myeloid",TRUE
1,-0.237594827980118,0,0,1,"PRH1-PRR4","GSE214411","Myeloid",TRUE
1,-0.237594827980118,0,0,1,"TAS2R13","GSE214411","Myeloid",TRUE
1,-0.237594827980118,0,0,1,"TAS2R50","GSE214411","Myeloid",TRUE
1,-0.237594827980118,0,0,1,"TAS2R20","GSE214411","Myeloid",TRUE
1,-0.237594827980118,0,0,1,"TAS2R46","GSE214411","Myeloid",TRUE
1,-0.237594827980118,0,0,1,"RP11-434C1.2","GSE214411","Myeloid",TRUE
1,-0.237594827980118,0,0,1,"RP11-377D9.3","GSE214411","Myeloid",TRUE
1,-0.237594827980118,0,0,1,"GSG1","GSE214411","Myeloid",TRUE
1,-0.237594827980118,0,0,1,"LINC01559","GSE214411","Myeloid",TRUE
1,-0.237594827980118,0,0,1,"RP11-174G6.1","GSE214411","Myeloid",TRUE
1,-0.237594827980118,0,0,1,"SMCO3","GSE214411","Myeloid",TRUE
1,-0.237594827980118,0,0,1,"ART4","GSE214411","Myeloid",TRUE
1,-0.237594827980118,0,0,1,"LINC01489","GSE214411","Myeloid",TRUE
1,-0.237594827980118,0,0,1,"RP11-6B19.1","GSE214411","Myeloid",TRUE
1,-0.237594827980118,0,0,1,"LMO3","GSE214411","Myeloid",TRUE
1,-0.237594827980118,0,0,1,"RP11-69C13.1","GSE214411","Myeloid",TRUE
1,-0.237594827980118,0,0,1,"RERGL","GSE214411","Myeloid",TRUE
1,-0.237594827980118,0,0,1,"CAPZA3","GSE214411","Myeloid",TRUE
1,-0.237594827980118,0,0,1,"PDE3A","GSE214411","Myeloid",TRUE
1,-0.237594827980118,0,0,1,"SLCO1C1","GSE214411","Myeloid",TRUE
1,-0.237594827980118,0,0,1,"SLCO1B3","GSE214411","Myeloid",TRUE
1,-0.237594827980118,0,0,1,"SLCO1A2","GSE214411","Myeloid",TRUE
1,-0.237594827980118,0,0,1,"GYS2","GSE214411","Myeloid",TRUE
1,-0.237594827980118,0,0,1,"RP11-59N23.3","GSE214411","Myeloid",TRUE
1,-0.237594827980118,0,0,1,"RP11-59N23.1","GSE214411","Myeloid",TRUE
1,-0.237594827980118,0,0,1,"RP11-437F6.1","GSE214411","Myeloid",TRUE
1,-0.237594827980118,0,0,1,"RP11-778H2.1","GSE214411","Myeloid",TRUE
1,-0.237594827980118,0,0,1,"RP11-713N11.6","GSE214411","Myeloid",TRUE
1,-0.237594827980118,0,0,1,"RP11-295I5.4","GSE214411","Myeloid",TRUE
1,-0.237594827980118,0,0,1,"LMNTD1","GSE214411","Myeloid",TRUE
1,-0.237594827980118,0,0,1,"RP11-283G6.3","GSE214411","Myeloid",TRUE
1,-0.237594827980118,0,0,1,"RP11-709A23.1","GSE214411","Myeloid",TRUE
1,-0.237594827980118,0,0,1,"RP11-1060J15.7","GSE214411","Myeloid",TRUE
1,-0.237594827980118,0,0,1,"MANSC4","GSE214411","Myeloid",TRUE
1,-0.237594827980118,0,0,1,"RP11-993B23.3","GSE214411","Myeloid",TRUE
1,-0.237594827980118,0,0,1,"RP11-425D17.1","GSE214411","Myeloid",TRUE
1,-0.237594827980118,0,0,1,"RP11-996F15.4","GSE214411","Myeloid",TRUE
1,-0.237594827980118,0,0,1,"RP11-77I22.2","GSE214411","Myeloid",TRUE
1,-0.237594827980118,0,0,1,"LINC00941","GSE214411","Myeloid",TRUE
1,-0.237594827980118,0,0,1,"RP11-551L14.4","GSE214411","Myeloid",TRUE
1,-0.237594827980118,0,0,1,"OVOS2","GSE214411","Myeloid",TRUE
1,-0.237594827980118,0,0,1,"RP11-771K4.1","GSE214411","Myeloid",TRUE
1,-0.237594827980118,0,0,1,"SYT10","GSE214411","Myeloid",TRUE
1,-0.237594827980118,0,0,1,"RP11-847H18.2","GSE214411","Myeloid",TRUE
1,-0.237594827980118,0,0,1,"PDZRN4","GSE214411","Myeloid",TRUE
1,-0.237594827980118,0,0,1,"RP11-25I15.3","GSE214411","Myeloid",TRUE
1,-0.237594827980118,0,0,1,"ADAMTS20","GSE214411","Myeloid",TRUE
1,-0.237594827980118,0,0,1,"DBX2","GSE214411","Myeloid",TRUE
1,-0.237594827980118,0,0,1,"RP11-474P2.2","GSE214411","Myeloid",TRUE
1,-0.237594827980118,0,0,1,"SLC38A4","GSE214411","Myeloid",TRUE
1,-0.237594827980118,0,0,1,"RP11-618L22.1","GSE214411","Myeloid",TRUE
1,-0.237594827980118,0,0,1,"RP11-493L12.3","GSE214411","Myeloid",TRUE
1,-0.237594827980118,0,0,1,"RP1-197B17.4","GSE214411","Myeloid",TRUE
1,-0.237594827980118,0,0,1,"RP11-89H19.2","GSE214411","Myeloid",TRUE
1,-0.237594827980118,0,0,1,"COL2A1","GSE214411","Myeloid",TRUE
1,-0.237594827980118,0,0,1,"RP1-228P16.8","GSE214411","Myeloid",TRUE
1,-0.237594827980118,0,0,1,"RP11-474C8.8","GSE214411","Myeloid",TRUE
1,-0.237594827980118,0,0,1,"RP11-370I10.10","GSE214411","Myeloid",TRUE
1,-0.237594827980118,0,0,1,"RP11-370I10.6","GSE214411","Myeloid",TRUE
1,-0.237594827980118,0,0,1,"RP11-370I10.11","GSE214411","Myeloid",TRUE
1,-0.237594827980118,0,0,1,"C12orf54","GSE214411","Myeloid",TRUE
1,-0.237594827980118,0,0,1,"OR8S1","GSE214411","Myeloid",TRUE
1,-0.237594827980118,0,0,1,"DHH","GSE214411","Myeloid",TRUE
1,-0.237594827980118,0,0,1,"RP11-161H23.5","GSE214411","Myeloid",TRUE
1,-0.237594827980118,0,0,1,"PRPH","GSE214411","Myeloid",TRUE
1,-0.237594827980118,0,0,1,"BCDIN3D-AS1","GSE214411","Myeloid",TRUE
1,-0.237594827980118,0,0,1,"ASIC1","GSE214411","Myeloid",TRUE
1,-0.237594827980118,0,0,1,"GPD1","GSE214411","Myeloid",TRUE
1,-0.237594827980118,0,0,1,"RP3-405J10.4","GSE214411","Myeloid",TRUE
1,-0.237594827980118,0,0,1,"TMPRSS12","GSE214411","Myeloid",TRUE
1,-0.237594827980118,0,0,1,"HIGD1C","GSE214411","Myeloid",TRUE
1,-0.237594827980118,0,0,1,"SCN8A","GSE214411","Myeloid",TRUE
1,-0.237594827980118,0,0,1,"RP11-923I11.6","GSE214411","Myeloid",TRUE
1,-0.237594827980118,0,0,1,"RP3-416H24.1","GSE214411","Myeloid",TRUE
1,-0.237594827980118,0,0,1,"RP11-845M18.7","GSE214411","Myeloid",TRUE
1,-0.237594827980118,0,0,1,"RP11-845M18.6","GSE214411","Myeloid",TRUE
1,-0.237594827980118,0,0,1,"KRT83","GSE214411","Myeloid",TRUE
1,-0.237594827980118,0,0,1,"KRT85","GSE214411","Myeloid",TRUE
1,-0.237594827980118,0,0,1,"KRT6B","GSE214411","Myeloid",TRUE
1,-0.237594827980118,0,0,1,"KRT6C","GSE214411","Myeloid",TRUE
1,-0.237594827980118,0,0,1,"KRT6A","GSE214411","Myeloid",TRUE
1,-0.237594827980118,0,0,1,"KRT1","GSE214411","Myeloid",TRUE
1,-0.237594827980118,0,0,1,"KRT4","GSE214411","Myeloid",TRUE
1,-0.237594827980118,0,0,1,"KRT79","GSE214411","Myeloid",TRUE
1,-0.237594827980118,0,0,1,"KRT78","GSE214411","Myeloid",TRUE
1,-0.237594827980118,0,0,1,"AMHR2","GSE214411","Myeloid",TRUE
1,-0.237594827980118,0,0,1,"NPFF","GSE214411","Myeloid",TRUE
1,-0.237594827980118,0,0,1,"HOXC13","GSE214411","Myeloid",TRUE
1,-0.237594827980118,0,0,1,"HOXC10","GSE214411","Myeloid",TRUE
1,-0.237594827980118,0,0,1,"HOXC6","GSE214411","Myeloid",TRUE
1,-0.237594827980118,0,0,1,"HOXC9","GSE214411","Myeloid",TRUE
1,-0.237594827980118,0,0,1,"HOXC8","GSE214411","Myeloid",TRUE
1,-0.237594827980118,0,0,1,"RP11-834C11.6","GSE214411","Myeloid",TRUE
1,-0.237594827980118,0,0,1,"RP11-753H16.5","GSE214411","Myeloid",TRUE
1,-0.237594827980118,0,0,1,"RP11-973D8.4","GSE214411","Myeloid",TRUE
1,-0.237594827980118,0,0,1,"RP11-603J24.21","GSE214411","Myeloid",TRUE
1,-0.237594827980118,0,0,1,"RP11-603J24.14","GSE214411","Myeloid",TRUE
1,-0.237594827980118,0,0,1,"SLC39A5","GSE214411","Myeloid",TRUE
1,-0.237594827980118,0,0,1,"RP11-977G19.14","GSE214411","Myeloid",TRUE
1,-0.237594827980118,0,0,1,"MIP","GSE214411","Myeloid",TRUE
1,-0.237594827980118,0,0,1,"GLS2","GSE214411","Myeloid",TRUE
1,-0.237594827980118,0,0,1,"SDR9C7","GSE214411","Myeloid",TRUE
1,-0.237594827980118,0,0,1,"TAC3","GSE214411","Myeloid",TRUE
1,-0.237594827980118,0,0,1,"INHBC","GSE214411","Myeloid",TRUE
1,-0.237594827980118,0,0,1,"INHBE","GSE214411","Myeloid",TRUE
1,-0.237594827980118,0,0,1,"RP11-571M6.18","GSE214411","Myeloid",TRUE
1,-0.237594827980118,0,0,1,"RP11-767I20.1","GSE214411","Myeloid",TRUE
1,-0.237594827980118,0,0,1,"RP11-150C16.1","GSE214411","Myeloid",TRUE
1,-0.237594827980118,0,0,1,"RP11-415I12.3","GSE214411","Myeloid",TRUE
1,-0.237594827980118,0,0,1,"RP11-196H14.3","GSE214411","Myeloid",TRUE
1,-0.237594827980118,0,0,1,"C12orf56","GSE214411","Myeloid",TRUE
1,-0.237594827980118,0,0,1,"RP11-338E21.1","GSE214411","Myeloid",TRUE
1,-0.237594827980118,0,0,1,"RP11-629N8.3","GSE214411","Myeloid",TRUE
1,-0.237594827980118,0,0,1,"RP11-766N7.3","GSE214411","Myeloid",TRUE
1,-0.237594827980118,0,0,1,"RP11-745O10.4","GSE214411","Myeloid",TRUE
1,-0.237594827980118,0,0,1,"LLPH-AS1","GSE214411","Myeloid",TRUE
1,-0.237594827980118,0,0,1,"RP11-335O4.3","GSE214411","Myeloid",TRUE
1,-0.237594827980118,0,0,1,"IFNG-AS1","GSE214411","Myeloid",TRUE
1,-0.237594827980118,0,0,1,"RP11-81H14.1","GSE214411","Myeloid",TRUE
1,-0.237594827980118,0,0,1,"RP11-956E11.1","GSE214411","Myeloid",TRUE
1,-0.237594827980118,0,0,1,"MYRFL","GSE214411","Myeloid",TRUE
1,-0.237594827980118,0,0,1,"RP11-320P7.2","GSE214411","Myeloid",TRUE
1,-0.237594827980118,0,0,1,"PTPRR","GSE214411","Myeloid",TRUE
1,-0.237594827980118,0,0,1,"CTD-2021H9.3","GSE214411","Myeloid",TRUE
1,-0.237594827980118,0,0,1,"RP11-2H8.2","GSE214411","Myeloid",TRUE
1,-0.237594827980118,0,0,1,"TPH2","GSE214411","Myeloid",TRUE
1,-0.237594827980118,0,0,1,"RP11-81H3.2","GSE214411","Myeloid",TRUE
1,-0.237594827980118,0,0,1,"RP11-56G10.2","GSE214411","Myeloid",TRUE
1,-0.237594827980118,0,0,1,"RP11-54A9.1","GSE214411","Myeloid",TRUE
1,-0.237594827980118,0,0,1,"RP1-34H18.1","GSE214411","Myeloid",TRUE
1,-0.237594827980118,0,0,1,"RP11-781A6.1","GSE214411","Myeloid",TRUE
1,-0.237594827980118,0,0,1,"RP11-543H12.1","GSE214411","Myeloid",TRUE
1,-0.237594827980118,0,0,1,"PPFIA2","GSE214411","Myeloid",TRUE
1,-0.237594827980118,0,0,1,"RP11-121G22.3","GSE214411","Myeloid",TRUE
1,-0.237594827980118,0,0,1,"RP11-362A1.1","GSE214411","Myeloid",TRUE
1,-0.237594827980118,0,0,1,"RP11-263K4.3","GSE214411","Myeloid",TRUE
1,-0.237594827980118,0,0,1,"RP11-87P13.2","GSE214411","Myeloid",TRUE
1,-0.237594827980118,0,0,1,"RP11-193M21.1","GSE214411","Myeloid",TRUE
1,-0.237594827980118,0,0,1,"NTS","GSE214411","Myeloid",TRUE
1,-0.237594827980118,0,0,1,"MGAT4C","GSE214411","Myeloid",TRUE
1,-0.237594827980118,0,0,1,"RP11-900F13.3","GSE214411","Myeloid",TRUE
1,-0.237594827980118,0,0,1,"RP11-1109F11.5","GSE214411","Myeloid",TRUE
1,-0.237594827980118,0,0,1,"EPYC","GSE214411","Myeloid",TRUE
1,-0.237594827980118,0,0,1,"RP11-121E16.1","GSE214411","Myeloid",TRUE
1,-0.237594827980118,0,0,1,"C12orf74","GSE214411","Myeloid",TRUE
1,-0.237594827980118,0,0,1,"RP11-511B23.2","GSE214411","Myeloid",TRUE
1,-0.237594827980118,0,0,1,"RP11-511B23.3","GSE214411","Myeloid",TRUE
1,-0.237594827980118,0,0,1,"RP11-486A14.2","GSE214411","Myeloid",TRUE
1,-0.237594827980118,0,0,1,"RP11-887P2.5","GSE214411","Myeloid",TRUE
1,-0.237594827980118,0,0,1,"RP11-1060G2.2","GSE214411","Myeloid",TRUE
1,-0.237594827980118,0,0,1,"RP11-536G4.2","GSE214411","Myeloid",TRUE
1,-0.237594827980118,0,0,1,"CCDC38","GSE214411","Myeloid",TRUE
1,-0.237594827980118,0,0,1,"RP11-256L6.3","GSE214411","Myeloid",TRUE
1,-0.237594827980118,0,0,1,"SLC17A8","GSE214411","Myeloid",TRUE
1,-0.237594827980118,0,0,1,"MYBPC1","GSE214411","Myeloid",TRUE
1,-0.237594827980118,0,0,1,"RP11-285E23.2","GSE214411","Myeloid",TRUE
1,-0.237594827980118,0,0,1,"RP11-554E23.2","GSE214411","Myeloid",TRUE
1,-0.237594827980118,0,0,1,"RP11-554E23.4","GSE214411","Myeloid",TRUE
1,-0.237594827980118,0,0,1,"PMCH","GSE214411","Myeloid",TRUE
1,-0.237594827980118,0,0,1,"LINC00485","GSE214411","Myeloid",TRUE
1,-0.237594827980118,0,0,1,"ASCL1","GSE214411","Myeloid",TRUE
1,-0.237594827980118,0,0,1,"RP11-650K20.2","GSE214411","Myeloid",TRUE
1,-0.237594827980118,0,0,1,"RP11-650K20.3","GSE214411","Myeloid",TRUE
1,-0.237594827980118,0,0,1,"RP11-61E11.1","GSE214411","Myeloid",TRUE
1,-0.237594827980118,0,0,1,"RP11-61E11.2","GSE214411","Myeloid",TRUE
1,-0.237594827980118,0,0,1,"CASC18","GSE214411","Myeloid",TRUE
1,-0.237594827980118,0,0,1,"RP11-482D24.2","GSE214411","Myeloid",TRUE
1,-0.237594827980118,0,0,1,"RP11-482D24.3","GSE214411","Myeloid",TRUE
1,-0.237594827980118,0,0,1,"RP11-864J10.4","GSE214411","Myeloid",TRUE
1,-0.237594827980118,0,0,1,"WSCD2","GSE214411","Myeloid",TRUE
1,-0.237594827980118,0,0,1,"FOXN4","GSE214411","Myeloid",TRUE
1,-0.237594827980118,0,0,1,"FAM222A-AS1","GSE214411","Myeloid",TRUE
1,-0.237594827980118,0,0,1,"RP11-837J7.4","GSE214411","Myeloid",TRUE
1,-0.237594827980118,0,0,1,"RP11-686G8.5","GSE214411","Myeloid",TRUE
1,-0.237594827980118,0,0,1,"RP3-521E19.2","GSE214411","Myeloid",TRUE
1,-0.237594827980118,0,0,1,"LINC01234","GSE214411","Myeloid",TRUE
1,-0.237594827980118,0,0,1,"RP4-601P9.2","GSE214411","Myeloid",TRUE
1,-0.237594827980118,0,0,1,"RP11-116D17.3","GSE214411","Myeloid",TRUE
1,-0.237594827980118,0,0,1,"RP11-240G22.5","GSE214411","Myeloid",TRUE
1,-0.237594827980118,0,0,1,"RP11-131L12.2","GSE214411","Myeloid",TRUE
1,-0.237594827980118,0,0,1,"RP11-131L12.3","GSE214411","Myeloid",TRUE
1,-0.237594827980118,0,0,1,"RP11-64B16.3","GSE214411","Myeloid",TRUE
1,-0.237594827980118,0,0,1,"RP11-64B16.4","GSE214411","Myeloid",TRUE
1,-0.237594827980118,0,0,1,"RP1-127H14.3","GSE214411","Myeloid",TRUE
1,-0.237594827980118,0,0,1,"AC004813.1","GSE214411","Myeloid",TRUE
1,-0.237594827980118,0,0,1,"PLA2G1B","GSE214411","Myeloid",TRUE
1,-0.237594827980118,0,0,1,"RP11-18C24.8","GSE214411","Myeloid",TRUE
1,-0.237594827980118,0,0,1,"CABP1","GSE214411","Myeloid",TRUE
1,-0.237594827980118,0,0,1,"RP11-173P15.9","GSE214411","Myeloid",TRUE
1,-0.237594827980118,0,0,1,"HNF1A","GSE214411","Myeloid",TRUE
1,-0.237594827980118,0,0,1,"HPD","GSE214411","Myeloid",TRUE
1,-0.237594827980118,0,0,1,"CLIP1-AS1","GSE214411","Myeloid",TRUE
1,-0.237594827980118,0,0,1,"RP11-282O18.3","GSE214411","Myeloid",TRUE
1,-0.237594827980118,0,0,1,"RP11-282O18.7","GSE214411","Myeloid",TRUE
1,-0.237594827980118,0,0,1,"FAM101A","GSE214411","Myeloid",TRUE
1,-0.237594827980118,0,0,1,"RP11-214K3.25","GSE214411","Myeloid",TRUE
1,-0.237594827980118,0,0,1,"LINC00939","GSE214411","Myeloid",TRUE
1,-0.237594827980118,0,0,1,"RP3-446N13.5","GSE214411","Myeloid",TRUE
1,-0.237594827980118,0,0,1,"RP11-575F12.2","GSE214411","Myeloid",TRUE
1,-0.237594827980118,0,0,1,"RP11-575F12.3","GSE214411","Myeloid",TRUE
1,-0.237594827980118,0,0,1,"RP11-337L12.1","GSE214411","Myeloid",TRUE
1,-0.237594827980118,0,0,1,"RP11-572C21.1","GSE214411","Myeloid",TRUE
1,-0.237594827980118,0,0,1,"RP11-474D1.3","GSE214411","Myeloid",TRUE
1,-0.237594827980118,0,0,1,"RP11-474D1.2","GSE214411","Myeloid",TRUE
1,-0.237594827980118,0,0,1,"RP11-143E21.6","GSE214411","Myeloid",TRUE
1,-0.237594827980118,0,0,1,"RIMBP2","GSE214411","Myeloid",TRUE
1,-0.237594827980118,0,0,1,"RP11-243M5.1","GSE214411","Myeloid",TRUE
1,-0.237594827980118,0,0,1,"RP11-76C10.5","GSE214411","Myeloid",TRUE
1,-0.237594827980118,0,0,1,"RP11-495K9.3","GSE214411","Myeloid",TRUE
1,-0.237594827980118,0,0,1,"RP13-820C6.4","GSE214411","Myeloid",TRUE
1,-0.237594827980118,0,0,1,"RP13-554M15.8","GSE214411","Myeloid",TRUE
1,-0.237594827980118,0,0,1,"P2RX2","GSE214411","Myeloid",TRUE
1,-0.237594827980118,0,0,1,"RP11-386I8.6","GSE214411","Myeloid",TRUE
1,-0.237594827980118,0,0,1,"CTD-2140B24.6","GSE214411","Myeloid",TRUE
1,-0.237594827980118,0,0,1,"RP11-523H24.3","GSE214411","Myeloid",TRUE
1,-0.237594827980118,0,0,1,"RP11-61K9.2","GSE214411","Myeloid",TRUE
1,-0.237594827980118,0,0,1,"C1QTNF9B","GSE214411","Myeloid",TRUE
1,-0.237594827980118,0,0,1,"RP11-307N16.6","GSE214411","Myeloid",TRUE
1,-0.237594827980118,0,0,1,"SPATA13.1","GSE214411","Myeloid",TRUE
1,-0.237594827980118,0,0,1,"LINC00566","GSE214411","Myeloid",TRUE
1,-0.237594827980118,0,0,1,"ATP12A","GSE214411","Myeloid",TRUE
1,-0.237594827980118,0,0,1,"SHISA2","GSE214411","Myeloid",TRUE
1,-0.237594827980118,0,0,1,"WASF3-AS1","GSE214411","Myeloid",TRUE
1,-0.237594827980118,0,0,1,"USP12-AS2","GSE214411","Myeloid",TRUE
1,-0.237594827980118,0,0,1,"RP11-428O18.6","GSE214411","Myeloid",TRUE
1,-0.237594827980118,0,0,1,"LINC00412","GSE214411","Myeloid",TRUE
1,-0.237594827980118,0,0,1,"LINC00365","GSE214411","Myeloid",TRUE
1,-0.237594827980118,0,0,1,"LINC00384","GSE214411","Myeloid",TRUE
1,-0.237594827980118,0,0,1,"TEX26-AS1","GSE214411","Myeloid",TRUE
1,-0.237594827980118,0,0,1,"LINC00545","GSE214411","Myeloid",TRUE
1,-0.237594827980118,0,0,1,"TEX26","GSE214411","Myeloid",TRUE
1,-0.237594827980118,0,0,1,"ZAR1L","GSE214411","Myeloid",TRUE
1,-0.237594827980118,0,0,1,"RP11-141M1.3","GSE214411","Myeloid",TRUE
1,-0.237594827980118,0,0,1,"RP11-16D22.2","GSE214411","Myeloid",TRUE
1,-0.237594827980118,0,0,1,"MAB21L1","GSE214411","Myeloid",TRUE
1,-0.237594827980118,0,0,1,"LINC00445","GSE214411","Myeloid",TRUE
1,-0.237594827980118,0,0,1,"SOHLH2","GSE214411","Myeloid",TRUE
1,-0.237594827980118,0,0,1,"LINC01048","GSE214411","Myeloid",TRUE
1,-0.237594827980118,0,0,1,"LINC00437","GSE214411","Myeloid",TRUE
1,-0.237594827980118,0,0,1,"RP11-50D16.4","GSE214411","Myeloid",TRUE
1,-0.237594827980118,0,0,1,"LINC00332","GSE214411","Myeloid",TRUE
1,-0.237594827980118,0,0,1,"LINC00548","GSE214411","Myeloid",TRUE
1,-0.237594827980118,0,0,1,"RP11-172E9.2","GSE214411","Myeloid",TRUE
1,-0.237594827980118,0,0,1,"LINC00598","GSE214411","Myeloid",TRUE
1,-0.237594827980118,0,0,1,"VWA8-AS1","GSE214411","Myeloid",TRUE
1,-0.237594827980118,0,0,1,"RP11-187A9.3","GSE214411","Myeloid",TRUE
1,-0.237594827980118,0,0,1,"RP11-269C23.5","GSE214411","Myeloid",TRUE
1,-0.237594827980118,0,0,1,"TUSC8","GSE214411","Myeloid",TRUE
1,-0.237594827980118,0,0,1,"RP11-442J21.2","GSE214411","Myeloid",TRUE
1,-0.237594827980118,0,0,1,"CPB2","GSE214411","Myeloid",TRUE
1,-0.237594827980118,0,0,1,"LRRC63","GSE214411","Myeloid",TRUE
1,-0.237594827980118,0,0,1,"HTR2A","GSE214411","Myeloid",TRUE
1,-0.237594827980118,0,0,1,"RP11-279N8.1","GSE214411","Myeloid",TRUE
1,-0.237594827980118,0,0,1,"SUCLA2-AS1","GSE214411","Myeloid",TRUE
1,-0.237594827980118,0,0,1,"MED4-AS1","GSE214411","Myeloid",TRUE
1,-0.237594827980118,0,0,1,"RP11-248G5.9","GSE214411","Myeloid",TRUE
1,-0.237594827980118,0,0,1,"LINC00458","GSE214411","Myeloid",TRUE
1,-0.237594827980118,0,0,1,"PCDH20","GSE214411","Myeloid",TRUE
1,-0.237594827980118,0,0,1,"LINC00393","GSE214411","Myeloid",TRUE
1,-0.237594827980118,0,0,1,"LINC00402","GSE214411","Myeloid",TRUE
1,-0.237594827980118,0,0,1,"AC001226.7","GSE214411","Myeloid",TRUE
1,-0.237594827980118,0,0,1,"SCEL","GSE214411","Myeloid",TRUE
1,-0.237594827980118,0,0,1,"EDNRB-AS1","GSE214411","Myeloid",TRUE
1,-0.237594827980118,0,0,1,"RNF219-AS1","GSE214411","Myeloid",TRUE
1,-0.237594827980118,0,0,1,"POU4F1","GSE214411","Myeloid",TRUE
1,-0.237594827980118,0,0,1,"LINC01068","GSE214411","Myeloid",TRUE
1,-0.237594827980118,0,0,1,"GPC5-AS1","GSE214411","Myeloid",TRUE
1,-0.237594827980118,0,0,1,"RP11-632L2.2","GSE214411","Myeloid",TRUE
1,-0.237594827980118,0,0,1,"DCT","GSE214411","Myeloid",TRUE
1,-0.237594827980118,0,0,1,"SOX21-AS1","GSE214411","Myeloid",TRUE
1,-0.237594827980118,0,0,1,"CLDN10-AS1","GSE214411","Myeloid",TRUE
1,-0.237594827980118,0,0,1,"OXGR1","GSE214411","Myeloid",TRUE
1,-0.237594827980118,0,0,1,"RNF113B","GSE214411","Myeloid",TRUE
1,-0.237594827980118,0,0,1,"ZIC2","GSE214411","Myeloid",TRUE
1,-0.237594827980118,0,0,1,"NALCN","GSE214411","Myeloid",TRUE
1,-0.237594827980118,0,0,1,"RP11-29B2.6","GSE214411","Myeloid",TRUE
1,-0.237594827980118,0,0,1,"LINC00460","GSE214411","Myeloid",TRUE
1,-0.237594827980118,0,0,1,"LINC00551","GSE214411","Myeloid",TRUE
1,-0.237594827980118,0,0,1,"LINC00443","GSE214411","Myeloid",TRUE
1,-0.237594827980118,0,0,1,"RP11-40E6.2","GSE214411","Myeloid",TRUE
1,-0.237594827980118,0,0,1,"RP11-403A3.3","GSE214411","Myeloid",TRUE
1,-0.237594827980118,0,0,1,"RP11-403A3.2","GSE214411","Myeloid",TRUE
1,-0.237594827980118,0,0,1,"LINC00431","GSE214411","Myeloid",TRUE
1,-0.237594827980118,0,0,1,"RP11-120K24.3","GSE214411","Myeloid",TRUE
1,-0.237594827980118,0,0,1,"RP11-98F14.11","GSE214411","Myeloid",TRUE
1,-0.237594827980118,0,0,1,"GRTP1-AS1","GSE214411","Myeloid",TRUE
1,-0.237594827980118,0,0,1,"DCUN1D2-AS","GSE214411","Myeloid",TRUE
1,-0.237594827980118,0,0,1,"ATP4B","GSE214411","Myeloid",TRUE
1,-0.237594827980118,0,0,1,"LINC01297","GSE214411","Myeloid",TRUE
1,-0.237594827980118,0,0,1,"RP11-203M5.2","GSE214411","Myeloid",TRUE
1,-0.237594827980118,0,0,1,"KLHL33","GSE214411","Myeloid",TRUE
1,-0.237594827980118,0,0,1,"RP11-903H12.3","GSE214411","Myeloid",TRUE
1,-0.237594827980118,0,0,1,"EDDM3A","GSE214411","Myeloid",TRUE
1,-0.237594827980118,0,0,1,"EDDM3B","GSE214411","Myeloid",TRUE
1,-0.237594827980118,0,0,1,"SLC39A2","GSE214411","Myeloid",TRUE
1,-0.237594827980118,0,0,1,"TPPP2","GSE214411","Myeloid",TRUE
1,-0.237594827980118,0,0,1,"AL161668.5","GSE214411","Myeloid",TRUE
1,-0.237594827980118,0,0,1,"AE000658.22","GSE214411","Myeloid",TRUE
1,-0.237594827980118,0,0,1,"TRAV1-2","GSE214411","Myeloid",TRUE
1,-0.237594827980118,0,0,1,"TRAV2","GSE214411","Myeloid",TRUE
1,-0.237594827980118,0,0,1,"TRAV4","GSE214411","Myeloid",TRUE
1,-0.237594827980118,0,0,1,"TRAV6","GSE214411","Myeloid",TRUE
1,-0.237594827980118,0,0,1,"TRAV12-1","GSE214411","Myeloid",TRUE
1,-0.237594827980118,0,0,1,"TRAV8-2","GSE214411","Myeloid",TRUE
1,-0.237594827980118,0,0,1,"TRAV8-3","GSE214411","Myeloid",TRUE
1,-0.237594827980118,0,0,1,"TRAV13-1","GSE214411","Myeloid",TRUE
1,-0.237594827980118,0,0,1,"TRAV12-2","GSE214411","Myeloid",TRUE
1,-0.237594827980118,0,0,1,"TRAV8-4","GSE214411","Myeloid",TRUE
1,-0.237594827980118,0,0,1,"TRAV13-2","GSE214411","Myeloid",TRUE
1,-0.237594827980118,0,0,1,"TRAV14DV4","GSE214411","Myeloid",TRUE
1,-0.237594827980118,0,0,1,"TRAV9-2","GSE214411","Myeloid",TRUE
1,-0.237594827980118,0,0,1,"TRAV8-6","GSE214411","Myeloid",TRUE
1,-0.237594827980118,0,0,1,"TRAV16","GSE214411","Myeloid",TRUE
1,-0.237594827980118,0,0,1,"TRAV17","GSE214411","Myeloid",TRUE
1,-0.237594827980118,0,0,1,"TRAV20","GSE214411","Myeloid",TRUE
1,-0.237594827980118,0,0,1,"TRAV21","GSE214411","Myeloid",TRUE
1,-0.237594827980118,0,0,1,"TRAV22","GSE214411","Myeloid",TRUE
1,-0.237594827980118,0,0,1,"TRAV23DV6","GSE214411","Myeloid",TRUE
1,-0.237594827980118,0,0,1,"TRDV1","GSE214411","Myeloid",TRUE
1,-0.237594827980118,0,0,1,"TRAV25","GSE214411","Myeloid",TRUE
1,-0.237594827980118,0,0,1,"TRAV26-1","GSE214411","Myeloid",TRUE
1,-0.237594827980118,0,0,1,"TRAV27","GSE214411","Myeloid",TRUE
1,-0.237594827980118,0,0,1,"TRAV29DV5","GSE214411","Myeloid",TRUE
1,-0.237594827980118,0,0,1,"TRAV30","GSE214411","Myeloid",TRUE
1,-0.237594827980118,0,0,1,"TRAV36DV7","GSE214411","Myeloid",TRUE
1,-0.237594827980118,0,0,1,"TRDV2","GSE214411","Myeloid",TRUE
1,-0.237594827980118,0,0,1,"TRDV3","GSE214411","Myeloid",TRUE
1,-0.237594827980118,0,0,1,"AE000662.92","GSE214411","Myeloid",TRUE
1,-0.237594827980118,0,0,1,"CH17-302M23.1","GSE214411","Myeloid",TRUE
1,-0.237594827980118,0,0,1,"RP11-298I3.4","GSE214411","Myeloid",TRUE
1,-0.237594827980118,0,0,1,"RNF212B","GSE214411","Myeloid",TRUE
1,-0.237594827980118,0,0,1,"BCL2L2-PABPN1","GSE214411","Myeloid",TRUE
1,-0.237594827980118,0,0,1,"IL25","GSE214411","Myeloid",TRUE
1,-0.237594827980118,0,0,1,"CMTM5","GSE214411","Myeloid",TRUE
1,-0.237594827980118,0,0,1,"RP11-66N24.6","GSE214411","Myeloid",TRUE
1,-0.237594827980118,0,0,1,"DHRS2","GSE214411","Myeloid",TRUE
1,-0.237594827980118,0,0,1,"LRRC16B","GSE214411","Myeloid",TRUE
1,-0.237594827980118,0,0,1,"TSSK4","GSE214411","Myeloid",TRUE
1,-0.237594827980118,0,0,1,"RP11-80A15.1","GSE214411","Myeloid",TRUE
1,-0.237594827980118,0,0,1,"CMA1","GSE214411","Myeloid",TRUE
1,-0.237594827980118,0,0,1,"CTD-2503I6.1","GSE214411","Myeloid",TRUE
1,-0.237594827980118,0,0,1,"RP11-671J11.7","GSE214411","Myeloid",TRUE
1,-0.237594827980118,0,0,1,"INSM2","GSE214411","Myeloid",TRUE
1,-0.237594827980118,0,0,1,"RP11-317N8.3","GSE214411","Myeloid",TRUE
1,-0.237594827980118,0,0,1,"PAX9","GSE214411","Myeloid",TRUE
1,-0.237594827980118,0,0,1,"RP11-356O9.1","GSE214411","Myeloid",TRUE
1,-0.237594827980118,0,0,1,"TTC6","GSE214411","Myeloid",TRUE
1,-0.237594827980118,0,0,1,"SSTR1","GSE214411","Myeloid",TRUE
1,-0.237594827980118,0,0,1,"RP11-545M17.1","GSE214411","Myeloid",TRUE
1,-0.237594827980118,0,0,1,"RP11-407N17.4","GSE214411","Myeloid",TRUE
1,-0.237594827980118,0,0,1,"RP11-407N17.3","GSE214411","Myeloid",TRUE
1,-0.237594827980118,0,0,1,"RP11-111A21.1","GSE214411","Myeloid",TRUE
1,-0.237594827980118,0,0,1,"RP11-662J14.2","GSE214411","Myeloid",TRUE
1,-0.237594827980118,0,0,1,"RP11-857B24.1","GSE214411","Myeloid",TRUE
1,-0.237594827980118,0,0,1,"RP11-857B24.5","GSE214411","Myeloid",TRUE
1,-0.237594827980118,0,0,1,"CTD-3028N15.3","GSE214411","Myeloid",TRUE
1,-0.237594827980118,0,0,1,"CTD-3028N15.1","GSE214411","Myeloid",TRUE
1,-0.237594827980118,0,0,1,"RP11-454K7.3","GSE214411","Myeloid",TRUE
1,-0.237594827980118,0,0,1,"RP11-369C8.1","GSE214411","Myeloid",TRUE
1,-0.237594827980118,0,0,1,"LINC00871","GSE214411","Myeloid",TRUE
1,-0.237594827980118,0,0,1,"MDGA2","GSE214411","Myeloid",TRUE
1,-0.237594827980118,0,0,1,"RP11-831F12.2","GSE214411","Myeloid",TRUE
1,-0.237594827980118,0,0,1,"RP11-247L20.4","GSE214411","Myeloid",TRUE
1,-0.237594827980118,0,0,1,"RP11-247L20.3","GSE214411","Myeloid",TRUE
1,-0.237594827980118,0,0,1,"RP11-218E20.3","GSE214411","Myeloid",TRUE
1,-0.237594827980118,0,0,1,"RP11-102G14.1","GSE214411","Myeloid",TRUE
1,-0.237594827980118,0,0,1,"RP11-665C16.5","GSE214411","Myeloid",TRUE
1,-0.237594827980118,0,0,1,"LINC00520","GSE214411","Myeloid",TRUE
1,-0.237594827980118,0,0,1,"RP11-108M12.3","GSE214411","Myeloid",TRUE
1,-0.237594827980118,0,0,1,"LINC00216","GSE214411","Myeloid",TRUE
1,-0.237594827980118,0,0,1,"RP11-517O13.1","GSE214411","Myeloid",TRUE
1,-0.237594827980118,0,0,1,"RP11-16B13.1","GSE214411","Myeloid",TRUE
1,-0.237594827980118,0,0,1,"CTD-2568P8.1","GSE214411","Myeloid",TRUE
1,-0.237594827980118,0,0,1,"SIX1","GSE214411","Myeloid",TRUE
1,-0.237594827980118,0,0,1,"RP11-47I22.1","GSE214411","Myeloid",TRUE
1,-0.237594827980118,0,0,1,"CTD-2277K2.1","GSE214411","Myeloid",TRUE
1,-0.237594827980118,0,0,1,"SYT16","GSE214411","Myeloid",TRUE
1,-0.237594827980118,0,0,1,"KCNH5","GSE214411","Myeloid",TRUE
1,-0.237594827980118,0,0,1,"RP11-696D21.2","GSE214411","Myeloid",TRUE
1,-0.237594827980118,0,0,1,"CTD-2555O16.1","GSE214411","Myeloid",TRUE
1,-0.237594827980118,0,0,1,"CTD-2555O16.2","GSE214411","Myeloid",TRUE
1,-0.237594827980118,0,0,1,"SPTB","GSE214411","Myeloid",TRUE
1,-0.237594827980118,0,0,1,"CHURC1-FNTB","GSE214411","Myeloid",TRUE
1,-0.237594827980118,0,0,1,"GPX2","GSE214411","Myeloid",TRUE
1,-0.237594827980118,0,0,1,"RP11-840I19.3","GSE214411","Myeloid",TRUE
1,-0.237594827980118,0,0,1,"CTD-2014B16.3","GSE214411","Myeloid",TRUE
1,-0.237594827980118,0,0,1,"RP11-1012A1.4","GSE214411","Myeloid",TRUE
1,-0.237594827980118,0,0,1,"CTD-2325P2.4","GSE214411","Myeloid",TRUE
1,-0.237594827980118,0,0,1,"ACTN1-AS1","GSE214411","Myeloid",TRUE
1,-0.237594827980118,0,0,1,"CCDC177","GSE214411","Myeloid",TRUE
1,-0.237594827980118,0,0,1,"SLC10A1","GSE214411","Myeloid",TRUE
1,-0.237594827980118,0,0,1,"SLC8A3","GSE214411","Myeloid",TRUE
1,-0.237594827980118,0,0,1,"ADAM21","GSE214411","Myeloid",TRUE
1,-0.237594827980118,0,0,1,"ADAM20P1","GSE214411","Myeloid",TRUE
1,-0.237594827980118,0,0,1,"LINC01269","GSE214411","Myeloid",TRUE
1,-0.237594827980118,0,0,1,"RP6-65G23.5","GSE214411","Myeloid",TRUE
1,-0.237594827980118,0,0,1,"RP6-91H8.1","GSE214411","Myeloid",TRUE
1,-0.237594827980118,0,0,1,"HEATR4","GSE214411","Myeloid",TRUE
1,-0.237594827980118,0,0,1,"RP4-693M11.3","GSE214411","Myeloid",TRUE
1,-0.237594827980118,0,0,1,"RP5-1021I20.4","GSE214411","Myeloid",TRUE
1,-0.237594827980118,0,0,1,"AC005480.1","GSE214411","Myeloid",TRUE
1,-0.237594827980118,0,0,1,"PROX2","GSE214411","Myeloid",TRUE
1,-0.237594827980118,0,0,1,"RP11-293M10.1","GSE214411","Myeloid",TRUE
1,-0.237594827980118,0,0,1,"RP11-99E15.2","GSE214411","Myeloid",TRUE
1,-0.237594827980118,0,0,1,"RP11-7F17.3","GSE214411","Myeloid",TRUE
1,-0.237594827980118,0,0,1,"ISM2","GSE214411","Myeloid",TRUE
1,-0.237594827980118,0,0,1,"RP11-232C2.2","GSE214411","Myeloid",TRUE
1,-0.237594827980118,0,0,1,"RP11-242P2.2","GSE214411","Myeloid",TRUE
1,-0.237594827980118,0,0,1,"RP11-242P2.1","GSE214411","Myeloid",TRUE
1,-0.237594827980118,0,0,1,"RP11-406A9.2","GSE214411","Myeloid",TRUE
1,-0.237594827980118,0,0,1,"RP11-497E19.1","GSE214411","Myeloid",TRUE
1,-0.237594827980118,0,0,1,"RP11-497E19.2","GSE214411","Myeloid",TRUE
1,-0.237594827980118,0,0,1,"RP11-594C13.1","GSE214411","Myeloid",TRUE
1,-0.237594827980118,0,0,1,"RP11-325D8.1","GSE214411","Myeloid",TRUE
1,-0.237594827980118,0,0,1,"RP11-507K2.2","GSE214411","Myeloid",TRUE
1,-0.237594827980118,0,0,1,"RP11-507K2.3","GSE214411","Myeloid",TRUE
1,-0.237594827980118,0,0,1,"RP11-976B16.1","GSE214411","Myeloid",TRUE
1,-0.237594827980118,0,0,1,"RP11-681H18.2","GSE214411","Myeloid",TRUE
1,-0.237594827980118,0,0,1,"RP11-944C7.1","GSE214411","Myeloid",TRUE
1,-0.237594827980118,0,0,1,"RP11-471B22.2","GSE214411","Myeloid",TRUE
1,-0.237594827980118,0,0,1,"CTD-3035D6.2","GSE214411","Myeloid",TRUE
1,-0.237594827980118,0,0,1,"COX8C","GSE214411","Myeloid",TRUE
1,-0.237594827980118,0,0,1,"PRIMA1","GSE214411","Myeloid",TRUE
1,-0.237594827980118,0,0,1,"FAM181A-AS1","GSE214411","Myeloid",TRUE
1,-0.237594827980118,0,0,1,"FAM181A","GSE214411","Myeloid",TRUE
1,-0.237594827980118,0,0,1,"SERPINA11","GSE214411","Myeloid",TRUE
1,-0.237594827980118,0,0,1,"TCL1B","GSE214411","Myeloid",TRUE
1,-0.237594827980118,0,0,1,"TCL1A","GSE214411","Myeloid",TRUE
1,-0.237594827980118,0,0,1,"BDKRB1","GSE214411","Myeloid",TRUE
1,-0.237594827980118,0,0,1,"RP11-404P21.3","GSE214411","Myeloid",TRUE
1,-0.237594827980118,0,0,1,"RP11-433J8.1","GSE214411","Myeloid",TRUE
1,-0.237594827980118,0,0,1,"RP11-638I2.4","GSE214411","Myeloid",TRUE
1,-0.237594827980118,0,0,1,"SLC25A47","GSE214411","Myeloid",TRUE
1,-0.237594827980118,0,0,1,"RTL1","GSE214411","Myeloid",TRUE
1,-0.237594827980118,0,0,1,"SNHG24","GSE214411","Myeloid",TRUE
1,-0.237594827980118,0,0,1,"LINC00524","GSE214411","Myeloid",TRUE
1,-0.237594827980118,0,0,1,"LINC00239","GSE214411","Myeloid",TRUE
1,-0.237594827980118,0,0,1,"CTD-2017C7.2","GSE214411","Myeloid",TRUE
1,-0.237594827980118,0,0,1,"RP11-661D19.3","GSE214411","Myeloid",TRUE
1,-0.237594827980118,0,0,1,"RP11-365N19.2","GSE214411","Myeloid",TRUE
1,-0.237594827980118,0,0,1,"EXOC3L4","GSE214411","Myeloid",TRUE
1,-0.237594827980118,0,0,1,"LINC00605","GSE214411","Myeloid",TRUE
1,-0.237594827980118,0,0,1,"LINC00637","GSE214411","Myeloid",TRUE
1,-0.237594827980118,0,0,1,"CTD-2134A5.4","GSE214411","Myeloid",TRUE
1,-0.237594827980118,0,0,1,"RP11-260M19.2","GSE214411","Myeloid",TRUE
1,-0.237594827980118,0,0,1,"TMEM179","GSE214411","Myeloid",TRUE
1,-0.237594827980118,0,0,1,"RP11-982M15.8","GSE214411","Myeloid",TRUE
1,-0.237594827980118,0,0,1,"CTD-3051D23.1","GSE214411","Myeloid",TRUE
1,-0.237594827980118,0,0,1,"CTD-3051D23.4","GSE214411","Myeloid",TRUE
1,-0.237594827980118,0,0,1,"CTD-3051D23.3","GSE214411","Myeloid",TRUE
1,-0.237594827980118,0,0,1,"RP11-521B24.5","GSE214411","Myeloid",TRUE
1,-0.237594827980118,0,0,1,"AL928654.7","GSE214411","Myeloid",TRUE
1,-0.237594827980118,0,0,1,"IGHD","GSE214411","Myeloid",TRUE
1,-0.237594827980118,0,0,1,"IGHV1-2","GSE214411","Myeloid",TRUE
1,-0.237594827980118,0,0,1,"IGHV1-3","GSE214411","Myeloid",TRUE
1,-0.237594827980118,0,0,1,"IGHV3-11","GSE214411","Myeloid",TRUE
1,-0.237594827980118,0,0,1,"IGHV3-30","GSE214411","Myeloid",TRUE
1,-0.237594827980118,0,0,1,"IGHV1-46","GSE214411","Myeloid",TRUE
1,-0.237594827980118,0,0,1,"IGHV3-74","GSE214411","Myeloid",TRUE
1,-0.237594827980118,0,0,1,"RP11-509A17.3","GSE214411","Myeloid",TRUE
1,-0.237594827980118,0,0,1,"RP11-467L19.16","GSE214411","Myeloid",TRUE
1,-0.237594827980118,0,0,1,"RP11-403B2.7","GSE214411","Myeloid",TRUE
1,-0.237594827980118,0,0,1,"GOLGA6L1","GSE214411","Myeloid",TRUE
1,-0.237594827980118,0,0,1,"GOLGA8S","GSE214411","Myeloid",TRUE
1,-0.237594827980118,0,0,1,"GOLGA6L2","GSE214411","Myeloid",TRUE
1,-0.237594827980118,0,0,1,"MAGEL2","GSE214411","Myeloid",TRUE
1,-0.237594827980118,0,0,1,"PWRN3","GSE214411","Myeloid",TRUE
1,-0.237594827980118,0,0,1,"PWRN1","GSE214411","Myeloid",TRUE
1,-0.237594827980118,0,0,1,"RP11-701H24.3","GSE214411","Myeloid",TRUE
1,-0.237594827980118,0,0,1,"RP11-701H24.4","GSE214411","Myeloid",TRUE
1,-0.237594827980118,0,0,1,"GABRA5","GSE214411","Myeloid",TRUE
1,-0.237594827980118,0,0,1,"GABRG3","GSE214411","Myeloid",TRUE
1,-0.237594827980118,0,0,1,"OCA2","GSE214411","Myeloid",TRUE
1,-0.237594827980118,0,0,1,"GOLGA8G","GSE214411","Myeloid",TRUE
1,-0.237594827980118,0,0,1,"RP11-578F21.6","GSE214411","Myeloid",TRUE
1,-0.237594827980118,0,0,1,"FAM189A1","GSE214411","Myeloid",TRUE
1,-0.237594827980118,0,0,1,"TRPM1","GSE214411","Myeloid",TRUE
1,-0.237594827980118,0,0,1,"CHRNA7","GSE214411","Myeloid",TRUE
1,-0.237594827980118,0,0,1,"GOLGA8K","GSE214411","Myeloid",TRUE
1,-0.237594827980118,0,0,1,"RP11-758N13.1","GSE214411","Myeloid",TRUE
1,-0.237594827980118,0,0,1,"RP11-489D6.2","GSE214411","Myeloid",TRUE
1,-0.237594827980118,0,0,1,"CHRM5","GSE214411","Myeloid",TRUE
1,-0.237594827980118,0,0,1,"ACTC1","GSE214411","Myeloid",TRUE
1,-0.237594827980118,0,0,1,"RP11-323I15.5","GSE214411","Myeloid",TRUE
1,-0.237594827980118,0,0,1,"DPH6-AS1","GSE214411","Myeloid",TRUE
1,-0.237594827980118,0,0,1,"RP11-684B21.1","GSE214411","Myeloid",TRUE
1,-0.237594827980118,0,0,1,"RP11-128A17.1","GSE214411","Myeloid",TRUE
1,-0.237594827980118,0,0,1,"RP11-128A17.2","GSE214411","Myeloid",TRUE
1,-0.237594827980118,0,0,1,"RP11-275I4.1","GSE214411","Myeloid",TRUE
1,-0.237594827980118,0,0,1,"C15orf53","GSE214411","Myeloid",TRUE
1,-0.237594827980118,0,0,1,"RP11-326N17.2","GSE214411","Myeloid",TRUE
1,-0.237594827980118,0,0,1,"RP11-265N7.1","GSE214411","Myeloid",TRUE
1,-0.237594827980118,0,0,1,"RP11-325N19.3","GSE214411","Myeloid",TRUE
1,-0.237594827980118,0,0,1,"RP11-521C20.5","GSE214411","Myeloid",TRUE
1,-0.237594827980118,0,0,1,"PHGR1","GSE214411","Myeloid",TRUE
1,-0.237594827980118,0,0,1,"PPP1R14D","GSE214411","Myeloid",TRUE
1,-0.237594827980118,0,0,1,"RP11-540O11.6","GSE214411","Myeloid",TRUE
1,-0.237594827980118,0,0,1,"RP11-540O11.4","GSE214411","Myeloid",TRUE
1,-0.237594827980118,0,0,1,"EXD1","GSE214411","Myeloid",TRUE
1,-0.237594827980118,0,0,1,"RP11-107F6.3","GSE214411","Myeloid",TRUE
1,-0.237594827980118,0,0,1,"JMJD7","GSE214411","Myeloid",TRUE
1,-0.237594827980118,0,0,1,"JMJD7-PLA2G4B","GSE214411","Myeloid",TRUE
1,-0.237594827980118,0,0,1,"PLA2G4D","GSE214411","Myeloid",TRUE
1,-0.237594827980118,0,0,1,"CTD-2036P10.5","GSE214411","Myeloid",TRUE
1,-0.237594827980118,0,0,1,"TGM5","GSE214411","Myeloid",TRUE
1,-0.237594827980118,0,0,1,"TGM7","GSE214411","Myeloid",TRUE
1,-0.237594827980118,0,0,1,"CKMT1A","GSE214411","Myeloid",TRUE
1,-0.237594827980118,0,0,1,"ELL3","GSE214411","Myeloid",TRUE
1,-0.237594827980118,0,0,1,"FRMD5","GSE214411","Myeloid",TRUE
1,-0.237594827980118,0,0,1,"RP11-516C1.1","GSE214411","Myeloid",TRUE
1,-0.237594827980118,0,0,1,"CTD-2329K10.1","GSE214411","Myeloid",TRUE
1,-0.237594827980118,0,0,1,"DUOXA2","GSE214411","Myeloid",TRUE
1,-0.237594827980118,0,0,1,"CTD-2651B20.3","GSE214411","Myeloid",TRUE
1,-0.237594827980118,0,0,1,"SLC28A2","GSE214411","Myeloid",TRUE
1,-0.237594827980118,0,0,1,"RP11-627D16.1","GSE214411","Myeloid",TRUE
1,-0.237594827980118,0,0,1,"SLC24A5","GSE214411","Myeloid",TRUE
1,-0.237594827980118,0,0,1,"RP11-227D13.1","GSE214411","Myeloid",TRUE
1,-0.237594827980118,0,0,1,"SHC4","GSE214411","Myeloid",TRUE
1,-0.237594827980118,0,0,1,"RP11-562A8.4","GSE214411","Myeloid",TRUE
1,-0.237594827980118,0,0,1,"RP11-120K9.2","GSE214411","Myeloid",TRUE
1,-0.237594827980118,0,0,1,"CTD-2184D3.3","GSE214411","Myeloid",TRUE
1,-0.237594827980118,0,0,1,"CTD-2184D3.6","GSE214411","Myeloid",TRUE
1,-0.237594827980118,0,0,1,"RP11-23N2.4","GSE214411","Myeloid",TRUE
1,-0.237594827980118,0,0,1,"RP11-48G14.2","GSE214411","Myeloid",TRUE
1,-0.237594827980118,0,0,1,"RP11-48G14.1","GSE214411","Myeloid",TRUE
1,-0.237594827980118,0,0,1,"RP11-48G14.3","GSE214411","Myeloid",TRUE
1,-0.237594827980118,0,0,1,"CTD-2515H24.4","GSE214411","Myeloid",TRUE
1,-0.237594827980118,0,0,1,"CTD-2515H24.2","GSE214411","Myeloid",TRUE
1,-0.237594827980118,0,0,1,"RP11-344A16.2","GSE214411","Myeloid",TRUE
1,-0.237594827980118,0,0,1,"RP11-50C13.1","GSE214411","Myeloid",TRUE
1,-0.237594827980118,0,0,1,"RP11-30K9.5","GSE214411","Myeloid",TRUE
1,-0.237594827980118,0,0,1,"RP11-39M21.2","GSE214411","Myeloid",TRUE
1,-0.237594827980118,0,0,1,"RP11-507B12.2","GSE214411","Myeloid",TRUE
1,-0.237594827980118,0,0,1,"RP11-259A24.1","GSE214411","Myeloid",TRUE
1,-0.237594827980118,0,0,1,"RP11-162I7.1","GSE214411","Myeloid",TRUE
1,-0.237594827980118,0,0,1,"RP11-643M14.1","GSE214411","Myeloid",TRUE
1,-0.237594827980118,0,0,1,"RP11-625H11.2","GSE214411","Myeloid",TRUE
1,-0.237594827980118,0,0,1,"RP11-1069G10.2","GSE214411","Myeloid",TRUE
1,-0.237594827980118,0,0,1,"RP11-244F12.3","GSE214411","Myeloid",TRUE
1,-0.237594827980118,0,0,1,"RP11-244F12.2","GSE214411","Myeloid",TRUE
1,-0.237594827980118,0,0,1,"CTD-2116N17.1","GSE214411","Myeloid",TRUE
1,-0.237594827980118,0,0,1,"AC069368.3","GSE214411","Myeloid",TRUE
1,-0.237594827980118,0,0,1,"RP11-325L12.6","GSE214411","Myeloid",TRUE
1,-0.237594827980118,0,0,1,"LCTL","GSE214411","Myeloid",TRUE
1,-0.237594827980118,0,0,1,"RP11-622C24.2","GSE214411","Myeloid",TRUE
1,-0.237594827980118,0,0,1,"SKOR1","GSE214411","Myeloid",TRUE
1,-0.237594827980118,0,0,1,"NOX5","GSE214411","Myeloid",TRUE
1,-0.237594827980118,0,0,1,"EWSAT1","GSE214411","Myeloid",TRUE
1,-0.237594827980118,0,0,1,"RP11-352D13.6","GSE214411","Myeloid",TRUE
1,-0.237594827980118,0,0,1,"RP11-352D13.5","GSE214411","Myeloid",TRUE
1,-0.237594827980118,0,0,1,"DRAIC","GSE214411","Myeloid",TRUE
1,-0.237594827980118,0,0,1,"RP11-96C21.2","GSE214411","Myeloid",TRUE
1,-0.237594827980118,0,0,1,"SALRNA2","GSE214411","Myeloid",TRUE
1,-0.237594827980118,0,0,1,"RP11-138H8.2","GSE214411","Myeloid",TRUE
1,-0.237594827980118,0,0,1,"RP11-1123I8.1","GSE214411","Myeloid",TRUE
1,-0.237594827980118,0,0,1,"CELF6","GSE214411","Myeloid",TRUE
1,-0.237594827980118,0,0,1,"RP11-1006G14.2","GSE214411","Myeloid",TRUE
1,-0.237594827980118,0,0,1,"HIGD2B","GSE214411","Myeloid",TRUE
1,-0.237594827980118,0,0,1,"HCN4","GSE214411","Myeloid",TRUE
1,-0.237594827980118,0,0,1,"C15orf59-AS1","GSE214411","Myeloid",TRUE
1,-0.237594827980118,0,0,1,"CCDC33","GSE214411","Myeloid",TRUE
1,-0.237594827980118,0,0,1,"CTD-2311M21.3","GSE214411","Myeloid",TRUE
1,-0.237594827980118,0,0,1,"CTD-3154N5.2","GSE214411","Myeloid",TRUE
1,-0.237594827980118,0,0,1,"CTD-3154N5.1","GSE214411","Myeloid",TRUE
1,-0.237594827980118,0,0,1,"CYP1A1","GSE214411","Myeloid",TRUE
1,-0.237594827980118,0,0,1,"CPLX3","GSE214411","Myeloid",TRUE
1,-0.237594827980118,0,0,1,"CTD-2026K11.5","GSE214411","Myeloid",TRUE
1,-0.237594827980118,0,0,1,"NRG4","GSE214411","Myeloid",TRUE
1,-0.237594827980118,0,0,1,"RP11-593F23.1","GSE214411","Myeloid",TRUE
1,-0.237594827980118,0,0,1,"RP11-307C19.2","GSE214411","Myeloid",TRUE
1,-0.237594827980118,0,0,1,"RP11-114H24.6","GSE214411","Myeloid",TRUE
1,-0.237594827980118,0,0,1,"RP11-285A1.1","GSE214411","Myeloid",TRUE
1,-0.237594827980118,0,0,1,"RP11-650L12.2","GSE214411","Myeloid",TRUE
1,-0.237594827980118,0,0,1,"RP11-38G5.2","GSE214411","Myeloid",TRUE
1,-0.237594827980118,0,0,1,"ST20-MTHFS","GSE214411","Myeloid",TRUE
1,-0.237594827980118,0,0,1,"RP11-2E17.2","GSE214411","Myeloid",TRUE
1,-0.237594827980118,0,0,1,"LINC01314","GSE214411","Myeloid",TRUE
1,-0.237594827980118,0,0,1,"RP11-210M15.2","GSE214411","Myeloid",TRUE
1,-0.237594827980118,0,0,1,"RP11-28H5.2","GSE214411","Myeloid",TRUE
1,-0.237594827980118,0,0,1,"RP11-775C24.3","GSE214411","Myeloid",TRUE
1,-0.237594827980118,0,0,1,"TMC3-AS1","GSE214411","Myeloid",TRUE
1,-0.237594827980118,0,0,1,"CTD-2240J17.2","GSE214411","Myeloid",TRUE
1,-0.237594827980118,0,0,1,"CTD-2240J17.3","GSE214411","Myeloid",TRUE
1,-0.237594827980118,0,0,1,"CTD-2240J17.4","GSE214411","Myeloid",TRUE
1,-0.237594827980118,0,0,1,"CTD-2240J17.1","GSE214411","Myeloid",TRUE
1,-0.237594827980118,0,0,1,"CTD-2034I4.2","GSE214411","Myeloid",TRUE
1,-0.237594827980118,0,0,1,"RP11-499F3.2","GSE214411","Myeloid",TRUE
1,-0.237594827980118,0,0,1,"CPEB1","GSE214411","Myeloid",TRUE
1,-0.237594827980118,0,0,1,"AP3B2","GSE214411","Myeloid",TRUE
1,-0.237594827980118,0,0,1,"AC105339.1","GSE214411","Myeloid",TRUE
1,-0.237594827980118,0,0,1,"RP11-752G15.8","GSE214411","Myeloid",TRUE
1,-0.237594827980118,0,0,1,"FSD2","GSE214411","Myeloid",TRUE
1,-0.237594827980118,0,0,1,"RP11-382A20.5","GSE214411","Myeloid",TRUE
1,-0.237594827980118,0,0,1,"RP11-382A20.7","GSE214411","Myeloid",TRUE
1,-0.237594827980118,0,0,1,"RP11-90B9.3","GSE214411","Myeloid",TRUE
1,-0.237594827980118,0,0,1,"SH3GL3","GSE214411","Myeloid",TRUE
1,-0.237594827980118,0,0,1,"ADAMTSL3","GSE214411","Myeloid",TRUE
1,-0.237594827980118,0,0,1,"UBE2Q2L","GSE214411","Myeloid",TRUE
1,-0.237594827980118,0,0,1,"RP11-182J1.13","GSE214411","Myeloid",TRUE
1,-0.237594827980118,0,0,1,"RP11-182J1.1","GSE214411","Myeloid",TRUE
1,-0.237594827980118,0,0,1,"RP11-158M2.2","GSE214411","Myeloid",TRUE
1,-0.237594827980118,0,0,1,"RP11-158M2.5","GSE214411","Myeloid",TRUE
1,-0.237594827980118,0,0,1,"ACAN","GSE214411","Myeloid",TRUE
1,-0.237594827980118,0,0,1,"RLBP1","GSE214411","Myeloid",TRUE
1,-0.237594827980118,0,0,1,"WDR93","GSE214411","Myeloid",TRUE
1,-0.237594827980118,0,0,1,"RP11-697E2.12","GSE214411","Myeloid",TRUE
1,-0.237594827980118,0,0,1,"RP11-697E2.11","GSE214411","Myeloid",TRUE
1,-0.237594827980118,0,0,1,"RP11-154B12.3","GSE214411","Myeloid",TRUE
1,-0.237594827980118,0,0,1,"CTD-3065B20.2","GSE214411","Myeloid",TRUE
1,-0.237594827980118,0,0,1,"CTD-3065B20.3","GSE214411","Myeloid",TRUE
1,-0.237594827980118,0,0,1,"CRTC3-AS1","GSE214411","Myeloid",TRUE
1,-0.237594827980118,0,0,1,"AC068831.10","GSE214411","Myeloid",TRUE
1,-0.237594827980118,0,0,1,"AC068831.16","GSE214411","Myeloid",TRUE
1,-0.237594827980118,0,0,1,"CRAT37","GSE214411","Myeloid",TRUE
1,-0.237594827980118,0,0,1,"RP11-266O8.1","GSE214411","Myeloid",TRUE
1,-0.237594827980118,0,0,1,"RP11-76E17.2","GSE214411","Myeloid",TRUE
1,-0.237594827980118,0,0,1,"LINC01581","GSE214411","Myeloid",TRUE
1,-0.237594827980118,0,0,1,"CTD-2536I1.3","GSE214411","Myeloid",TRUE
1,-0.237594827980118,0,0,1,"LINC00924","GSE214411","Myeloid",TRUE
1,-0.237594827980118,0,0,1,"RP11-398J10.2","GSE214411","Myeloid",TRUE
1,-0.237594827980118,0,0,1,"RP11-759A24.3","GSE214411","Myeloid",TRUE
1,-0.237594827980118,0,0,1,"RP11-327J17.8","GSE214411","Myeloid",TRUE
1,-0.237594827980118,0,0,1,"RP11-327J17.1","GSE214411","Myeloid",TRUE
1,-0.237594827980118,0,0,1,"RP11-262A16.1","GSE214411","Myeloid",TRUE
1,-0.237594827980118,0,0,1,"RP11-315L6.1","GSE214411","Myeloid",TRUE
1,-0.237594827980118,0,0,1,"CTD-2147F2.2","GSE214411","Myeloid",TRUE
1,-0.237594827980118,0,0,1,"RP11-461F11.3","GSE214411","Myeloid",TRUE
1,-0.237594827980118,0,0,1,"RP11-753A21.1","GSE214411","Myeloid",TRUE
1,-0.237594827980118,0,0,1,"AC144835.1","GSE214411","Myeloid",TRUE
1,-0.237594827980118,0,0,1,"RP11-167B3.2","GSE214411","Myeloid",TRUE
1,-0.237594827980118,0,0,1,"PGPEP1L","GSE214411","Myeloid",TRUE
1,-0.237594827980118,0,0,1,"RP11-6O2.2","GSE214411","Myeloid",TRUE
1,-0.237594827980118,0,0,1,"RP11-6O2.4","GSE214411","Myeloid",TRUE
1,-0.237594827980118,0,0,1,"RP11-6O2.3","GSE214411","Myeloid",TRUE
1,-0.237594827980118,0,0,1,"CTD-3076O17.1","GSE214411","Myeloid",TRUE
1,-0.237594827980118,0,0,1,"CTD-3076O17.2","GSE214411","Myeloid",TRUE
1,-0.237594827980118,0,0,1,"RP11-90E5.1","GSE214411","Myeloid",TRUE
1,-0.237594827980118,0,0,1,"CERS3-AS1","GSE214411","Myeloid",TRUE
1,-0.237594827980118,0,0,1,"CERS3","GSE214411","Myeloid",TRUE
1,-0.237594827980118,0,0,1,"RP11-526I2.1","GSE214411","Myeloid",TRUE
1,-0.237594827980118,0,0,1,"RP11-66B24.9","GSE214411","Myeloid",TRUE
1,-0.237594827980118,0,0,1,"PCSK6-AS1","GSE214411","Myeloid",TRUE
1,-0.237594827980118,0,0,1,"RP11-14C10.6","GSE214411","Myeloid",TRUE
1,-0.237594827980118,0,0,1,"RP11-14C10.4","GSE214411","Myeloid",TRUE
1,-0.237594827980118,0,0,1,"HBM","GSE214411","Myeloid",TRUE
1,-0.237594827980118,0,0,1,"HBQ1","GSE214411","Myeloid",TRUE
1,-0.237594827980118,0,0,1,"ARHGDIG","GSE214411","Myeloid",TRUE
1,-0.237594827980118,0,0,1,"PDIA2","GSE214411","Myeloid",TRUE
1,-0.237594827980118,0,0,1,"LA16c-313D11.9","GSE214411","Myeloid",TRUE
1,-0.237594827980118,0,0,1,"MSLNL","GSE214411","Myeloid",TRUE
1,-0.237594827980118,0,0,1,"PRR25","GSE214411","Myeloid",TRUE
1,-0.237594827980118,0,0,1,"LA16c-360A4.1","GSE214411","Myeloid",TRUE
1,-0.237594827980118,0,0,1,"RP11-161M6.3","GSE214411","Myeloid",TRUE
1,-0.237594827980118,0,0,1,"C1QTNF8","GSE214411","Myeloid",TRUE
1,-0.237594827980118,0,0,1,"RP11-616M22.11","GSE214411","Myeloid",TRUE
1,-0.237594827980118,0,0,1,"TPSG1","GSE214411","Myeloid",TRUE
1,-0.237594827980118,0,0,1,"RP11-616M22.12","GSE214411","Myeloid",TRUE
1,-0.237594827980118,0,0,1,"TPSD1","GSE214411","Myeloid",TRUE
1,-0.237594827980118,0,0,1,"LA16c-316G12.2","GSE214411","Myeloid",TRUE
1,-0.237594827980118,0,0,1,"LA16c-329F2.1","GSE214411","Myeloid",TRUE
1,-0.237594827980118,0,0,1,"IGFALS","GSE214411","Myeloid",TRUE
1,-0.237594827980118,0,0,1,"MEIOB","GSE214411","Myeloid",TRUE
1,-0.237594827980118,0,0,1,"RPL3L","GSE214411","Myeloid",TRUE
1,-0.237594827980118,0,0,1,"RNF151","GSE214411","Myeloid",TRUE
1,-0.237594827980118,0,0,1,"RP11-304L19.2","GSE214411","Myeloid",TRUE
1,-0.237594827980118,0,0,1,"RP11-304L19.12","GSE214411","Myeloid",TRUE
1,-0.237594827980118,0,0,1,"RP11-715J22.4","GSE214411","Myeloid",TRUE
1,-0.237594827980118,0,0,1,"NTN3","GSE214411","Myeloid",TRUE
1,-0.237594827980118,0,0,1,"CEMP1","GSE214411","Myeloid",TRUE
1,-0.237594827980118,0,0,1,"RP11-20I23.7","GSE214411","Myeloid",TRUE
1,-0.237594827980118,0,0,1,"LA16c-321D4.2","GSE214411","Myeloid",TRUE
1,-0.237594827980118,0,0,1,"LA16c-380H5.3","GSE214411","Myeloid",TRUE
1,-0.237594827980118,0,0,1,"CLDN6","GSE214411","Myeloid",TRUE
1,-0.237594827980118,0,0,1,"RP11-473M20.5","GSE214411","Myeloid",TRUE
1,-0.237594827980118,0,0,1,"ZSCAN10","GSE214411","Myeloid",TRUE
1,-0.237594827980118,0,0,1,"AJ003147.9","GSE214411","Myeloid",TRUE
1,-0.237594827980118,0,0,1,"OR2C1","GSE214411","Myeloid",TRUE
1,-0.237594827980118,0,0,1,"MTRNR2L4","GSE214411","Myeloid",TRUE
1,-0.237594827980118,0,0,1,"C16orf90","GSE214411","Myeloid",TRUE
1,-0.237594827980118,0,0,1,"RP11-461A8.5","GSE214411","Myeloid",TRUE
1,-0.237594827980118,0,0,1,"RP11-95P2.3","GSE214411","Myeloid",TRUE
1,-0.237594827980118,0,0,1,"SRL","GSE214411","Myeloid",TRUE
1,-0.237594827980118,0,0,1,"CORO7-PAM16","GSE214411","Myeloid",TRUE
1,-0.237594827980118,0,0,1,"C16orf71","GSE214411","Myeloid",TRUE
1,-0.237594827980118,0,0,1,"SEPT12","GSE214411","Myeloid",TRUE
1,-0.237594827980118,0,0,1,"SEC14L5","GSE214411","Myeloid",TRUE
1,-0.237594827980118,0,0,1,"RP11-420N3.2","GSE214411","Myeloid",TRUE
1,-0.237594827980118,0,0,1,"RBFOX1","GSE214411","Myeloid",TRUE
1,-0.237594827980118,0,0,1,"RP11-77H9.6","GSE214411","Myeloid",TRUE
1,-0.237594827980118,0,0,1,"LINC01177","GSE214411","Myeloid",TRUE
1,-0.237594827980118,0,0,1,"GRIN2A","GSE214411","Myeloid",TRUE
1,-0.237594827980118,0,0,1,"RP11-609N14.1","GSE214411","Myeloid",TRUE
1,-0.237594827980118,0,0,1,"LINC01290","GSE214411","Myeloid",TRUE
1,-0.237594827980118,0,0,1,"RP11-396B14.2","GSE214411","Myeloid",TRUE
1,-0.237594827980118,0,0,1,"RP11-485G7.5","GSE214411","Myeloid",TRUE
1,-0.237594827980118,0,0,1,"BCAR4","GSE214411","Myeloid",TRUE
1,-0.237594827980118,0,0,1,"RP11-166B2.5","GSE214411","Myeloid",TRUE
1,-0.237594827980118,0,0,1,"RP11-166B2.7","GSE214411","Myeloid",TRUE
1,-0.237594827980118,0,0,1,"CTD-2135D7.2","GSE214411","Myeloid",TRUE
1,-0.237594827980118,0,0,1,"RP11-65J21.4","GSE214411","Myeloid",TRUE
1,-0.237594827980118,0,0,1,"RP11-680G24.6","GSE214411","Myeloid",TRUE
1,-0.237594827980118,0,0,1,"MIR3180-4","GSE214411","Myeloid",TRUE
1,-0.237594827980118,0,0,1,"CTB-193M12.1","GSE214411","Myeloid",TRUE
1,-0.237594827980118,0,0,1,"RP11-517A5.5","GSE214411","Myeloid",TRUE
1,-0.237594827980118,0,0,1,"NPIPA8","GSE214411","Myeloid",TRUE
1,-0.237594827980118,0,0,1,"MIR3179-3","GSE214411","Myeloid",TRUE
1,-0.237594827980118,0,0,1,"RP11-1035H13.3","GSE214411","Myeloid",TRUE
1,-0.237594827980118,0,0,1,"TMC7","GSE214411","Myeloid",TRUE
1,-0.237594827980118,0,0,1,"CTA-363E6.2","GSE214411","Myeloid",TRUE
1,-0.237594827980118,0,0,1,"CTA-363E6.6","GSE214411","Myeloid",TRUE
1,-0.237594827980118,0,0,1,"AC002550.6","GSE214411","Myeloid",TRUE
1,-0.237594827980118,0,0,1,"AC002550.5","GSE214411","Myeloid",TRUE
1,-0.237594827980118,0,0,1,"GP2","GSE214411","Myeloid",TRUE
1,-0.237594827980118,0,0,1,"ZP2","GSE214411","Myeloid",TRUE
1,-0.237594827980118,0,0,1,"NPIPB3","GSE214411","Myeloid",TRUE
1,-0.237594827980118,0,0,1,"RP11-21M24.3","GSE214411","Myeloid",TRUE
1,-0.237594827980118,0,0,1,"RP11-105C19.1","GSE214411","Myeloid",TRUE
1,-0.237594827980118,0,0,1,"CTD-2196E14.5","GSE214411","Myeloid",TRUE
1,-0.237594827980118,0,0,1,"ERN2","GSE214411","Myeloid",TRUE
1,-0.237594827980118,0,0,1,"CHP2","GSE214411","Myeloid",TRUE
1,-0.237594827980118,0,0,1,"CTD-2540M10.1","GSE214411","Myeloid",TRUE
1,-0.237594827980118,0,0,1,"LINC01567","GSE214411","Myeloid",TRUE
1,-0.237594827980118,0,0,1,"CTD-2515A14.1","GSE214411","Myeloid",TRUE
1,-0.237594827980118,0,0,1,"SLC5A11","GSE214411","Myeloid",TRUE
1,-0.237594827980118,0,0,1,"LCMT1-AS2","GSE214411","Myeloid",TRUE
1,-0.237594827980118,0,0,1,"AC002331.1","GSE214411","Myeloid",TRUE
1,-0.237594827980118,0,0,1,"CTD-3203P2.1","GSE214411","Myeloid",TRUE
1,-0.237594827980118,0,0,1,"CTD-2049O4.1","GSE214411","Myeloid",TRUE
1,-0.237594827980118,0,0,1,"GSG1L","GSE214411","Myeloid",TRUE
1,-0.237594827980118,0,0,1,"NPIPB7","GSE214411","Myeloid",TRUE
1,-0.237594827980118,0,0,1,"NPIPB9","GSE214411","Myeloid",TRUE
1,-0.237594827980118,0,0,1,"AC009133.17","GSE214411","Myeloid",TRUE
1,-0.237594827980118,0,0,1,"ZG16","GSE214411","Myeloid",TRUE
1,-0.237594827980118,0,0,1,"AC009133.15","GSE214411","Myeloid",TRUE
1,-0.237594827980118,0,0,1,"CTD-2574D22.7","GSE214411","Myeloid",TRUE
1,-0.237594827980118,0,0,1,"CDIPT-AS1","GSE214411","Myeloid",TRUE
1,-0.237594827980118,0,0,1,"CTD-2574D22.2","GSE214411","Myeloid",TRUE
1,-0.237594827980118,0,0,1,"FAM57B","GSE214411","Myeloid",TRUE
1,-0.237594827980118,0,0,1,"RP11-347C12.3","GSE214411","Myeloid",TRUE
1,-0.237594827980118,0,0,1,"RP11-347C12.11","GSE214411","Myeloid",TRUE
1,-0.237594827980118,0,0,1,"RP11-297C4.2","GSE214411","Myeloid",TRUE
1,-0.237594827980118,0,0,1,"RP11-297C4.1","GSE214411","Myeloid",TRUE
1,-0.237594827980118,0,0,1,"RP11-146F11.5","GSE214411","Myeloid",TRUE
1,-0.237594827980118,0,0,1,"SLC5A2","GSE214411","Myeloid",TRUE
1,-0.237594827980118,0,0,1,"AC026471.6","GSE214411","Myeloid",TRUE
1,-0.237594827980118,0,0,1,"AHSP","GSE214411","Myeloid",TRUE
1,-0.237594827980118,0,0,1,"CTD-2358C21.3","GSE214411","Myeloid",TRUE
1,-0.237594827980118,0,0,1,"CTD-2358C21.5","GSE214411","Myeloid",TRUE
1,-0.237594827980118,0,0,1,"RP11-989E6.10","GSE214411","Myeloid",TRUE
1,-0.237594827980118,0,0,1,"ITFG1-AS1","GSE214411","Myeloid",TRUE
1,-0.237594827980118,0,0,1,"RP11-474B12.1","GSE214411","Myeloid",TRUE
1,-0.237594827980118,0,0,1,"ABCC11","GSE214411","Myeloid",TRUE
1,-0.237594827980118,0,0,1,"CTC-527H23.4","GSE214411","Myeloid",TRUE
1,-0.237594827980118,0,0,1,"RP11-491F9.1","GSE214411","Myeloid",TRUE
1,-0.237594827980118,0,0,1,"C16orf78","GSE214411","Myeloid",TRUE
1,-0.237594827980118,0,0,1,"RP11-429P3.3","GSE214411","Myeloid",TRUE
1,-0.237594827980118,0,0,1,"RP11-401P9.6","GSE214411","Myeloid",TRUE
1,-0.237594827980118,0,0,1,"RP11-883G14.2","GSE214411","Myeloid",TRUE
1,-0.237594827980118,0,0,1,"RP11-883G14.3","GSE214411","Myeloid",TRUE
1,-0.237594827980118,0,0,1,"RP11-883G14.4","GSE214411","Myeloid",TRUE
1,-0.237594827980118,0,0,1,"LINC01571","GSE214411","Myeloid",TRUE
1,-0.237594827980118,0,0,1,"RP11-152O14.1","GSE214411","Myeloid",TRUE
1,-0.237594827980118,0,0,1,"AC007906.1","GSE214411","Myeloid",TRUE
1,-0.237594827980118,0,0,1,"RP11-44F14.2","GSE214411","Myeloid",TRUE
1,-0.237594827980118,0,0,1,"RP11-357N13.3","GSE214411","Myeloid",TRUE
1,-0.237594827980118,0,0,1,"RP11-434E6.4","GSE214411","Myeloid",TRUE
1,-0.237594827980118,0,0,1,"RP11-1136G4.2","GSE214411","Myeloid",TRUE
1,-0.237594827980118,0,0,1,"SLC6A2","GSE214411","Myeloid",TRUE
1,-0.237594827980118,0,0,1,"RP11-441F2.5","GSE214411","Myeloid",TRUE
1,-0.237594827980118,0,0,1,"MT1B","GSE214411","Myeloid",TRUE
1,-0.237594827980118,0,0,1,"RP11-249C24.12","GSE214411","Myeloid",TRUE
1,-0.237594827980118,0,0,1,"RP11-343H19.1","GSE214411","Myeloid",TRUE
1,-0.237594827980118,0,0,1,"RP11-407G23.7","GSE214411","Myeloid",TRUE
1,-0.237594827980118,0,0,1,"CNGB1","GSE214411","Myeloid",TRUE
1,-0.237594827980118,0,0,1,"TEPP","GSE214411","Myeloid",TRUE
1,-0.237594827980118,0,0,1,"RP11-459F6.3","GSE214411","Myeloid",TRUE
1,-0.237594827980118,0,0,1,"PRSS54","GSE214411","Myeloid",TRUE
1,-0.237594827980118,0,0,1,"RP11-481J2.2","GSE214411","Myeloid",TRUE
1,-0.237594827980118,0,0,1,"RP11-700H13.1","GSE214411","Myeloid",TRUE
1,-0.237594827980118,0,0,1,"RP11-368L12.1","GSE214411","Myeloid",TRUE
1,-0.237594827980118,0,0,1,"RP11-95H3.1","GSE214411","Myeloid",TRUE
1,-0.237594827980118,0,0,1,"LINC00922","GSE214411","Myeloid",TRUE
1,-0.237594827980118,0,0,1,"BEAN1","GSE214411","Myeloid",TRUE
1,-0.237594827980118,0,0,1,"RP11-403P17.6","GSE214411","Myeloid",TRUE
1,-0.237594827980118,0,0,1,"RP11-403P17.2","GSE214411","Myeloid",TRUE
1,-0.237594827980118,0,0,1,"RP11-61A14.4","GSE214411","Myeloid",TRUE
1,-0.237594827980118,0,0,1,"RP11-61A14.1","GSE214411","Myeloid",TRUE
1,-0.237594827980118,0,0,1,"RP11-5A19.5","GSE214411","Myeloid",TRUE
1,-0.237594827980118,0,0,1,"KCTD19","GSE214411","Myeloid",TRUE
1,-0.237594827980118,0,0,1,"RP11-297D21.2","GSE214411","Myeloid",TRUE
1,-0.237594827980118,0,0,1,"CTC-479C5.10","GSE214411","Myeloid",TRUE
1,-0.237594827980118,0,0,1,"NRN1L","GSE214411","Myeloid",TRUE
1,-0.237594827980118,0,0,1,"RP11-71L14.4","GSE214411","Myeloid",TRUE
1,-0.237594827980118,0,0,1,"CDH3","GSE214411","Myeloid",TRUE
1,-0.237594827980118,0,0,1,"RP11-615I2.2","GSE214411","Myeloid",TRUE
1,-0.237594827980118,0,0,1,"RP11-354M1.2","GSE214411","Myeloid",TRUE
1,-0.237594827980118,0,0,1,"RP11-343C2.11","GSE214411","Myeloid",TRUE
1,-0.237594827980118,0,0,1,"PDF","GSE214411","Myeloid",TRUE
1,-0.237594827980118,0,0,1,"CTD-2033A16.3","GSE214411","Myeloid",TRUE
1,-0.237594827980118,0,0,1,"AC009022.1","GSE214411","Myeloid",TRUE
1,-0.237594827980118,0,0,1,"RP11-296I10.3","GSE214411","Myeloid",TRUE
1,-0.237594827980118,0,0,1,"AC009060.3","GSE214411","Myeloid",TRUE
1,-0.237594827980118,0,0,1,"RP11-529K1.4","GSE214411","Myeloid",TRUE
1,-0.237594827980118,0,0,1,"RP11-424M24.5","GSE214411","Myeloid",TRUE
1,-0.237594827980118,0,0,1,"RP11-23E19.1","GSE214411","Myeloid",TRUE
1,-0.237594827980118,0,0,1,"RP11-23E19.2","GSE214411","Myeloid",TRUE
1,-0.237594827980118,0,0,1,"AC010547.9","GSE214411","Myeloid",TRUE
1,-0.237594827980118,0,0,1,"CHST4","GSE214411","Myeloid",TRUE
1,-0.237594827980118,0,0,1,"RP11-432I5.2","GSE214411","Myeloid",TRUE
1,-0.237594827980118,0,0,1,"RP11-432I5.6","GSE214411","Myeloid",TRUE
1,-0.237594827980118,0,0,1,"RP11-432I5.4","GSE214411","Myeloid",TRUE
1,-0.237594827980118,0,0,1,"AC004158.3","GSE214411","Myeloid",TRUE
1,-0.237594827980118,0,0,1,"RP5-991G20.6","GSE214411","Myeloid",TRUE
1,-0.237594827980118,0,0,1,"HCCAT5","GSE214411","Myeloid",TRUE
1,-0.237594827980118,0,0,1,"AC140912.1","GSE214411","Myeloid",TRUE
1,-0.237594827980118,0,0,1,"AC009120.10","GSE214411","Myeloid",TRUE
1,-0.237594827980118,0,0,1,"AC009120.5","GSE214411","Myeloid",TRUE
1,-0.237594827980118,0,0,1,"RP11-252A24.5","GSE214411","Myeloid",TRUE
1,-0.237594827980118,0,0,1,"RP11-252E2.1","GSE214411","Myeloid",TRUE
1,-0.237594827980118,0,0,1,"RP11-77K12.1","GSE214411","Myeloid",TRUE
1,-0.237594827980118,0,0,1,"RP11-538I12.2","GSE214411","Myeloid",TRUE
1,-0.237594827980118,0,0,1,"RP11-538I12.3","GSE214411","Myeloid",TRUE
1,-0.237594827980118,0,0,1,"ADAMTS18","GSE214411","Myeloid",TRUE
1,-0.237594827980118,0,0,1,"RP11-449J10.1","GSE214411","Myeloid",TRUE
1,-0.237594827980118,0,0,1,"RP11-264M12.2","GSE214411","Myeloid",TRUE
1,-0.237594827980118,0,0,1,"VAT1L","GSE214411","Myeloid",TRUE
1,-0.237594827980118,0,0,1,"RP11-190D6.2","GSE214411","Myeloid",TRUE
1,-0.237594827980118,0,0,1,"RP11-679B19.2","GSE214411","Myeloid",TRUE
1,-0.237594827980118,0,0,1,"RP11-70D24.4","GSE214411","Myeloid",TRUE
1,-0.237594827980118,0,0,1,"LINC01229","GSE214411","Myeloid",TRUE
1,-0.237594827980118,0,0,1,"RP11-525K10.3","GSE214411","Myeloid",TRUE
1,-0.237594827980118,0,0,1,"RP11-109P11.1","GSE214411","Myeloid",TRUE
1,-0.237594827980118,0,0,1,"PRCAT47","GSE214411","Myeloid",TRUE
1,-0.237594827980118,0,0,1,"RP11-303E16.3","GSE214411","Myeloid",TRUE
1,-0.237594827980118,0,0,1,"RP11-303E16.5","GSE214411","Myeloid",TRUE
1,-0.237594827980118,0,0,1,"BCO1","GSE214411","Myeloid",TRUE
1,-0.237594827980118,0,0,1,"RP11-510J16.5","GSE214411","Myeloid",TRUE
1,-0.237594827980118,0,0,1,"RP11-298D21.1","GSE214411","Myeloid",TRUE
1,-0.237594827980118,0,0,1,"RP11-505K9.4","GSE214411","Myeloid",TRUE
1,-0.237594827980118,0,0,1,"RP11-517C16.2","GSE214411","Myeloid",TRUE
1,-0.237594827980118,0,0,1,"RP11-61F12.1","GSE214411","Myeloid",TRUE
1,-0.237594827980118,0,0,1,"RP11-442O1.3","GSE214411","Myeloid",TRUE
1,-0.237594827980118,0,0,1,"CTC-786C10.1","GSE214411","Myeloid",TRUE
1,-0.237594827980118,0,0,1,"RP11-680G10.1","GSE214411","Myeloid",TRUE
1,-0.237594827980118,0,0,1,"LA16c-352F7.1","GSE214411","Myeloid",TRUE
1,-0.237594827980118,0,0,1,"RP11-118F19.1","GSE214411","Myeloid",TRUE
1,-0.237594827980118,0,0,1,"RP11-805I24.1","GSE214411","Myeloid",TRUE
1,-0.237594827980118,0,0,1,"RP11-463O9.9","GSE214411","Myeloid",TRUE
1,-0.237594827980118,0,0,1,"FOXL1","GSE214411","Myeloid",TRUE
1,-0.237594827980118,0,0,1,"RP11-178L8.3","GSE214411","Myeloid",TRUE
1,-0.237594827980118,0,0,1,"JPH3","GSE214411","Myeloid",TRUE
1,-0.237594827980118,0,0,1,"RP11-278A23.4","GSE214411","Myeloid",TRUE
1,-0.237594827980118,0,0,1,"RP4-536B24.3","GSE214411","Myeloid",TRUE
1,-0.237594827980118,0,0,1,"RP5-1142A6.2","GSE214411","Myeloid",TRUE
1,-0.237594827980118,0,0,1,"RP11-46C24.3","GSE214411","Myeloid",TRUE
1,-0.237594827980118,0,0,1,"SLC22A31","GSE214411","Myeloid",TRUE
1,-0.237594827980118,0,0,1,"AC137932.5","GSE214411","Myeloid",TRUE
1,-0.237594827980118,0,0,1,"AC137932.6","GSE214411","Myeloid",TRUE
1,-0.237594827980118,0,0,1,"AC108004.2","GSE214411","Myeloid",TRUE
1,-0.237594827980118,0,0,1,"RP11-1260E13.1","GSE214411","Myeloid",TRUE
1,-0.237594827980118,0,0,1,"RP11-1260E13.2","GSE214411","Myeloid",TRUE
1,-0.237594827980118,0,0,1,"RP5-1029F21.2","GSE214411","Myeloid",TRUE
1,-0.237594827980118,0,0,1,"RP11-676J12.8","GSE214411","Myeloid",TRUE
1,-0.237594827980118,0,0,1,"RP11-676J12.6","GSE214411","Myeloid",TRUE
1,-0.237594827980118,0,0,1,"RP11-818O24.3","GSE214411","Myeloid",TRUE
1,-0.237594827980118,0,0,1,"OVCA2","GSE214411","Myeloid",TRUE
1,-0.237594827980118,0,0,1,"RP1-59D14.1","GSE214411","Myeloid",TRUE
1,-0.237594827980118,0,0,1,"RP11-235E17.6","GSE214411","Myeloid",TRUE
1,-0.237594827980118,0,0,1,"CTD-3195I5.3","GSE214411","Myeloid",TRUE
1,-0.237594827980118,0,0,1,"RP11-104O19.4","GSE214411","Myeloid",TRUE
1,-0.237594827980118,0,0,1,"RP11-333E1.2","GSE214411","Myeloid",TRUE
1,-0.237594827980118,0,0,1,"CTC-524C5.5","GSE214411","Myeloid",TRUE
1,-0.237594827980118,0,0,1,"CTC-281F24.5","GSE214411","Myeloid",TRUE
1,-0.237594827980118,0,0,1,"SLC13A5","GSE214411","Myeloid",TRUE
1,-0.237594827980118,0,0,1,"FBXO39","GSE214411","Myeloid",TRUE
1,-0.237594827980118,0,0,1,"SLC16A11","GSE214411","Myeloid",TRUE
1,-0.237594827980118,0,0,1,"TMEM95","GSE214411","Myeloid",TRUE
1,-0.237594827980118,0,0,1,"TMEM256-PLSCR3.1","GSE214411","Myeloid",TRUE
1,-0.237594827980118,0,0,1,"SPEM1","GSE214411","Myeloid",TRUE
1,-0.237594827980118,0,0,1,"SLC35G6","GSE214411","Myeloid",TRUE
1,-0.237594827980118,0,0,1,"RP11-599B13.3","GSE214411","Myeloid",TRUE
1,-0.237594827980118,0,0,1,"AC129492.6","GSE214411","Myeloid",TRUE
1,-0.237594827980118,0,0,1,"ALOXE3","GSE214411","Myeloid",TRUE
1,-0.237594827980118,0,0,1,"HES7","GSE214411","Myeloid",TRUE
1,-0.237594827980118,0,0,1,"RP11-599B13.7","GSE214411","Myeloid",TRUE
1,-0.237594827980118,0,0,1,"RP11-849F2.5","GSE214411","Myeloid",TRUE
1,-0.237594827980118,0,0,1,"RP11-85B7.2","GSE214411","Myeloid",TRUE
1,-0.237594827980118,0,0,1,"RP11-963H4.5","GSE214411","Myeloid",TRUE
1,-0.237594827980118,0,0,1,"LINC00675","GSE214411","Myeloid",TRUE
1,-0.237594827980118,0,0,1,"RP11-1096G20.5","GSE214411","Myeloid",TRUE
1,-0.237594827980118,0,0,1,"MYOCD","GSE214411","Myeloid",TRUE
1,-0.237594827980118,0,0,1,"RP11-597M12.2","GSE214411","Myeloid",TRUE
1,-0.237594827980118,0,0,1,"HS3ST3A1","GSE214411","Myeloid",TRUE
1,-0.237594827980118,0,0,1,"RP11-131K5.1","GSE214411","Myeloid",TRUE
1,-0.237594827980118,0,0,1,"RP11-849N15.1","GSE214411","Myeloid",TRUE
1,-0.237594827980118,0,0,1,"CDRT1","GSE214411","Myeloid",TRUE
1,-0.237594827980118,0,0,1,"RP11-640I15.1","GSE214411","Myeloid",TRUE
1,-0.237594827980118,0,0,1,"TBC1D26","GSE214411","Myeloid",TRUE
1,-0.237594827980118,0,0,1,"CTD-3157E16.1","GSE214411","Myeloid",TRUE
1,-0.237594827980118,0,0,1,"AC015922.6","GSE214411","Myeloid",TRUE
1,-0.237594827980118,0,0,1,"RP11-92B11.4","GSE214411","Myeloid",TRUE
1,-0.237594827980118,0,0,1,"RP11-92B11.3","GSE214411","Myeloid",TRUE
1,-0.237594827980118,0,0,1,"RP11-219A15.5","GSE214411","Myeloid",TRUE
1,-0.237594827980118,0,0,1,"RP11-416I2.1","GSE214411","Myeloid",TRUE
1,-0.237594827980118,0,0,1,"RP11-45M22.3","GSE214411","Myeloid",TRUE
1,-0.237594827980118,0,0,1,"SMCR2","GSE214411","Myeloid",TRUE
1,-0.237594827980118,0,0,1,"FBXW10","GSE214411","Myeloid",TRUE
1,-0.237594827980118,0,0,1,"CTC-457L16.2","GSE214411","Myeloid",TRUE
1,-0.237594827980118,0,0,1,"RP11-135L13.4","GSE214411","Myeloid",TRUE
1,-0.237594827980118,0,0,1,"CTD-2104P17.2","GSE214411","Myeloid",TRUE
1,-0.237594827980118,0,0,1,"SLC47A2","GSE214411","Myeloid",TRUE
1,-0.237594827980118,0,0,1,"RP11-311F12.1","GSE214411","Myeloid",TRUE
1,-0.237594827980118,0,0,1,"ALDH3A1","GSE214411","Myeloid",TRUE
1,-0.237594827980118,0,0,1,"RP11-209D14.2","GSE214411","Myeloid",TRUE
1,-0.237594827980118,0,0,1,"AC008088.4","GSE214411","Myeloid",TRUE
1,-0.237594827980118,0,0,1,"CCDC144NL-AS1","GSE214411","Myeloid",TRUE
1,-0.237594827980118,0,0,1,"LINC01563","GSE214411","Myeloid",TRUE
1,-0.237594827980118,0,0,1,"KCNJ12","GSE214411","Myeloid",TRUE
1,-0.237594827980118,0,0,1,"RP11-173M1.4","GSE214411","Myeloid",TRUE
1,-0.237594827980118,0,0,1,"NOS2","GSE214411","Myeloid",TRUE
1,-0.237594827980118,0,0,1,"RP11-138P22.1","GSE214411","Myeloid",TRUE
1,-0.237594827980118,0,0,1,"CTD-2008P7.10","GSE214411","Myeloid",TRUE
1,-0.237594827980118,0,0,1,"CTD-2008P7.9","GSE214411","Myeloid",TRUE
1,-0.237594827980118,0,0,1,"AC010761.9","GSE214411","Myeloid",TRUE
1,-0.237594827980118,0,0,1,"RP11-20B24.7","GSE214411","Myeloid",TRUE
1,-0.237594827980118,0,0,1,"CRYBA1","GSE214411","Myeloid",TRUE
1,-0.237594827980118,0,0,1,"RP11-802D6.1","GSE214411","Myeloid",TRUE
1,-0.237594827980118,0,0,1,"RP11-82O19.1","GSE214411","Myeloid",TRUE
1,-0.237594827980118,0,0,1,"EFCAB5","GSE214411","Myeloid",TRUE
1,-0.237594827980118,0,0,1,"SLC6A4","GSE214411","Myeloid",TRUE
1,-0.237594827980118,0,0,1,"RP11-354P11.4","GSE214411","Myeloid",TRUE
1,-0.237594827980118,0,0,1,"TBC1D29","GSE214411","Myeloid",TRUE
1,-0.237594827980118,0,0,1,"CTD-2349P21.11","GSE214411","Myeloid",TRUE
1,-0.237594827980118,0,0,1,"AC003101.1","GSE214411","Myeloid",TRUE
1,-0.237594827980118,0,0,1,"RP11-227G15.9","GSE214411","Myeloid",TRUE
1,-0.237594827980118,0,0,1,"AC084809.3","GSE214411","Myeloid",TRUE
1,-0.237594827980118,0,0,1,"FNDC8","GSE214411","Myeloid",TRUE
1,-0.237594827980118,0,0,1,"UNC45B","GSE214411","Myeloid",TRUE
1,-0.237594827980118,0,0,1,"RP11-686D22.5","GSE214411","Myeloid",TRUE
1,-0.237594827980118,0,0,1,"SLFN14","GSE214411","Myeloid",TRUE
1,-0.237594827980118,0,0,1,"GAS2L2","GSE214411","Myeloid",TRUE
1,-0.237594827980118,0,0,1,"C17orf50","GSE214411","Myeloid",TRUE
1,-0.237594827980118,0,0,1,"AC015849.2","GSE214411","Myeloid",TRUE
1,-0.237594827980118,0,0,1,"AC015849.16","GSE214411","Myeloid",TRUE
1,-0.237594827980118,0,0,1,"CTB-186H2.3","GSE214411","Myeloid",TRUE
1,-0.237594827980118,0,0,1,"TBC1D3I","GSE214411","Myeloid",TRUE
1,-0.237594827980118,0,0,1,"LHX1","GSE214411","Myeloid",TRUE
1,-0.237594827980118,0,0,1,"RP11-697E22.1","GSE214411","Myeloid",TRUE
1,-0.237594827980118,0,0,1,"RP11-697E22.2","GSE214411","Myeloid",TRUE
1,-0.237594827980118,0,0,1,"RP11-697E22.3","GSE214411","Myeloid",TRUE
1,-0.237594827980118,0,0,1,"C17orf98","GSE214411","Myeloid",TRUE
1,-0.237594827980118,0,0,1,"RP1-56K13.2","GSE214411","Myeloid",TRUE
1,-0.237594827980118,0,0,1,"STAC2","GSE214411","Myeloid",TRUE
1,-0.237594827980118,0,0,1,"AC087491.2","GSE214411","Myeloid",TRUE
1,-0.237594827980118,0,0,1,"RP11-387H17.4","GSE214411","Myeloid",TRUE
1,-0.237594827980118,0,0,1,"CTD-2267D19.3","GSE214411","Myeloid",TRUE
1,-0.237594827980118,0,0,1,"RP5-1028K7.3","GSE214411","Myeloid",TRUE
1,-0.237594827980118,0,0,1,"KRT12","GSE214411","Myeloid",TRUE
1,-0.237594827980118,0,0,1,"KRTAP3-1","GSE214411","Myeloid",TRUE
1,-0.237594827980118,0,0,1,"KRTAP2-3","GSE214411","Myeloid",TRUE
1,-0.237594827980118,0,0,1,"KRT34","GSE214411","Myeloid",TRUE
1,-0.237594827980118,0,0,1,"KRT31","GSE214411","Myeloid",TRUE
1,-0.237594827980118,0,0,1,"KRT37","GSE214411","Myeloid",TRUE
1,-0.237594827980118,0,0,1,"KRT14","GSE214411","Myeloid",TRUE
1,-0.237594827980118,0,0,1,"CTD-3193K9.11","GSE214411","Myeloid",TRUE
1,-0.237594827980118,0,0,1,"G6PC","GSE214411","Myeloid",TRUE
1,-0.237594827980118,0,0,1,"PTGES3L","GSE214411","Myeloid",TRUE
1,-0.237594827980118,0,0,1,"MIR2117HG","GSE214411","Myeloid",TRUE
1,-0.237594827980118,0,0,1,"CD300LG","GSE214411","Myeloid",TRUE
1,-0.237594827980118,0,0,1,"RP11-546M21.6","GSE214411","Myeloid",TRUE
1,-0.237594827980118,0,0,1,"ASB16","GSE214411","Myeloid",TRUE
1,-0.237594827980118,0,0,1,"CTB-175E5.7","GSE214411","Myeloid",TRUE
1,-0.237594827980118,0,0,1,"ADAM11","GSE214411","Myeloid",TRUE
1,-0.237594827980118,0,0,1,"CTC-296K1.4","GSE214411","Myeloid",TRUE
1,-0.237594827980118,0,0,1,"CCDC103","GSE214411","Myeloid",TRUE
1,-0.237594827980118,0,0,1,"FAM187A","GSE214411","Myeloid",TRUE
1,-0.237594827980118,0,0,1,"CTD-2534I21.8","GSE214411","Myeloid",TRUE
1,-0.237594827980118,0,0,1,"CTB-39G8.2","GSE214411","Myeloid",TRUE
1,-0.237594827980118,0,0,1,"CRHR1","GSE214411","Myeloid",TRUE
1,-0.237594827980118,0,0,1,"RP11-669E14.6","GSE214411","Myeloid",TRUE
1,-0.237594827980118,0,0,1,"WNT3","GSE214411","Myeloid",TRUE
1,-0.237594827980118,0,0,1,"RP11-63A1.1","GSE214411","Myeloid",TRUE
1,-0.237594827980118,0,0,1,"RP11-290H9.5","GSE214411","Myeloid",TRUE
1,-0.237594827980118,0,0,1,"THCAT158","GSE214411","Myeloid",TRUE
1,-0.237594827980118,0,0,1,"CTD-2026D20.2","GSE214411","Myeloid",TRUE
1,-0.237594827980118,0,0,1,"RP11-138C9.1","GSE214411","Myeloid",TRUE
1,-0.237594827980118,0,0,1,"RP11-6N17.10","GSE214411","Myeloid",TRUE
1,-0.237594827980118,0,0,1,"THRA1/BTR","GSE214411","Myeloid",TRUE
1,-0.237594827980118,0,0,1,"HOXB1","GSE214411","Myeloid",TRUE
1,-0.237594827980118,0,0,1,"HOXB-AS2","GSE214411","Myeloid",TRUE
1,-0.237594827980118,0,0,1,"HOXB9","GSE214411","Myeloid",TRUE
1,-0.237594827980118,0,0,1,"RP11-357H14.17","GSE214411","Myeloid",TRUE
1,-0.237594827980118,0,0,1,"CTD-2377D24.6","GSE214411","Myeloid",TRUE
1,-0.237594827980118,0,0,1,"TTLL6","GSE214411","Myeloid",TRUE
1,-0.237594827980118,0,0,1,"AC091133.1","GSE214411","Myeloid",TRUE
1,-0.237594827980118,0,0,1,"RP11-1079K10.3","GSE214411","Myeloid",TRUE
1,-0.237594827980118,0,0,1,"RP11-1079K10.2","GSE214411","Myeloid",TRUE
1,-0.237594827980118,0,0,1,"RP11-613C6.2","GSE214411","Myeloid",TRUE
1,-0.237594827980118,0,0,1,"TAC4","GSE214411","Myeloid",TRUE
1,-0.237594827980118,0,0,1,"RP5-875H18.9","GSE214411","Myeloid",TRUE
1,-0.237594827980118,0,0,1,"RP11-893F2.13","GSE214411","Myeloid",TRUE
1,-0.237594827980118,0,0,1,"RP1-117B12.4","GSE214411","Myeloid",TRUE
1,-0.237594827980118,0,0,1,"RP11-94C24.13","GSE214411","Myeloid",TRUE
1,-0.237594827980118,0,0,1,"CACNA1G-AS1","GSE214411","Myeloid",TRUE
1,-0.237594827980118,0,0,1,"WFIKKN2","GSE214411","Myeloid",TRUE
1,-0.237594827980118,0,0,1,"RP11-700H6.2","GSE214411","Myeloid",TRUE
1,-0.237594827980118,0,0,1,"NME1-NME2","GSE214411","Myeloid",TRUE
1,-0.237594827980118,0,0,1,"RP11-1018N14.1","GSE214411","Myeloid",TRUE
1,-0.237594827980118,0,0,1,"CA10","GSE214411","Myeloid",TRUE
1,-0.237594827980118,0,0,1,"RP11-257O5.4","GSE214411","Myeloid",TRUE
1,-0.237594827980118,0,0,1,"RP11-515O17.3","GSE214411","Myeloid",TRUE
1,-0.237594827980118,0,0,1,"ANKFN1","GSE214411","Myeloid",TRUE
1,-0.237594827980118,0,0,1,"RP11-60A24.3","GSE214411","Myeloid",TRUE
1,-0.237594827980118,0,0,1,"HSF5","GSE214411","Myeloid",TRUE
1,-0.237594827980118,0,0,1,"SEPT4-AS1","GSE214411","Myeloid",TRUE
1,-0.237594827980118,0,0,1,"C17orf47","GSE214411","Myeloid",TRUE
1,-0.237594827980118,0,0,1,"CTD-2510F5.4","GSE214411","Myeloid",TRUE
1,-0.237594827980118,0,0,1,"TBC1D3P1-DHX40P1","GSE214411","Myeloid",TRUE
1,-0.237594827980118,0,0,1,"RP11-15E18.1","GSE214411","Myeloid",TRUE
1,-0.237594827980118,0,0,1,"RP11-332H18.5","GSE214411","Myeloid",TRUE
1,-0.237594827980118,0,0,1,"EFCAB3","GSE214411","Myeloid",TRUE
1,-0.237594827980118,0,0,1,"RP11-156L14.1","GSE214411","Myeloid",TRUE
1,-0.237594827980118,0,0,1,"RP11-453A12.1","GSE214411","Myeloid",TRUE
1,-0.237594827980118,0,0,1,"RP11-269G24.6","GSE214411","Myeloid",TRUE
1,-0.237594827980118,0,0,1,"CTD-2501B8.1","GSE214411","Myeloid",TRUE
1,-0.237594827980118,0,0,1,"KCNH6","GSE214411","Myeloid",TRUE
1,-0.237594827980118,0,0,1,"GH1","GSE214411","Myeloid",TRUE
1,-0.237594827980118,0,0,1,"RGS9","GSE214411","Myeloid",TRUE
1,-0.237594827980118,0,0,1,"APOH","GSE214411","Myeloid",TRUE
1,-0.237594827980118,0,0,1,"RP11-855A2.3","GSE214411","Myeloid",TRUE
1,-0.237594827980118,0,0,1,"ABCA9-AS1","GSE214411","Myeloid",TRUE
1,-0.237594827980118,0,0,1,"KCNJ16","GSE214411","Myeloid",TRUE
1,-0.237594827980118,0,0,1,"LINC01152","GSE214411","Myeloid",TRUE
1,-0.237594827980118,0,0,1,"RP11-1124B17.1","GSE214411","Myeloid",TRUE
1,-0.237594827980118,0,0,1,"CTD-3010D24.3","GSE214411","Myeloid",TRUE
1,-0.237594827980118,0,0,1,"RP11-143K11.7","GSE214411","Myeloid",TRUE
1,-0.237594827980118,0,0,1,"CPSF4L","GSE214411","Myeloid",TRUE
1,-0.237594827980118,0,0,1,"C17orf77","GSE214411","Myeloid",TRUE
1,-0.237594827980118,0,0,1,"HID1-AS1","GSE214411","Myeloid",TRUE
1,-0.237594827980118,0,0,1,"RP11-474I11.8","GSE214411","Myeloid",TRUE
1,-0.237594827980118,0,0,1,"RP11-552F3.10","GSE214411","Myeloid",TRUE
1,-0.237594827980118,0,0,1,"CDK3","GSE214411","Myeloid",TRUE
1,-0.237594827980118,0,0,1,"EVPL","GSE214411","Myeloid",TRUE
1,-0.237594827980118,0,0,1,"ZACN","GSE214411","Myeloid",TRUE
1,-0.237594827980118,0,0,1,"AANAT","GSE214411","Myeloid",TRUE
1,-0.237594827980118,0,0,1,"RP11-666A8.9","GSE214411","Myeloid",TRUE
1,-0.237594827980118,0,0,1,"RP11-318A15.8","GSE214411","Myeloid",TRUE
1,-0.237594827980118,0,0,1,"MGAT5B","GSE214411","Myeloid",TRUE
1,-0.237594827980118,0,0,1,"RP11-285E9.6","GSE214411","Myeloid",TRUE
1,-0.237594827980118,0,0,1,"RP11-285E9.5","GSE214411","Myeloid",TRUE
1,-0.237594827980118,0,0,1,"RP11-13K12.2","GSE214411","Myeloid",TRUE
1,-0.237594827980118,0,0,1,"FLJ45079","GSE214411","Myeloid",TRUE
1,-0.237594827980118,0,0,1,"RP11-323N12.5","GSE214411","Myeloid",TRUE
1,-0.237594827980118,0,0,1,"C1QTNF1-AS1","GSE214411","Myeloid",TRUE
1,-0.237594827980118,0,0,1,"HP09025","GSE214411","Myeloid",TRUE
1,-0.237594827980118,0,0,1,"RP11-353N14.1","GSE214411","Myeloid",TRUE
1,-0.237594827980118,0,0,1,"RP11-353N14.5","GSE214411","Myeloid",TRUE
1,-0.237594827980118,0,0,1,"RP11-353N14.4","GSE214411","Myeloid",TRUE
1,-0.237594827980118,0,0,1,"RP11-334C17.6","GSE214411","Myeloid",TRUE
1,-0.237594827980118,0,0,1,"CTD-2526A2.2","GSE214411","Myeloid",TRUE
1,-0.237594827980118,0,0,1,"LINC00482","GSE214411","Myeloid",TRUE
1,-0.237594827980118,0,0,1,"RP11-455O6.9","GSE214411","Myeloid",TRUE
1,-0.237594827980118,0,0,1,"RP11-1055B8.3","GSE214411","Myeloid",TRUE
1,-0.237594827980118,0,0,1,"RP11-1055B8.4","GSE214411","Myeloid",TRUE
1,-0.237594827980118,0,0,1,"RP13-766D20.2","GSE214411","Myeloid",TRUE
1,-0.237594827980118,0,0,1,"FSCN2","GSE214411","Myeloid",TRUE
1,-0.237594827980118,0,0,1,"GCGR","GSE214411","Myeloid",TRUE
1,-0.237594827980118,0,0,1,"RP11-498C9.2","GSE214411","Myeloid",TRUE
1,-0.237594827980118,0,0,1,"RP11-498C9.12","GSE214411","Myeloid",TRUE
1,-0.237594827980118,0,0,1,"NOTUM","GSE214411","Myeloid",TRUE
1,-0.237594827980118,0,0,1,"RP11-498C9.17","GSE214411","Myeloid",TRUE
1,-0.237594827980118,0,0,1,"RP11-1376P16.1","GSE214411","Myeloid",TRUE
1,-0.237594827980118,0,0,1,"TEX19","GSE214411","Myeloid",TRUE
1,-0.237594827980118,0,0,1,"RP13-20L14.1","GSE214411","Myeloid",TRUE
1,-0.237594827980118,0,0,1,"RP13-638C3.3","GSE214411","Myeloid",TRUE
1,-0.237594827980118,0,0,1,"RP11-388C12.1","GSE214411","Myeloid",TRUE
1,-0.237594827980118,0,0,1,"RP11-720L2.4","GSE214411","Myeloid",TRUE
1,-0.237594827980118,0,0,1,"RP11-806L2.6","GSE214411","Myeloid",TRUE
1,-0.237594827980118,0,0,1,"RP11-769O8.1","GSE214411","Myeloid",TRUE
1,-0.237594827980118,0,0,1,"RP11-78F17.1","GSE214411","Myeloid",TRUE
1,-0.237594827980118,0,0,1,"RP11-703M24.5","GSE214411","Myeloid",TRUE
1,-0.237594827980118,0,0,1,"RP11-838N2.3","GSE214411","Myeloid",TRUE
1,-0.237594827980118,0,0,1,"DLGAP1-AS3","GSE214411","Myeloid",TRUE
1,-0.237594827980118,0,0,1,"DLGAP1-AS4","GSE214411","Myeloid",TRUE
1,-0.237594827980118,0,0,1,"DLGAP1-AS5","GSE214411","Myeloid",TRUE
1,-0.237594827980118,0,0,1,"TMEM200C","GSE214411","Myeloid",TRUE
1,-0.237594827980118,0,0,1,"RP11-91I8.3","GSE214411","Myeloid",TRUE
1,-0.237594827980118,0,0,1,"LINC00668","GSE214411","Myeloid",TRUE
1,-0.237594827980118,0,0,1,"RP11-781P6.1","GSE214411","Myeloid",TRUE
1,-0.237594827980118,0,0,1,"RP11-888D10.3","GSE214411","Myeloid",TRUE
1,-0.237594827980118,0,0,1,"PPP4R1-AS1","GSE214411","Myeloid",TRUE
1,-0.237594827980118,0,0,1,"RP11-474N24.6","GSE214411","Myeloid",TRUE
1,-0.237594827980118,0,0,1,"RP11-419J16.1","GSE214411","Myeloid",TRUE
1,-0.237594827980118,0,0,1,"RP11-703I16.1","GSE214411","Myeloid",TRUE
1,-0.237594827980118,0,0,1,"CIDEA","GSE214411","Myeloid",TRUE
1,-0.237594827980118,0,0,1,"RP11-64C12.8","GSE214411","Myeloid",TRUE
1,-0.237594827980118,0,0,1,"RP11-973H7.4","GSE214411","Myeloid",TRUE
1,-0.237594827980118,0,0,1,"RP11-794M8.1","GSE214411","Myeloid",TRUE
1,-0.237594827980118,0,0,1,"RP11-701H16.4","GSE214411","Myeloid",TRUE
1,-0.237594827980118,0,0,1,"RP11-411B10.3","GSE214411","Myeloid",TRUE
1,-0.237594827980118,0,0,1,"CYP4F35P","GSE214411","Myeloid",TRUE
1,-0.237594827980118,0,0,1,"RP11-699A5.2","GSE214411","Myeloid",TRUE
1,-0.237594827980118,0,0,1,"MIR133A1HG","GSE214411","Myeloid",TRUE
1,-0.237594827980118,0,0,1,"RP11-595B24.2","GSE214411","Myeloid",TRUE
1,-0.237594827980118,0,0,1,"RP11-535A5.1","GSE214411","Myeloid",TRUE
1,-0.237594827980118,0,0,1,"CTAGE1","GSE214411","Myeloid",TRUE
1,-0.237594827980118,0,0,1,"RP11-403A21.1","GSE214411","Myeloid",TRUE
1,-0.237594827980118,0,0,1,"TTC39C-AS1","GSE214411","Myeloid",TRUE
1,-0.237594827980118,0,0,1,"RP11-449D8.1","GSE214411","Myeloid",TRUE
1,-0.237594827980118,0,0,1,"RP11-17A19.2","GSE214411","Myeloid",TRUE
1,-0.237594827980118,0,0,1,"AQP4","GSE214411","Myeloid",TRUE
1,-0.237594827980118,0,0,1,"DSC3","GSE214411","Myeloid",TRUE
1,-0.237594827980118,0,0,1,"DSCAS","GSE214411","Myeloid",TRUE
1,-0.237594827980118,0,0,1,"DSG1","GSE214411","Myeloid",TRUE
1,-0.237594827980118,0,0,1,"DSG4","GSE214411","Myeloid",TRUE
1,-0.237594827980118,0,0,1,"DSG3","GSE214411","Myeloid",TRUE
1,-0.237594827980118,0,0,1,"RP11-650P15.1","GSE214411","Myeloid",TRUE
1,-0.237594827980118,0,0,1,"SLC25A52","GSE214411","Myeloid",TRUE
1,-0.237594827980118,0,0,1,"MEP1B","GSE214411","Myeloid",TRUE
1,-0.237594827980118,0,0,1,"CCDC178","GSE214411","Myeloid",TRUE
1,-0.237594827980118,0,0,1,"ASXL3","GSE214411","Myeloid",TRUE
1,-0.237594827980118,0,0,1,"NOL4","GSE214411","Myeloid",TRUE
1,-0.237594827980118,0,0,1,"RP11-158H5.8","GSE214411","Myeloid",TRUE
1,-0.237594827980118,0,0,1,"RP11-54G14.1","GSE214411","Myeloid",TRUE
1,-0.237594827980118,0,0,1,"RP11-322E11.6","GSE214411","Myeloid",TRUE
1,-0.237594827980118,0,0,1,"RP11-95O2.1","GSE214411","Myeloid",TRUE
1,-0.237594827980118,0,0,1,"RP11-687D19.1","GSE214411","Myeloid",TRUE
1,-0.237594827980118,0,0,1,"LINC00907","GSE214411","Myeloid",TRUE
1,-0.237594827980118,0,0,1,"SLC14A2","GSE214411","Myeloid",TRUE
1,-0.237594827980118,0,0,1,"SLC14A2-AS1","GSE214411","Myeloid",TRUE
1,-0.237594827980118,0,0,1,"ST8SIA5","GSE214411","Myeloid",TRUE
1,-0.237594827980118,0,0,1,"RP11-49K24.8","GSE214411","Myeloid",TRUE
1,-0.237594827980118,0,0,1,"CTD-2130O13.1","GSE214411","Myeloid",TRUE
1,-0.237594827980118,0,0,1,"RP11-15F12.3","GSE214411","Myeloid",TRUE
1,-0.237594827980118,0,0,1,"MIR1539","GSE214411","Myeloid",TRUE
1,-0.237594827980118,0,0,1,"MAPK4","GSE214411","Myeloid",TRUE
1,-0.237594827980118,0,0,1,"DCC","GSE214411","Myeloid",TRUE
1,-0.237594827980118,0,0,1,"RP11-839G9.1","GSE214411","Myeloid",TRUE
1,-0.237594827980118,0,0,1,"TCF4-AS1","GSE214411","Myeloid",TRUE
1,-0.237594827980118,0,0,1,"LINC01415","GSE214411","Myeloid",TRUE
1,-0.237594827980118,0,0,1,"RP11-456O19.2","GSE214411","Myeloid",TRUE
1,-0.237594827980118,0,0,1,"LINC-ROR","GSE214411","Myeloid",TRUE
1,-0.237594827980118,0,0,1,"RP11-126O1.4","GSE214411","Myeloid",TRUE
1,-0.237594827980118,0,0,1,"RP11-108P20.2","GSE214411","Myeloid",TRUE
1,-0.237594827980118,0,0,1,"GRP","GSE214411","Myeloid",TRUE
1,-0.237594827980118,0,0,1,"RAX","GSE214411","Myeloid",TRUE
1,-0.237594827980118,0,0,1,"CPLX4","GSE214411","Myeloid",TRUE
1,-0.237594827980118,0,0,1,"RP11-2N1.2","GSE214411","Myeloid",TRUE
1,-0.237594827980118,0,0,1,"RP11-2N1.3","GSE214411","Myeloid",TRUE
1,-0.237594827980118,0,0,1,"MC4R","GSE214411","Myeloid",TRUE
1,-0.237594827980118,0,0,1,"RP11-879F14.1","GSE214411","Myeloid",TRUE
1,-0.237594827980118,0,0,1,"SERPINB5","GSE214411","Myeloid",TRUE
1,-0.237594827980118,0,0,1,"SERPINB13","GSE214411","Myeloid",TRUE
1,-0.237594827980118,0,0,1,"LINC00305","GSE214411","Myeloid",TRUE
1,-0.237594827980118,0,0,1,"RP11-453M23.1","GSE214411","Myeloid",TRUE
1,-0.237594827980118,0,0,1,"CDH7","GSE214411","Myeloid",TRUE
1,-0.237594827980118,0,0,1,"CTD-2541J13.1","GSE214411","Myeloid",TRUE
1,-0.237594827980118,0,0,1,"CTD-2541J13.2","GSE214411","Myeloid",TRUE
1,-0.237594827980118,0,0,1,"RP11-638L3.1","GSE214411","Myeloid",TRUE
1,-0.237594827980118,0,0,1,"RP11-674P19.2","GSE214411","Myeloid",TRUE
1,-0.237594827980118,0,0,1,"CBLN2","GSE214411","Myeloid",TRUE
1,-0.237594827980118,0,0,1,"NETO1","GSE214411","Myeloid",TRUE
1,-0.237594827980118,0,0,1,"RP11-669I1.1","GSE214411","Myeloid",TRUE
1,-0.237594827980118,0,0,1,"FAM69C","GSE214411","Myeloid",TRUE
1,-0.237594827980118,0,0,1,"CNDP1","GSE214411","Myeloid",TRUE
1,-0.237594827980118,0,0,1,"RP11-231E4.3","GSE214411","Myeloid",TRUE
1,-0.237594827980118,0,0,1,"RP11-94B19.3","GSE214411","Myeloid",TRUE
1,-0.237594827980118,0,0,1,"RP11-111H3.3","GSE214411","Myeloid",TRUE
1,-0.237594827980118,0,0,1,"AC034110.1","GSE214411","Myeloid",TRUE
1,-0.237594827980118,0,0,1,"RP11-4B16.3","GSE214411","Myeloid",TRUE
1,-0.237594827980118,0,0,1,"GALR1","GSE214411","Myeloid",TRUE
1,-0.237594827980118,0,0,1,"RP11-176N18.2","GSE214411","Myeloid",TRUE
1,-0.237594827980118,0,0,1,"RP11-800A18.4","GSE214411","Myeloid",TRUE
1,-0.237594827980118,0,0,1,"RP11-248M19.1","GSE214411","Myeloid",TRUE
1,-0.237594827980118,0,0,1,"RP11-795F19.1","GSE214411","Myeloid",TRUE
1,-0.237594827980118,0,0,1,"AC139100.3","GSE214411","Myeloid",TRUE
1,-0.237594827980118,0,0,1,"DEFB132","GSE214411","Myeloid",TRUE
1,-0.237594827980118,0,0,1,"TCF15","GSE214411","Myeloid",TRUE
1,-0.237594827980118,0,0,1,"C20orf202","GSE214411","Myeloid",TRUE
1,-0.237594827980118,0,0,1,"SNPH","GSE214411","Myeloid",TRUE
1,-0.237594827980118,0,0,1,"RP11-314N13.10","GSE214411","Myeloid",TRUE
1,-0.237594827980118,0,0,1,"C20orf141","GSE214411","Myeloid",TRUE
1,-0.237594827980118,0,0,1,"TMEM239","GSE214411","Myeloid",TRUE
1,-0.237594827980118,0,0,1,"GNRH2","GSE214411","Myeloid",TRUE
1,-0.237594827980118,0,0,1,"AVP","GSE214411","Myeloid",TRUE
1,-0.237594827980118,0,0,1,"UBOX5-AS1","GSE214411","Myeloid",TRUE
1,-0.237594827980118,0,0,1,"RP4-681N20.5","GSE214411","Myeloid",TRUE
1,-0.237594827980118,0,0,1,"RP5-1164C1.2","GSE214411","Myeloid",TRUE
1,-0.237594827980118,0,0,1,"RP5-1116H23.6","GSE214411","Myeloid",TRUE
1,-0.237594827980118,0,0,1,"RP5-1116H23.5","GSE214411","Myeloid",TRUE
1,-0.237594827980118,0,0,1,"RP5-1116H23.4","GSE214411","Myeloid",TRUE
1,-0.237594827980118,0,0,1,"RP5-828H9.1","GSE214411","Myeloid",TRUE
1,-0.237594827980118,0,0,1,"RP5-1022P6.7","GSE214411","Myeloid",TRUE
1,-0.237594827980118,0,0,1,"RP5-1022P6.4","GSE214411","Myeloid",TRUE
1,-0.237594827980118,0,0,1,"RP5-1056H1.2","GSE214411","Myeloid",TRUE
1,-0.237594827980118,0,0,1,"RP5-971N18.3","GSE214411","Myeloid",TRUE
1,-0.237594827980118,0,0,1,"SNAP25-AS1","GSE214411","Myeloid",TRUE
1,-0.237594827980118,0,0,1,"SNAP25","GSE214411","Myeloid",TRUE
1,-0.237594827980118,0,0,1,"RP11-103J8.1","GSE214411","Myeloid",TRUE
1,-0.237594827980118,0,0,1,"RP11-103J8.2","GSE214411","Myeloid",TRUE
1,-0.237594827980118,0,0,1,"RP11-268G13.1","GSE214411","Myeloid",TRUE
1,-0.237594827980118,0,0,1,"ISM1","GSE214411","Myeloid",TRUE
1,-0.237594827980118,0,0,1,"RP4-585I14.3","GSE214411","Myeloid",TRUE
1,-0.237594827980118,0,0,1,"FLRT3","GSE214411","Myeloid",TRUE
1,-0.237594827980118,0,0,1,"RP4-777L9.2","GSE214411","Myeloid",TRUE
1,-0.237594827980118,0,0,1,"RP5-905G11.3","GSE214411","Myeloid",TRUE
1,-0.237594827980118,0,0,1,"LINC00652","GSE214411","Myeloid",TRUE
1,-0.237594827980118,0,0,1,"RP5-1027G4.3","GSE214411","Myeloid",TRUE
1,-0.237594827980118,0,0,1,"RP1-122P22.2","GSE214411","Myeloid",TRUE
1,-0.237594827980118,0,0,1,"CFAP61","GSE214411","Myeloid",TRUE
1,-0.237594827980118,0,0,1,"RP5-1178H5.2","GSE214411","Myeloid",TRUE
1,-0.237594827980118,0,0,1,"KIZ-AS1","GSE214411","Myeloid",TRUE
1,-0.237594827980118,0,0,1,"RP11-227D2.3","GSE214411","Myeloid",TRUE
1,-0.237594827980118,0,0,1,"CST11","GSE214411","Myeloid",TRUE
1,-0.237594827980118,0,0,1,"CST2","GSE214411","Myeloid",TRUE
1,-0.237594827980118,0,0,1,"RP5-1025A1.3","GSE214411","Myeloid",TRUE
1,-0.237594827980118,0,0,1,"RP5-965G21.4","GSE214411","Myeloid",TRUE
1,-0.237594827980118,0,0,1,"RP5-965G21.5","GSE214411","Myeloid",TRUE
1,-0.237594827980118,0,0,1,"RP4-694B14.8","GSE214411","Myeloid",TRUE
1,-0.237594827980118,0,0,1,"FAM182B","GSE214411","Myeloid",TRUE
1,-0.237594827980118,0,0,1,"DEFB124","GSE214411","Myeloid",TRUE
1,-0.237594827980118,0,0,1,"REM1","GSE214411","Myeloid",TRUE
1,-0.237594827980118,0,0,1,"LINC00028","GSE214411","Myeloid",TRUE
1,-0.237594827980118,0,0,1,"COX4I2","GSE214411","Myeloid",TRUE
1,-0.237594827980118,0,0,1,"RP11-243J16.7","GSE214411","Myeloid",TRUE
1,-0.237594827980118,0,0,1,"RP11-358N2.2","GSE214411","Myeloid",TRUE
1,-0.237594827980118,0,0,1,"RP5-1184F4.7","GSE214411","Myeloid",TRUE
1,-0.237594827980118,0,0,1,"C20orf144","GSE214411","Myeloid",TRUE
1,-0.237594827980118,0,0,1,"RP11-42O4.2","GSE214411","Myeloid",TRUE
1,-0.237594827980118,0,0,1,"FAM83C-AS1","GSE214411","Myeloid",TRUE
1,-0.237594827980118,0,0,1,"FAM83C","GSE214411","Myeloid",TRUE
1,-0.237594827980118,0,0,1,"GDF5OS","GSE214411","Myeloid",TRUE
1,-0.237594827980118,0,0,1,"RP11-234K24.6","GSE214411","Myeloid",TRUE
1,-0.237594827980118,0,0,1,"DLGAP4-AS1","GSE214411","Myeloid",TRUE
1,-0.237594827980118,0,0,1,"RP4-621N11.2","GSE214411","Myeloid",TRUE
1,-0.237594827980118,0,0,1,"VSTM2L","GSE214411","Myeloid",TRUE
1,-0.237594827980118,0,0,1,"RP5-1057B20.3","GSE214411","Myeloid",TRUE
1,-0.237594827980118,0,0,1,"RP4-564F22.7","GSE214411","Myeloid",TRUE
1,-0.237594827980118,0,0,1,"ARHGAP40","GSE214411","Myeloid",TRUE
1,-0.237594827980118,0,0,1,"RP4-616B8.4","GSE214411","Myeloid",TRUE
1,-0.237594827980118,0,0,1,"PTPRT","GSE214411","Myeloid",TRUE
1,-0.237594827980118,0,0,1,"SGK2","GSE214411","Myeloid",TRUE
1,-0.237594827980118,0,0,1,"JPH2","GSE214411","Myeloid",TRUE
1,-0.237594827980118,0,0,1,"GDAP1L1","GSE214411","Myeloid",TRUE
1,-0.237594827980118,0,0,1,"LINC01620","GSE214411","Myeloid",TRUE
1,-0.237594827980118,0,0,1,"KCNK15-AS1","GSE214411","Myeloid",TRUE
1,-0.237594827980118,0,0,1,"RIMS4","GSE214411","Myeloid",TRUE
1,-0.237594827980118,0,0,1,"KCNS1","GSE214411","Myeloid",TRUE
1,-0.237594827980118,0,0,1,"MATN4","GSE214411","Myeloid",TRUE
1,-0.237594827980118,0,0,1,"SYS1-DBNDD2","GSE214411","Myeloid",TRUE
1,-0.237594827980118,0,0,1,"TP53TG5","GSE214411","Myeloid",TRUE
1,-0.237594827980118,0,0,1,"RP3-461P17.9","GSE214411","Myeloid",TRUE
1,-0.237594827980118,0,0,1,"SPINT3","GSE214411","Myeloid",TRUE
1,-0.237594827980118,0,0,1,"EPPIN","GSE214411","Myeloid",TRUE
1,-0.237594827980118,0,0,1,"WFDC10B","GSE214411","Myeloid",TRUE
1,-0.237594827980118,0,0,1,"SPATA25","GSE214411","Myeloid",TRUE
1,-0.237594827980118,0,0,1,"RP11-323C15.2","GSE214411","Myeloid",TRUE
1,-0.237594827980118,0,0,1,"RP11-321P16.1","GSE214411","Myeloid",TRUE
1,-0.237594827980118,0,0,1,"LINC00494","GSE214411","Myeloid",TRUE
1,-0.237594827980118,0,0,1,"CSE1L-AS1","GSE214411","Myeloid",TRUE
1,-0.237594827980118,0,0,1,"TMEM189-UBE2V1","GSE214411","Myeloid",TRUE
1,-0.237594827980118,0,0,1,"RP11-112L6.3","GSE214411","Myeloid",TRUE
1,-0.237594827980118,0,0,1,"LINC01273","GSE214411","Myeloid",TRUE
1,-0.237594827980118,0,0,1,"RP4-530I15.6","GSE214411","Myeloid",TRUE
1,-0.237594827980118,0,0,1,"RP5-955M13.4","GSE214411","Myeloid",TRUE
1,-0.237594827980118,0,0,1,"RP4-678D15.1","GSE214411","Myeloid",TRUE
1,-0.237594827980118,0,0,1,"RP4-669H2.1","GSE214411","Myeloid",TRUE
1,-0.237594827980118,0,0,1,"AC005220.3","GSE214411","Myeloid",TRUE
1,-0.237594827980118,0,0,1,"CYP24A1","GSE214411","Myeloid",TRUE
1,-0.237594827980118,0,0,1,"RP4-813D12.3","GSE214411","Myeloid",TRUE
1,-0.237594827980118,0,0,1,"RP4-718J7.4","GSE214411","Myeloid",TRUE
1,-0.237594827980118,0,0,1,"RP13-379L11.2","GSE214411","Myeloid",TRUE
1,-0.237594827980118,0,0,1,"RP5-907D15.4","GSE214411","Myeloid",TRUE
1,-0.237594827980118,0,0,1,"RP4-806M20.4","GSE214411","Myeloid",TRUE
1,-0.237594827980118,0,0,1,"GNAS-AS1","GSE214411","Myeloid",TRUE
1,-0.237594827980118,0,0,1,"RP3-492J12.2","GSE214411","Myeloid",TRUE
1,-0.237594827980118,0,0,1,"CDH4","GSE214411","Myeloid",TRUE
1,-0.237594827980118,0,0,1,"RP11-429E11.3","GSE214411","Myeloid",TRUE
1,-0.237594827980118,0,0,1,"LAMA5-AS1","GSE214411","Myeloid",TRUE
1,-0.237594827980118,0,0,1,"RP5-908M14.5","GSE214411","Myeloid",TRUE
1,-0.237594827980118,0,0,1,"GATA5","GSE214411","Myeloid",TRUE
1,-0.237594827980118,0,0,1,"C20orf166-AS1","GSE214411","Myeloid",TRUE
1,-0.237594827980118,0,0,1,"WI2-87327B8.2","GSE214411","Myeloid",TRUE
1,-0.237594827980118,0,0,1,"LINC00659","GSE214411","Myeloid",TRUE
1,-0.237594827980118,0,0,1,"HAR1B","GSE214411","Myeloid",TRUE
1,-0.237594827980118,0,0,1,"FLJ16779","GSE214411","Myeloid",TRUE
1,-0.237594827980118,0,0,1,"COL20A1","GSE214411","Myeloid",TRUE
1,-0.237594827980118,0,0,1,"CHRNA4","GSE214411","Myeloid",TRUE
1,-0.237594827980118,0,0,1,"KCNQ2","GSE214411","Myeloid",TRUE
1,-0.237594827980118,0,0,1,"RP4-697K14.15","GSE214411","Myeloid",TRUE
1,-0.237594827980118,0,0,1,"C20orf195","GSE214411","Myeloid",TRUE
1,-0.237594827980118,0,0,1,"RTEL1-TNFRSF6B","GSE214411","Myeloid",TRUE
1,-0.237594827980118,0,0,1,"RP4-583P15.15","GSE214411","Myeloid",TRUE
1,-0.237594827980118,0,0,1,"LIME1","GSE214411","Myeloid",TRUE
1,-0.237594827980118,0,0,1,"ABHD16B","GSE214411","Myeloid",TRUE
1,-0.237594827980118,0,0,1,"C2CD4C","GSE214411","Myeloid",TRUE
1,-0.237594827980118,0,0,1,"ODF3L2","GSE214411","Myeloid",TRUE
1,-0.237594827980118,0,0,1,"AC006273.4","GSE214411","Myeloid",TRUE
1,-0.237594827980118,0,0,1,"LLNLR-284B4.1","GSE214411","Myeloid",TRUE
1,-0.237594827980118,0,0,1,"AC004221.2","GSE214411","Myeloid",TRUE
1,-0.237594827980118,0,0,1,"EFNA2","GSE214411","Myeloid",TRUE
1,-0.237594827980118,0,0,1,"AC005330.2","GSE214411","Myeloid",TRUE
1,-0.237594827980118,0,0,1,"AC004623.2","GSE214411","Myeloid",TRUE
1,-0.237594827980118,0,0,1,"AC005329.7","GSE214411","Myeloid",TRUE
1,-0.237594827980118,0,0,1,"ADAMTSL5","GSE214411","Myeloid",TRUE
1,-0.237594827980118,0,0,1,"CTB-25B13.9","GSE214411","Myeloid",TRUE
1,-0.237594827980118,0,0,1,"AC005256.1","GSE214411","Myeloid",TRUE
1,-0.237594827980118,0,0,1,"AC004490.1","GSE214411","Myeloid",TRUE
1,-0.237594827980118,0,0,1,"AC005624.2","GSE214411","Myeloid",TRUE
1,-0.237594827980118,0,0,1,"AC005262.2","GSE214411","Myeloid",TRUE
1,-0.237594827980118,0,0,1,"CELF5","GSE214411","Myeloid",TRUE
1,-0.237594827980118,0,0,1,"AC010649.1","GSE214411","Myeloid",TRUE
1,-0.237594827980118,0,0,1,"AC005786.7","GSE214411","Myeloid",TRUE
1,-0.237594827980118,0,0,1,"AC005786.5","GSE214411","Myeloid",TRUE
1,-0.237594827980118,0,0,1,"TBXA2R","GSE214411","Myeloid",TRUE
1,-0.237594827980118,0,0,1,"CACTIN-AS1","GSE214411","Myeloid",TRUE
1,-0.237594827980118,0,0,1,"RAX2","GSE214411","Myeloid",TRUE
1,-0.237594827980118,0,0,1,"ATCAY","GSE214411","Myeloid",TRUE
1,-0.237594827980118,0,0,1,"CREB3L3","GSE214411","Myeloid",TRUE
1,-0.237594827980118,0,0,1,"SHD","GSE214411","Myeloid",TRUE
1,-0.237594827980118,0,0,1,"CTB-50L17.7","GSE214411","Myeloid",TRUE
1,-0.237594827980118,0,0,1,"DPP9-AS1","GSE214411","Myeloid",TRUE
1,-0.237594827980118,0,0,1,"MIR7-3HG","GSE214411","Myeloid",TRUE
1,-0.237594827980118,0,0,1,"LLNLR-304G9.1","GSE214411","Myeloid",TRUE
1,-0.237594827980118,0,0,1,"FUT6","GSE214411","Myeloid",TRUE
1,-0.237594827980118,0,0,1,"FUT3","GSE214411","Myeloid",TRUE
1,-0.237594827980118,0,0,1,"AC024592.9","GSE214411","Myeloid",TRUE
1,-0.237594827980118,0,0,1,"AC104532.2","GSE214411","Myeloid",TRUE
1,-0.237594827980118,0,0,1,"ACER1","GSE214411","Myeloid",TRUE
1,-0.237594827980118,0,0,1,"SLC25A41","GSE214411","Myeloid",TRUE
1,-0.237594827980118,0,0,1,"TUBB4A","GSE214411","Myeloid",TRUE
1,-0.237594827980118,0,0,1,"CTD-3128G10.6","GSE214411","Myeloid",TRUE
1,-0.237594827980118,0,0,1,"CTB-133G6.1","GSE214411","Myeloid",TRUE
1,-0.237594827980118,0,0,1,"CTB-133G6.2","GSE214411","Myeloid",TRUE
1,-0.237594827980118,0,0,1,"CTD-3214H19.6","GSE214411","Myeloid",TRUE
1,-0.237594827980118,0,0,1,"CTD-3193O13.11","GSE214411","Myeloid",TRUE
1,-0.237594827980118,0,0,1,"CTD-3193O13.13","GSE214411","Myeloid",TRUE
1,-0.237594827980118,0,0,1,"CTD-3193O13.1","GSE214411","Myeloid",TRUE
1,-0.237594827980118,0,0,1,"CTD-3020H12.4","GSE214411","Myeloid",TRUE
1,-0.237594827980118,0,0,1,"AC130469.2","GSE214411","Myeloid",TRUE
1,-0.237594827980118,0,0,1,"OR7D2","GSE214411","Myeloid",TRUE
1,-0.237594827980118,0,0,1,"CTC-325H20.4","GSE214411","Myeloid",TRUE
1,-0.237594827980118,0,0,1,"ZNF177","GSE214411","Myeloid",TRUE
1,-0.237594827980118,0,0,1,"ZNF560","GSE214411","Myeloid",TRUE
1,-0.237594827980118,0,0,1,"CTD-3116E22.7","GSE214411","Myeloid",TRUE
1,-0.237594827980118,0,0,1,"CTD-2623N2.5","GSE214411","Myeloid",TRUE
1,-0.237594827980118,0,0,1,"CTD-2553C6.1","GSE214411","Myeloid",TRUE
1,-0.237594827980118,0,0,1,"CTD-2240E14.4","GSE214411","Myeloid",TRUE
1,-0.237594827980118,0,0,1,"CTD-2369P2.4","GSE214411","Myeloid",TRUE
1,-0.237594827980118,0,0,1,"S1PR5","GSE214411","Myeloid",TRUE
1,-0.237594827980118,0,0,1,"CTC-510F12.2","GSE214411","Myeloid",TRUE
1,-0.237594827980118,0,0,1,"CTC-510F12.7","GSE214411","Myeloid",TRUE
1,-0.237594827980118,0,0,1,"ANGPTL8","GSE214411","Myeloid",TRUE
1,-0.237594827980118,0,0,1,"TSPAN16","GSE214411","Myeloid",TRUE
1,-0.237594827980118,0,0,1,"CTC-499B15.7","GSE214411","Myeloid",TRUE
1,-0.237594827980118,0,0,1,"CTD-2006C1.13","GSE214411","Myeloid",TRUE
1,-0.237594827980118,0,0,1,"CTD-2006C1.10","GSE214411","Myeloid",TRUE
1,-0.237594827980118,0,0,1,"ZNF625-ZNF20","GSE214411","Myeloid",TRUE
1,-0.237594827980118,0,0,1,"CTD-2666L21.1","GSE214411","Myeloid",TRUE
1,-0.237594827980118,0,0,1,"CTD-3105H18.7","GSE214411","Myeloid",TRUE
1,-0.237594827980118,0,0,1,"CTD-2192J16.11","GSE214411","Myeloid",TRUE
1,-0.237594827980118,0,0,1,"RTBDN","GSE214411","Myeloid",TRUE
1,-0.237594827980118,0,0,1,"AC005546.2","GSE214411","Myeloid",TRUE
1,-0.237594827980118,0,0,1,"CTC-250I14.3","GSE214411","Myeloid",TRUE
1,-0.237594827980118,0,0,1,"CTD-3252C9.2","GSE214411","Myeloid",TRUE
1,-0.237594827980118,0,0,1,"C19orf67","GSE214411","Myeloid",TRUE
1,-0.237594827980118,0,0,1,"CTD-2189E23.1","GSE214411","Myeloid",TRUE
1,-0.237594827980118,0,0,1,"CTC-548K16.2","GSE214411","Myeloid",TRUE
1,-0.237594827980118,0,0,1,"OR7A5","GSE214411","Myeloid",TRUE
1,-0.237594827980118,0,0,1,"SLC1A6","GSE214411","Myeloid",TRUE
1,-0.237594827980118,0,0,1,"AC003956.1","GSE214411","Myeloid",TRUE
1,-0.237594827980118,0,0,1,"AC004257.1","GSE214411","Myeloid",TRUE
1,-0.237594827980118,0,0,1,"CYP4F8","GSE214411","Myeloid",TRUE
1,-0.237594827980118,0,0,1,"CYP4F12","GSE214411","Myeloid",TRUE
1,-0.237594827980118,0,0,1,"OR10H1","GSE214411","Myeloid",TRUE
1,-0.237594827980118,0,0,1,"AC004510.3","GSE214411","Myeloid",TRUE
1,-0.237594827980118,0,0,1,"CTD-2231E14.5","GSE214411","Myeloid",TRUE
1,-0.237594827980118,0,0,1,"CTD-2013N17.4","GSE214411","Myeloid",TRUE
1,-0.237594827980118,0,0,1,"CALR3","GSE214411","Myeloid",TRUE
1,-0.237594827980118,0,0,1,"CTC-429P9.2","GSE214411","Myeloid",TRUE
1,-0.237594827980118,0,0,1,"CTC-429P9.1","GSE214411","Myeloid",TRUE
1,-0.237594827980118,0,0,1,"CTD-2521M24.8","GSE214411","Myeloid",TRUE
1,-0.237594827980118,0,0,1,"NXNL1","GSE214411","Myeloid",TRUE
1,-0.237594827980118,0,0,1,"UNC13A","GSE214411","Myeloid",TRUE
1,-0.237594827980118,0,0,1,"SLC5A5","GSE214411","Myeloid",TRUE
1,-0.237594827980118,0,0,1,"AC007192.6","GSE214411","Myeloid",TRUE
1,-0.237594827980118,0,0,1,"CTD-3137H5.1","GSE214411","Myeloid",TRUE
1,-0.237594827980118,0,0,1,"AC005253.4","GSE214411","Myeloid",TRUE
1,-0.237594827980118,0,0,1,"AC005197.2","GSE214411","Myeloid",TRUE
1,-0.237594827980118,0,0,1,"MEF2B","GSE214411","Myeloid",TRUE
1,-0.237594827980118,0,0,1,"NCAN","GSE214411","Myeloid",TRUE
1,-0.237594827980118,0,0,1,"CTC-260F20.3","GSE214411","Myeloid",TRUE
1,-0.237594827980118,0,0,1,"CILP2","GSE214411","Myeloid",TRUE
1,-0.237594827980118,0,0,1,"AC002306.1","GSE214411","Myeloid",TRUE
1,-0.237594827980118,0,0,1,"CTC-559E9.1","GSE214411","Myeloid",TRUE
1,-0.237594827980118,0,0,1,"CTC-559E9.4","GSE214411","Myeloid",TRUE
1,-0.237594827980118,0,0,1,"CTC-559E9.8","GSE214411","Myeloid",TRUE
1,-0.237594827980118,0,0,1,"AC007204.2","GSE214411","Myeloid",TRUE
1,-0.237594827980118,0,0,1,"CTC-513N18.6","GSE214411","Myeloid",TRUE
1,-0.237594827980118,0,0,1,"CTC-513N18.7","GSE214411","Myeloid",TRUE
1,-0.237594827980118,0,0,1,"RP11-678G14.2","GSE214411","Myeloid",TRUE
1,-0.237594827980118,0,0,1,"RP11-678G14.3","GSE214411","Myeloid",TRUE
1,-0.237594827980118,0,0,1,"ZNF676","GSE214411","Myeloid",TRUE
1,-0.237594827980118,0,0,1,"ZNF729","GSE214411","Myeloid",TRUE
1,-0.237594827980118,0,0,1,"AC025811.3","GSE214411","Myeloid",TRUE
1,-0.237594827980118,0,0,1,"LINC01233","GSE214411","Myeloid",TRUE
1,-0.237594827980118,0,0,1,"ZNF99","GSE214411","Myeloid",TRUE
1,-0.237594827980118,0,0,1,"ZNF728","GSE214411","Myeloid",TRUE
1,-0.237594827980118,0,0,1,"RP11-15H20.7","GSE214411","Myeloid",TRUE
1,-0.237594827980118,0,0,1,"LINC01224","GSE214411","Myeloid",TRUE
1,-0.237594827980118,0,0,1,"RP11-255H23.4","GSE214411","Myeloid",TRUE
1,-0.237594827980118,0,0,1,"CTD-2027I19.3","GSE214411","Myeloid",TRUE
1,-0.237594827980118,0,0,1,"LINC01532","GSE214411","Myeloid",TRUE
1,-0.237594827980118,0,0,1,"VSTM2B","GSE214411","Myeloid",TRUE
1,-0.237594827980118,0,0,1,"CTC-448F2.4","GSE214411","Myeloid",TRUE
1,-0.237594827980118,0,0,1,"CTC-400I9.1","GSE214411","Myeloid",TRUE
1,-0.237594827980118,0,0,1,"AC007796.1","GSE214411","Myeloid",TRUE
1,-0.237594827980118,0,0,1,"AC011525.2","GSE214411","Myeloid",TRUE
1,-0.237594827980118,0,0,1,"AC011518.1","GSE214411","Myeloid",TRUE
1,-0.237594827980118,0,0,1,"RGS9BP","GSE214411","Myeloid",TRUE
1,-0.237594827980118,0,0,1,"CHST8","GSE214411","Myeloid",TRUE
1,-0.237594827980118,0,0,1,"AC010504.2","GSE214411","Myeloid",TRUE
1,-0.237594827980118,0,0,1,"CTD-2588C8.8","GSE214411","Myeloid",TRUE
1,-0.237594827980118,0,0,1,"SCGB1B2P","GSE214411","Myeloid",TRUE
1,-0.237594827980118,0,0,1,"SCGB2B2","GSE214411","Myeloid",TRUE
1,-0.237594827980118,0,0,1,"CTC-523E23.4","GSE214411","Myeloid",TRUE
1,-0.237594827980118,0,0,1,"CTC-523E23.5","GSE214411","Myeloid",TRUE
1,-0.237594827980118,0,0,1,"ZNF30-AS1","GSE214411","Myeloid",TRUE
1,-0.237594827980118,0,0,1,"CTD-2527I21.15","GSE214411","Myeloid",TRUE
1,-0.237594827980118,0,0,1,"AC002128.5","GSE214411","Myeloid",TRUE
1,-0.237594827980118,0,0,1,"KRTDAP","GSE214411","Myeloid",TRUE
1,-0.237594827980118,0,0,1,"AF038458.5","GSE214411","Myeloid",TRUE
1,-0.237594827980118,0,0,1,"OVOL3","GSE214411","Myeloid",TRUE
1,-0.237594827980118,0,0,1,"AD001527.7","GSE214411","Myeloid",TRUE
1,-0.237594827980118,0,0,1,"CTD-2630F21.1","GSE214411","Myeloid",TRUE
1,-0.237594827980118,0,0,1,"CTD-3234P18.6","GSE214411","Myeloid",TRUE
1,-0.237594827980118,0,0,1,"CTD-2162K18.3","GSE214411","Myeloid",TRUE
1,-0.237594827980118,0,0,1,"CTD-2293H3.2","GSE214411","Myeloid",TRUE
1,-0.237594827980118,0,0,1,"CTD-3220F14.1","GSE214411","Myeloid",TRUE
1,-0.237594827980118,0,0,1,"CTD-3220F14.3","GSE214411","Myeloid",TRUE
1,-0.237594827980118,0,0,1,"CTD-3064H18.2","GSE214411","Myeloid",TRUE
1,-0.237594827980118,0,0,1,"CTD-3064H18.4","GSE214411","Myeloid",TRUE
1,-0.237594827980118,0,0,1,"CTD-2554C21.2","GSE214411","Myeloid",TRUE
1,-0.237594827980118,0,0,1,"AC016582.2","GSE214411","Myeloid",TRUE
1,-0.237594827980118,0,0,1,"CTD-2554C21.3","GSE214411","Myeloid",TRUE
1,-0.237594827980118,0,0,1,"WDR87","GSE214411","Myeloid",TRUE
1,-0.237594827980118,0,0,1,"CTB-102L5.4","GSE214411","Myeloid",TRUE
1,-0.237594827980118,0,0,1,"LGALS7","GSE214411","Myeloid",TRUE
1,-0.237594827980118,0,0,1,"LGALS7B","GSE214411","Myeloid",TRUE
1,-0.237594827980118,0,0,1,"CTC-360G5.6","GSE214411","Myeloid",TRUE
1,-0.237594827980118,0,0,1,"CTC-360G5.9","GSE214411","Myeloid",TRUE
1,-0.237594827980118,0,0,1,"CTC-218B8.3","GSE214411","Myeloid",TRUE
1,-0.237594827980118,0,0,1,"LLNLR-268E12.1","GSE214411","Myeloid",TRUE
1,-0.237594827980118,0,0,1,"TTC9B","GSE214411","Myeloid",TRUE
1,-0.237594827980118,0,0,1,"CNTD2","GSE214411","Myeloid",TRUE
1,-0.237594827980118,0,0,1,"HIPK4","GSE214411","Myeloid",TRUE
1,-0.237594827980118,0,0,1,"CTC-492K19.7","GSE214411","Myeloid",TRUE
1,-0.237594827980118,0,0,1,"CTC-492K19.4","GSE214411","Myeloid",TRUE
1,-0.237594827980118,0,0,1,"CYP2A6","GSE214411","Myeloid",TRUE
1,-0.237594827980118,0,0,1,"CYP2A7","GSE214411","Myeloid",TRUE
1,-0.237594827980118,0,0,1,"ERICH4","GSE214411","Myeloid",TRUE
1,-0.237594827980118,0,0,1,"AC004603.4","GSE214411","Myeloid",TRUE
1,-0.237594827980118,0,0,1,"CTC-490G23.6","GSE214411","Myeloid",TRUE
1,-0.237594827980118,0,0,1,"AC084219.4","GSE214411","Myeloid",TRUE
1,-0.237594827980118,0,0,1,"ZNF233","GSE214411","Myeloid",TRUE
1,-0.237594827980118,0,0,1,"CEACAM16","GSE214411","Myeloid",TRUE
1,-0.237594827980118,0,0,1,"CTB-179K24.3","GSE214411","Myeloid",TRUE
1,-0.237594827980118,0,0,1,"AC005757.6","GSE214411","Myeloid",TRUE
1,-0.237594827980118,0,0,1,"NKPD1","GSE214411","Myeloid",TRUE
1,-0.237594827980118,0,0,1,"AC005779.2","GSE214411","Myeloid",TRUE
1,-0.237594827980118,0,0,1,"AC006126.3","GSE214411","Myeloid",TRUE
1,-0.237594827980118,0,0,1,"KLC3","GSE214411","Myeloid",TRUE
1,-0.237594827980118,0,0,1,"AC074212.6","GSE214411","Myeloid",TRUE
1,-0.237594827980118,0,0,1,"RSPH6A","GSE214411","Myeloid",TRUE
1,-0.237594827980118,0,0,1,"FOXA3","GSE214411","Myeloid",TRUE
1,-0.237594827980118,0,0,1,"CTC-344H19.4","GSE214411","Myeloid",TRUE
1,-0.237594827980118,0,0,1,"AC007193.10","GSE214411","Myeloid",TRUE
1,-0.237594827980118,0,0,1,"GLTSCR2-AS1","GSE214411","Myeloid",TRUE
1,-0.237594827980118,0,0,1,"CTC-453G23.8","GSE214411","Myeloid",TRUE
1,-0.237594827980118,0,0,1,"SYNGR4","GSE214411","Myeloid",TRUE
1,-0.237594827980118,0,0,1,"CTC-273B12.5","GSE214411","Myeloid",TRUE
1,-0.237594827980118,0,0,1,"CTC-273B12.10","GSE214411","Myeloid",TRUE
1,-0.237594827980118,0,0,1,"FAM83E","GSE214411","Myeloid",TRUE
1,-0.237594827980118,0,0,1,"SPACA4","GSE214411","Myeloid",TRUE
1,-0.237594827980118,0,0,1,"AC022154.7","GSE214411","Myeloid",TRUE
1,-0.237594827980118,0,0,1,"NUCB1-AS1","GSE214411","Myeloid",TRUE
1,-0.237594827980118,0,0,1,"LHB","GSE214411","Myeloid",TRUE
1,-0.237594827980118,0,0,1,"NTF4","GSE214411","Myeloid",TRUE
1,-0.237594827980118,0,0,1,"KCNA7","GSE214411","Myeloid",TRUE
1,-0.237594827980118,0,0,1,"SLC17A7","GSE214411","Myeloid",TRUE
1,-0.237594827980118,0,0,1,"CTB-33G10.11","GSE214411","Myeloid",TRUE
1,-0.237594827980118,0,0,1,"PTOV1-AS2","GSE214411","Myeloid",TRUE
1,-0.237594827980118,0,0,1,"CTD-2126E3.3","GSE214411","Myeloid",TRUE
1,-0.237594827980118,0,0,1,"IZUMO2","GSE214411","Myeloid",TRUE
1,-0.237594827980118,0,0,1,"CTB-191K22.5","GSE214411","Myeloid",TRUE
1,-0.237594827980118,0,0,1,"CTB-191K22.6","GSE214411","Myeloid",TRUE
1,-0.237594827980118,0,0,1,"MYBPC2","GSE214411","Myeloid",TRUE
1,-0.237594827980118,0,0,1,"CTD-2545M3.2","GSE214411","Myeloid",TRUE
1,-0.237594827980118,0,0,1,"SYT3","GSE214411","Myeloid",TRUE
1,-0.237594827980118,0,0,1,"CTD-2568A17.1","GSE214411","Myeloid",TRUE
1,-0.237594827980118,0,0,1,"MGC45922","GSE214411","Myeloid",TRUE
1,-0.237594827980118,0,0,1,"KLK5","GSE214411","Myeloid",TRUE
1,-0.237594827980118,0,0,1,"KLK12","GSE214411","Myeloid",TRUE
1,-0.237594827980118,0,0,1,"KLK14","GSE214411","Myeloid",TRUE
1,-0.237594827980118,0,0,1,"CTD-2616J11.11","GSE214411","Myeloid",TRUE
1,-0.237594827980118,0,0,1,"LIM2","GSE214411","Myeloid",TRUE
1,-0.237594827980118,0,0,1,"CTD-2616J11.14","GSE214411","Myeloid",TRUE
1,-0.237594827980118,0,0,1,"ZNF350-AS1","GSE214411","Myeloid",TRUE
1,-0.237594827980118,0,0,1,"CTD-2525I3.3","GSE214411","Myeloid",TRUE
1,-0.237594827980118,0,0,1,"ZNF534","GSE214411","Myeloid",TRUE
1,-0.237594827980118,0,0,1,"CTD-3099C6.7","GSE214411","Myeloid",TRUE
1,-0.237594827980118,0,0,1,"CTD-2587H19.3","GSE214411","Myeloid",TRUE
1,-0.237594827980118,0,0,1,"AC008746.12","GSE214411","Myeloid",TRUE
1,-0.237594827980118,0,0,1,"NLRP7","GSE214411","Myeloid",TRUE
1,-0.237594827980118,0,0,1,"SYT5","GSE214411","Myeloid",TRUE
1,-0.237594827980118,0,0,1,"PTPRH","GSE214411","Myeloid",TRUE
1,-0.237594827980118,0,0,1,"CTD-2105E13.15","GSE214411","Myeloid",TRUE
1,-0.237594827980118,0,0,1,"CTD-2537I9.16","GSE214411","Myeloid",TRUE
1,-0.237594827980118,0,0,1,"CTD-2537I9.18","GSE214411","Myeloid",TRUE
1,-0.237594827980118,0,0,1,"AC010525.4","GSE214411","Myeloid",TRUE
1,-0.237594827980118,0,0,1,"NLRP9","GSE214411","Myeloid",TRUE
1,-0.237594827980118,0,0,1,"NLRP11","GSE214411","Myeloid",TRUE
1,-0.237594827980118,0,0,1,"NLRP8","GSE214411","Myeloid",TRUE
1,-0.237594827980118,0,0,1,"ZSCAN5B","GSE214411","Myeloid",TRUE
1,-0.237594827980118,0,0,1,"AC006116.21","GSE214411","Myeloid",TRUE
1,-0.237594827980118,0,0,1,"AC005498.4","GSE214411","Myeloid",TRUE
1,-0.237594827980118,0,0,1,"SMIM17","GSE214411","Myeloid",TRUE
1,-0.237594827980118,0,0,1,"AC007228.5","GSE214411","Myeloid",TRUE
1,-0.237594827980118,0,0,1,"ZIM2","GSE214411","Myeloid",TRUE
1,-0.237594827980118,0,0,1,"MIMT1","GSE214411","Myeloid",TRUE
1,-0.237594827980118,0,0,1,"CTC-444N24.6","GSE214411","Myeloid",TRUE
1,-0.237594827980118,0,0,1,"CTC-444N24.13","GSE214411","Myeloid",TRUE
1,-0.237594827980118,0,0,1,"AC003682.16","GSE214411","Myeloid",TRUE
1,-0.237594827980118,0,0,1,"ZSCAN4","GSE214411","Myeloid",TRUE
1,-0.237594827980118,0,0,1,"CTD-2583A14.10","GSE214411","Myeloid",TRUE
1,-0.237594827980118,0,0,1,"ZSCAN1","GSE214411","Myeloid",TRUE
1,-0.237594827980118,0,0,1,"CTD-2619J13.9","GSE214411","Myeloid",TRUE
1,-0.237594827980118,0,0,1,"RNF225","GSE214411","Myeloid",TRUE
1,-0.237594827980118,0,0,1,"CTD-2619J13.19","GSE214411","Myeloid",TRUE
1,-0.237594827980118,0,0,1,"CTD-2619J13.23","GSE214411","Myeloid",TRUE
1,-0.237594827980118,0,0,1,"CTD-2619J13.27","GSE214411","Myeloid",TRUE
1,-0.237594827980118,0,0,1,"LINC00266-4P","GSE214411","Myeloid",TRUE
1,-0.237594827980118,0,0,1,"LA16c-60D12.1","GSE214411","Myeloid",TRUE
1,-0.237594827980118,0,0,1,"LA16c-60D12.2","GSE214411","Myeloid",TRUE
1,-0.237594827980118,0,0,1,"AC007064.24","GSE214411","Myeloid",TRUE
1,-0.237594827980118,0,0,1,"AC006946.17","GSE214411","Myeloid",TRUE
1,-0.237594827980118,0,0,1,"CECR3","GSE214411","Myeloid",TRUE
1,-0.237594827980118,0,0,1,"SLC25A18","GSE214411","Myeloid",TRUE
1,-0.237594827980118,0,0,1,"AC004019.13","GSE214411","Myeloid",TRUE
1,-0.237594827980118,0,0,1,"FLJ41941","GSE214411","Myeloid",TRUE
1,-0.237594827980118,0,0,1,"AC011718.2","GSE214411","Myeloid",TRUE
1,-0.237594827980118,0,0,1,"DGCR9","GSE214411","Myeloid",TRUE
1,-0.237594827980118,0,0,1,"AC004471.10","GSE214411","Myeloid",TRUE
1,-0.237594827980118,0,0,1,"AC000068.10","GSE214411","Myeloid",TRUE
1,-0.237594827980118,0,0,1,"LINC00895","GSE214411","Myeloid",TRUE
1,-0.237594827980118,0,0,1,"AC000067.1","GSE214411","Myeloid",TRUE
1,-0.237594827980118,0,0,1,"AC006547.8","GSE214411","Myeloid",TRUE
1,-0.237594827980118,0,0,1,"XXbac-B444P24.8","GSE214411","Myeloid",TRUE
1,-0.237594827980118,0,0,1,"LINC00896","GSE214411","Myeloid",TRUE
1,-0.237594827980118,0,0,1,"AC007308.7","GSE214411","Myeloid",TRUE
1,-0.237594827980118,0,0,1,"P2RX6","GSE214411","Myeloid",TRUE
1,-0.237594827980118,0,0,1,"KB-1592A4.15","GSE214411","Myeloid",TRUE
1,-0.237594827980118,0,0,1,"GGT2","GSE214411","Myeloid",TRUE
1,-0.237594827980118,0,0,1,"RIMBP3C","GSE214411","Myeloid",TRUE
1,-0.237594827980118,0,0,1,"CCDC116","GSE214411","Myeloid",TRUE
1,-0.237594827980118,0,0,1,"KB-1440D3.14","GSE214411","Myeloid",TRUE
1,-0.237594827980118,0,0,1,"IGLV6-57","GSE214411","Myeloid",TRUE
1,-0.237594827980118,0,0,1,"LL22NC03-2H8.4","GSE214411","Myeloid",TRUE
1,-0.237594827980118,0,0,1,"IGLV5-52","GSE214411","Myeloid",TRUE
1,-0.237594827980118,0,0,1,"IGLV1-51","GSE214411","Myeloid",TRUE
1,-0.237594827980118,0,0,1,"ZNF280A","GSE214411","Myeloid",TRUE
1,-0.237594827980118,0,0,1,"AP000344.3","GSE214411","Myeloid",TRUE
1,-0.237594827980118,0,0,1,"IGLL1","GSE214411","Myeloid",TRUE
1,-0.237594827980118,0,0,1,"KB-1125A3.11","GSE214411","Myeloid",TRUE
1,-0.237594827980118,0,0,1,"SGSM1","GSE214411","Myeloid",TRUE
1,-0.237594827980118,0,0,1,"CTA-243E7.4","GSE214411","Myeloid",TRUE
1,-0.237594827980118,0,0,1,"CTA-243E7.2","GSE214411","Myeloid",TRUE
1,-0.237594827980118,0,0,1,"CTA-221G9.12","GSE214411","Myeloid",TRUE
1,-0.237594827980118,0,0,1,"CRYBB3","GSE214411","Myeloid",TRUE
1,-0.237594827980118,0,0,1,"CTA-221G9.7","GSE214411","Myeloid",TRUE
1,-0.237594827980118,0,0,1,"CTA-221G9.11","GSE214411","Myeloid",TRUE
1,-0.237594827980118,0,0,1,"CTA-246H3.12","GSE214411","Myeloid",TRUE
1,-0.237594827980118,0,0,1,"CRYBA4","GSE214411","Myeloid",TRUE
1,-0.237594827980118,0,0,1,"LINC01422.1","GSE214411","Myeloid",TRUE
1,-0.237594827980118,0,0,1,"CTA-992D9.11","GSE214411","Myeloid",TRUE
1,-0.237594827980118,0,0,1,"RP5-1172A22.1","GSE214411","Myeloid",TRUE
1,-0.237594827980118,0,0,1,"RFPL1","GSE214411","Myeloid",TRUE
1,-0.237594827980118,0,0,1,"CABP7","GSE214411","Myeloid",TRUE
1,-0.237594827980118,0,0,1,"HORMAD2","GSE214411","Myeloid",TRUE
1,-0.237594827980118,0,0,1,"RP1-102K2.8","GSE214411","Myeloid",TRUE
1,-0.237594827980118,0,0,1,"RP4-539M6.19","GSE214411","Myeloid",TRUE
1,-0.237594827980118,0,0,1,"SEC14L3","GSE214411","Myeloid",TRUE
1,-0.237594827980118,0,0,1,"SEC14L6","GSE214411","Myeloid",TRUE
1,-0.237594827980118,0,0,1,"RP3-430N8.11","GSE214411","Myeloid",TRUE
1,-0.237594827980118,0,0,1,"RP3-430N8.10","GSE214411","Myeloid",TRUE
1,-0.237594827980118,0,0,1,"PLA2G3","GSE214411","Myeloid",TRUE
1,-0.237594827980118,0,0,1,"RNF185-AS1","GSE214411","Myeloid",TRUE
1,-0.237594827980118,0,0,1,"RP1-149A16.3","GSE214411","Myeloid",TRUE
1,-0.237594827980118,0,0,1,"SC22CB-1D7.1","GSE214411","Myeloid",TRUE
1,-0.237594827980118,0,0,1,"LL22NC03-32F9.1","GSE214411","Myeloid",TRUE
1,-0.237594827980118,0,0,1,"RP1-41P2.7","GSE214411","Myeloid",TRUE
1,-0.237594827980118,0,0,1,"CTA-212A2.4","GSE214411","Myeloid",TRUE
1,-0.237594827980118,0,0,1,"CTA-212A2.3","GSE214411","Myeloid",TRUE
1,-0.237594827980118,0,0,1,"RP4-633O19--A.1","GSE214411","Myeloid",TRUE
1,-0.237594827980118,0,0,1,"RP5-1119A7.14","GSE214411","Myeloid",TRUE
1,-0.237594827980118,0,0,1,"RP5-1039K5.16","GSE214411","Myeloid",TRUE
1,-0.237594827980118,0,0,1,"SLC16A8","GSE214411","Myeloid",TRUE
1,-0.237594827980118,0,0,1,"RP3-508I15.19","GSE214411","Myeloid",TRUE
1,-0.237594827980118,0,0,1,"CACNA1I","GSE214411","Myeloid",TRUE
1,-0.237594827980118,0,0,1,"RP3-496C20.1","GSE214411","Myeloid",TRUE
1,-0.237594827980118,0,0,1,"RP5-1042K10.14","GSE214411","Myeloid",TRUE
1,-0.237594827980118,0,0,1,"RP5-1042K10.13","GSE214411","Myeloid",TRUE
1,-0.237594827980118,0,0,1,"MCHR1","GSE214411","Myeloid",TRUE
1,-0.237594827980118,0,0,1,"DNAJB7","GSE214411","Myeloid",TRUE
1,-0.237594827980118,0,0,1,"EP300-AS1","GSE214411","Myeloid",TRUE
1,-0.237594827980118,0,0,1,"CYP2D6","GSE214411","Myeloid",TRUE
1,-0.237594827980118,0,0,1,"RP4-669P10.16","GSE214411","Myeloid",TRUE
1,-0.237594827980118,0,0,1,"RP4-669P10.20","GSE214411","Myeloid",TRUE
1,-0.237594827980118,0,0,1,"OGFRP1","GSE214411","Myeloid",TRUE
1,-0.237594827980118,0,0,1,"SULT4A1","GSE214411","Myeloid",TRUE
1,-0.237594827980118,0,0,1,"PNPLA5","GSE214411","Myeloid",TRUE
1,-0.237594827980118,0,0,1,"KIAA1644","GSE214411","Myeloid",TRUE
1,-0.237594827980118,0,0,1,"RP1-102D24.5","GSE214411","Myeloid",TRUE
1,-0.237594827980118,0,0,1,"LINC01589","GSE214411","Myeloid",TRUE
1,-0.237594827980118,0,0,1,"WI2-85898F10.1","GSE214411","Myeloid",TRUE
1,-0.237594827980118,0,0,1,"WNT7B","GSE214411","Myeloid",TRUE
1,-0.237594827980118,0,0,1,"RP6-109B7.2","GSE214411","Myeloid",TRUE
1,-0.237594827980118,0,0,1,"PKDREJ","GSE214411","Myeloid",TRUE
1,-0.237594827980118,0,0,1,"RP11-494O16.4","GSE214411","Myeloid",TRUE
1,-0.237594827980118,0,0,1,"CITF22-1A6.3","GSE214411","Myeloid",TRUE
1,-0.237594827980118,0,0,1,"MIOX","GSE214411","Myeloid",TRUE
1,-0.237594827980118,0,0,1,"CTA-384D8.33","GSE214411","Myeloid",TRUE
1,-0.237594827980118,0,0,1,"ACR","GSE214411","Myeloid",TRUE
1,-0.237594827980118,0,0,1,"CH507-24F1.1","GSE214411","Myeloid",TRUE
1,-0.237594827980118,0,0,1,"CH507-39O4.2","GSE214411","Myeloid",TRUE
1,-0.237594827980118,0,0,1,"CH507-42P11.5","GSE214411","Myeloid",TRUE
1,-0.237594827980118,0,0,1,"CH507-42P11.7","GSE214411","Myeloid",TRUE
1,-0.237594827980118,0,0,1,"CH507-42P11.6","GSE214411","Myeloid",TRUE
1,-0.237594827980118,0,0,1,"CH507-24F1.2","GSE214411","Myeloid",TRUE
1,-0.237594827980118,0,0,1,"CH507-145C22.1","GSE214411","Myeloid",TRUE
1,-0.237594827980118,0,0,1,"KCNE1B","GSE214411","Myeloid",TRUE
1,-0.237594827980118,0,0,1,"bP-2189O9.3","GSE214411","Myeloid",TRUE
1,-0.237594827980118,0,0,1,"RBM11","GSE214411","Myeloid",TRUE
1,-0.237594827980118,0,0,1,"AF127577.8","GSE214411","Myeloid",TRUE
1,-0.237594827980118,0,0,1,"AP000962.2","GSE214411","Myeloid",TRUE
1,-0.237594827980118,0,0,1,"AP000473.8","GSE214411","Myeloid",TRUE
1,-0.237594827980118,0,0,1,"AP000432.2","GSE214411","Myeloid",TRUE
1,-0.237594827980118,0,0,1,"AL109761.5","GSE214411","Myeloid",TRUE
1,-0.237594827980118,0,0,1,"CHODL","GSE214411","Myeloid",TRUE
1,-0.237594827980118,0,0,1,"NCAM2","GSE214411","Myeloid",TRUE
1,-0.237594827980118,0,0,1,"AP000230.1","GSE214411","Myeloid",TRUE
1,-0.237594827980118,0,0,1,"CYYR1-AS1","GSE214411","Myeloid",TRUE
1,-0.237594827980118,0,0,1,"KB-1466C5.1","GSE214411","Myeloid",TRUE
1,-0.237594827980118,0,0,1,"AP001604.3","GSE214411","Myeloid",TRUE
1,-0.237594827980118,0,0,1,"LINC00314","GSE214411","Myeloid",TRUE
1,-0.237594827980118,0,0,1,"AL035610.2","GSE214411","Myeloid",TRUE
1,-0.237594827980118,0,0,1,"LINC00161","GSE214411","Myeloid",TRUE
1,-0.237594827980118,0,0,1,"CLDN8","GSE214411","Myeloid",TRUE
1,-0.237594827980118,0,0,1,"KRTAP11-1","GSE214411","Myeloid",TRUE
1,-0.237594827980118,0,0,1,"AP000253.1","GSE214411","Myeloid",TRUE
1,-0.237594827980118,0,0,1,"AP000255.6","GSE214411","Myeloid",TRUE
1,-0.237594827980118,0,0,1,"LINC00159","GSE214411","Myeloid",TRUE
1,-0.237594827980118,0,0,1,"AP000265.1","GSE214411","Myeloid",TRUE
1,-0.237594827980118,0,0,1,"MRAP","GSE214411","Myeloid",TRUE
1,-0.237594827980118,0,0,1,"AP000266.7","GSE214411","Myeloid",TRUE
1,-0.237594827980118,0,0,1,"AP000275.65","GSE214411","Myeloid",TRUE
1,-0.237594827980118,0,0,1,"C21orf62","GSE214411","Myeloid",TRUE
1,-0.237594827980118,0,0,1,"AP000302.58","GSE214411","Myeloid",TRUE
1,-0.237594827980118,0,0,1,"AP000320.6","GSE214411","Myeloid",TRUE
1,-0.237594827980118,0,0,1,"CMP21-97G8.2","GSE214411","Myeloid",TRUE
1,-0.237594827980118,0,0,1,"AP000687.1","GSE214411","Myeloid",TRUE
1,-0.237594827980118,0,0,1,"AP000688.29","GSE214411","Myeloid",TRUE
1,-0.237594827980118,0,0,1,"CLDN14","GSE214411","Myeloid",TRUE
1,-0.237594827980118,0,0,1,"SIM2","GSE214411","Myeloid",TRUE
1,-0.237594827980118,0,0,1,"AP001432.14","GSE214411","Myeloid",TRUE
1,-0.237594827980118,0,0,1,"AP001412.1","GSE214411","Myeloid",TRUE
1,-0.237594827980118,0,0,1,"AF129408.17","GSE214411","Myeloid",TRUE
1,-0.237594827980118,0,0,1,"BRWD1-AS1","GSE214411","Myeloid",TRUE
1,-0.237594827980118,0,0,1,"AF064860.7","GSE214411","Myeloid",TRUE
1,-0.237594827980118,0,0,1,"IGSF5","GSE214411","Myeloid",TRUE
1,-0.237594827980118,0,0,1,"PCP4","GSE214411","Myeloid",TRUE
1,-0.237594827980118,0,0,1,"DSCAM","GSE214411","Myeloid",TRUE
1,-0.237594827980118,0,0,1,"AL773572.7","GSE214411","Myeloid",TRUE
1,-0.237594827980118,0,0,1,"AP001610.5","GSE214411","Myeloid",TRUE
1,-0.237594827980118,0,0,1,"LINC00111","GSE214411","Myeloid",TRUE
1,-0.237594827980118,0,0,1,"LINC00479","GSE214411","Myeloid",TRUE
1,-0.237594827980118,0,0,1,"AP001626.2","GSE214411","Myeloid",TRUE
1,-0.237594827980118,0,0,1,"AP001627.1","GSE214411","Myeloid",TRUE
1,-0.237594827980118,0,0,1,"KB-51A8.1","GSE214411","Myeloid",TRUE
1,-0.237594827980118,0,0,1,"AP001628.7","GSE214411","Myeloid",TRUE
1,-0.237594827980118,0,0,1,"ERVH48-1","GSE214411","Myeloid",TRUE
1,-0.237594827980118,0,0,1,"AP001630.5","GSE214411","Myeloid",TRUE
1,-0.237594827980118,0,0,1,"CBS","GSE214411","Myeloid",TRUE
1,-0.237594827980118,0,0,1,"FRGCA","GSE214411","Myeloid",TRUE
1,-0.237594827980118,0,0,1,"LINC00319","GSE214411","Myeloid",TRUE
1,-0.237594827980118,0,0,1,"AP001058.3","GSE214411","Myeloid",TRUE
1,-0.237594827980118,0,0,1,"TRPM2-AS","GSE214411","Myeloid",TRUE
1,-0.237594827980118,0,0,1,"LRRC3-AS1","GSE214411","Myeloid",TRUE
1,-0.237594827980118,0,0,1,"TSPEAR-AS1","GSE214411","Myeloid",TRUE
1,-0.237594827980118,0,0,1,"LINC01424","GSE214411","Myeloid",TRUE
1,-0.237594827980118,0,0,1,"LINC00316","GSE214411","Myeloid",TRUE
1,-0.237594827980118,0,0,1,"COL18A1-AS1","GSE214411","Myeloid",TRUE
1,-0.237594827980118,0,0,1,"AL592528.1","GSE214411","Myeloid",TRUE
1,-0.237594827980118,0,0,1,"AJ011932.1","GSE214411","Myeloid",TRUE
1,-0.237594827980118,0,0,1,"AP001476.2","GSE214411","Myeloid",TRUE
1,-0.237594827980118,0,0,1,"FTCD-AS1","GSE214411","Myeloid",TRUE
1,-0.237594827980118,0,0,1,"AP001468.58","GSE214411","Myeloid",TRUE
1,-0.237594827980118,0,0,1,"AP001469.7","GSE214411","Myeloid",TRUE
1,-0.237594827980118,0,0,1,"AC136612.1","GSE214411","Myeloid",TRUE
1,-0.237594827980118,0,0,1,"BX004987.4","GSE214411","Myeloid",TRUE
1,-0.237594827980118,0,0,1,"AC007325.2","GSE214411","Myeloid",TRUE
1,-0.237594827980118,0,0,1,"RP4-669L17.2","GSE214411","Myeloid",TRUE
1,-0.237594827980118,0,0,1,"RP4-758J18.7","GSE214411","Myeloid",TRUE
1,-0.237594827980118,0,0,1,"RP11-547D24.3","GSE214411","Myeloid",TRUE
1,-0.237594827980118,0,0,1,"RP5-1092A11.5","GSE214411","Myeloid",TRUE
1,-0.237594827980118,0,0,1,"LINC01346","GSE214411","Myeloid",TRUE
1,-0.237594827980118,0,0,1,"RP11-242F24.1","GSE214411","Myeloid",TRUE
1,-0.237594827980118,0,0,1,"RP3-453P22.2","GSE214411","Myeloid",TRUE
1,-0.237594827980118,0,0,1,"RP4-635E18.9","GSE214411","Myeloid",TRUE
1,-0.237594827980118,0,0,1,"NPPB","GSE214411","Myeloid",TRUE
1,-0.237594827980118,0,0,1,"RP4-597A16.2","GSE214411","Myeloid",TRUE
1,-0.237594827980118,0,0,1,"RP11-344F13.1","GSE214411","Myeloid",TRUE
1,-0.237594827980118,0,0,1,"RP4-704D23.1","GSE214411","Myeloid",TRUE
1,-0.237594827980118,0,0,1,"PADI1","GSE214411","Myeloid",TRUE
1,-0.237594827980118,0,0,1,"PADI3","GSE214411","Myeloid",TRUE
1,-0.237594827980118,0,0,1,"ACTL8","GSE214411","Myeloid",TRUE
1,-0.237594827980118,0,0,1,"PLA2G5","GSE214411","Myeloid",TRUE
1,-0.237594827980118,0,0,1,"CELA3B","GSE214411","Myeloid",TRUE
1,-0.237594827980118,0,0,1,"GRHL3","GSE214411","Myeloid",TRUE
1,-0.237594827980118,0,0,1,"RP11-84D1.2","GSE214411","Myeloid",TRUE
1,-0.237594827980118,0,0,1,"LINC01226","GSE214411","Myeloid",TRUE
1,-0.237594827980118,0,0,1,"RP11-114B7.6","GSE214411","Myeloid",TRUE
1,-0.237594827980118,0,0,1,"RP11-415J8.5","GSE214411","Myeloid",TRUE
1,-0.237594827980118,0,0,1,"C1orf94","GSE214411","Myeloid",TRUE
1,-0.237594827980118,0,0,1,"GJB5","GSE214411","Myeloid",TRUE
1,-0.237594827980118,0,0,1,"RP5-884C9.2","GSE214411","Myeloid",TRUE
1,-0.237594827980118,0,0,1,"KLF17","GSE214411","Myeloid",TRUE
1,-0.237594827980118,0,0,1,"DMBX1","GSE214411","Myeloid",TRUE
1,-0.237594827980118,0,0,1,"KNCN","GSE214411","Myeloid",TRUE
1,-0.237594827980118,0,0,1,"RP11-296A18.6","GSE214411","Myeloid",TRUE
1,-0.237594827980118,0,0,1,"DMRTB1","GSE214411","Myeloid",TRUE
1,-0.237594827980118,0,0,1,"RP11-67L3.2","GSE214411","Myeloid",TRUE
1,-0.237594827980118,0,0,1,"RP4-710M16.2","GSE214411","Myeloid",TRUE
1,-0.237594827980118,0,0,1,"C8B","GSE214411","Myeloid",TRUE
1,-0.237594827980118,0,0,1,"UBE2U","GSE214411","Myeloid",TRUE
1,-0.237594827980118,0,0,1,"RP11-342H21.2","GSE214411","Myeloid",TRUE
1,-0.237594827980118,0,0,1,"LRRC53","GSE214411","Myeloid",TRUE
1,-0.237594827980118,0,0,1,"RP5-837I24.4","GSE214411","Myeloid",TRUE
1,-0.237594827980118,0,0,1,"CLCA2","GSE214411","Myeloid",TRUE
1,-0.237594827980118,0,0,1,"CLCA1","GSE214411","Myeloid",TRUE
1,-0.237594827980118,0,0,1,"RP4-665J23.4","GSE214411","Myeloid",TRUE
1,-0.237594827980118,0,0,1,"VAV3-AS1","GSE214411","Myeloid",TRUE
1,-0.237594827980118,0,0,1,"RP11-195M16.1","GSE214411","Myeloid",TRUE
1,-0.237594827980118,0,0,1,"SLC6A17","GSE214411","Myeloid",TRUE
1,-0.237594827980118,0,0,1,"SYCP1","GSE214411","Myeloid",TRUE
1,-0.237594827980118,0,0,1,"NHLH2","GSE214411","Myeloid",TRUE
1,-0.237594827980118,0,0,1,"LINC01525","GSE214411","Myeloid",TRUE
1,-0.237594827980118,0,0,1,"HIST2H3PS2","GSE214411","Myeloid",TRUE
1,-0.237594827980118,0,0,1,"RP11-353N4.6","GSE214411","Myeloid",TRUE
1,-0.237594827980118,0,0,1,"HIST2H2AA3","GSE214411","Myeloid",TRUE
1,-0.237594827980118,0,0,1,"RP11-316M1.12","GSE214411","Myeloid",TRUE
1,-0.237594827980118,0,0,1,"RP11-98D18.16","GSE214411","Myeloid",TRUE
1,-0.237594827980118,0,0,1,"FLG","GSE214411","Myeloid",TRUE
1,-0.237594827980118,0,0,1,"IVL","GSE214411","Myeloid",TRUE
1,-0.237594827980118,0,0,1,"RXFP4","GSE214411","Myeloid",TRUE
1,-0.237594827980118,0,0,1,"RHBG","GSE214411","Myeloid",TRUE
1,-0.237594827980118,0,0,1,"CADM3-AS1","GSE214411","Myeloid",TRUE
1,-0.237594827980118,0,0,1,"LMX1A","GSE214411","Myeloid",TRUE
1,-0.237594827980118,0,0,1,"RP11-375H19.2","GSE214411","Myeloid",TRUE
1,-0.237594827980118,0,0,1,"RP11-479J7.2","GSE214411","Myeloid",TRUE
1,-0.237594827980118,0,0,1,"RP1-10C16.1","GSE214411","Myeloid",TRUE
1,-0.237594827980118,0,0,1,"LINC00970","GSE214411","Myeloid",TRUE
1,-0.237594827980118,0,0,1,"RP1-45C12.1","GSE214411","Myeloid",TRUE
1,-0.237594827980118,0,0,1,"RP1-102G20.5","GSE214411","Myeloid",TRUE
1,-0.237594827980118,0,0,1,"RP1-35C21.1","GSE214411","Myeloid",TRUE
1,-0.237594827980118,0,0,1,"FAM163A","GSE214411","Myeloid",TRUE
1,-0.237594827980118,0,0,1,"RP11-538D16.2","GSE214411","Myeloid",TRUE
1,-0.237594827980118,0,0,1,"ATP6V1G3","GSE214411","Myeloid",TRUE
1,-0.237594827980118,0,0,1,"RP11-121P12.1","GSE214411","Myeloid",TRUE
1,-0.237594827980118,0,0,1,"RP11-74C13.3","GSE214411","Myeloid",TRUE
1,-0.237594827980118,0,0,1,"RD3","GSE214411","Myeloid",TRUE
1,-0.237594827980118,0,0,1,"RP11-354K1.2","GSE214411","Myeloid",TRUE
1,-0.237594827980118,0,0,1,"RP11-15I11.3","GSE214411","Myeloid",TRUE
1,-0.237594827980118,0,0,1,"RP11-61J19.3","GSE214411","Myeloid",TRUE
1,-0.237594827980118,0,0,1,"RP11-478J18.2","GSE214411","Myeloid",TRUE
1,-0.237594827980118,0,0,1,"PROX1-AS1","GSE214411","Myeloid",TRUE
1,-0.237594827980118,0,0,1,"SLC30A10","GSE214411","Myeloid",TRUE
1,-0.237594827980118,0,0,1,"RP11-400N13.3","GSE214411","Myeloid",TRUE
1,-0.237594827980118,0,0,1,"PRSS38","GSE214411","Myeloid",TRUE
1,-0.237594827980118,0,0,1,"RP11-245P10.6","GSE214411","Myeloid",TRUE
1,-0.237594827980118,0,0,1,"RP5-956O18.2","GSE214411","Myeloid",TRUE
1,-0.237594827980118,0,0,1,"RP4-799P18.2","GSE214411","Myeloid",TRUE
1,-0.237594827980118,0,0,1,"RP4-781K5.4","GSE214411","Myeloid",TRUE
1,-0.237594827980118,0,0,1,"RP11-80B9.1","GSE214411","Myeloid",TRUE
1,-0.237594827980118,0,0,1,"RP11-407H12.8","GSE214411","Myeloid",TRUE
1,-0.237594827980118,0,0,1,"RP11-438F14.3","GSE214411","Myeloid",TRUE
1,-0.237594827980118,0,0,1,"AC093326.1","GSE214411","Myeloid",TRUE
1,-0.237594827980118,0,0,1,"AC116609.1","GSE214411","Myeloid",TRUE
1,-0.237594827980118,0,0,1,"RP13-539J13.1","GSE214411","Myeloid",TRUE
1,-0.237594827980118,0,0,1,"AC116609.2","GSE214411","Myeloid",TRUE
1,-0.237594827980118,0,0,1,"AC141930.2","GSE214411","Myeloid",TRUE
1,-0.237594827980118,0,0,1,"LINC01304","GSE214411","Myeloid",TRUE
1,-0.237594827980118,0,0,1,"AC012445.1","GSE214411","Myeloid",TRUE
1,-0.237594827980118,0,0,1,"RP11-400L8.2","GSE214411","Myeloid",TRUE
1,-0.237594827980118,0,0,1,"RP11-333O1.1","GSE214411","Myeloid",TRUE
1,-0.237594827980118,0,0,1,"AC019055.1","GSE214411","Myeloid",TRUE
1,-0.237594827980118,0,0,1,"AC079145.4","GSE214411","Myeloid",TRUE
1,-0.237594827980118,0,0,1,"AC016768.1","GSE214411","Myeloid",TRUE
1,-0.237594827980118,0,0,1,"CIB4","GSE214411","Myeloid",TRUE
1,-0.237594827980118,0,0,1,"AC007391.2","GSE214411","Myeloid",TRUE
1,-0.237594827980118,0,0,1,"RP11-89K21.1","GSE214411","Myeloid",TRUE
1,-0.237594827980118,0,0,1,"RP11-15I20.1","GSE214411","Myeloid",TRUE
1,-0.237594827980118,0,0,1,"AC092155.4","GSE214411","Myeloid",TRUE
1,-0.237594827980118,0,0,1,"AC007392.4","GSE214411","Myeloid",TRUE
1,-0.237594827980118,0,0,1,"NOTO","GSE214411","Myeloid",TRUE
1,-0.237594827980118,0,0,1,"NAT8","GSE214411","Myeloid",TRUE
1,-0.237594827980118,0,0,1,"AC105053.3","GSE214411","Myeloid",TRUE
1,-0.237594827980118,0,0,1,"AC016738.3","GSE214411","Myeloid",TRUE
1,-0.237594827980118,0,0,1,"AC108051.3","GSE214411","Myeloid",TRUE
1,-0.237594827980118,0,0,1,"RGPD4-AS1","GSE214411","Myeloid",TRUE
1,-0.237594827980118,0,0,1,"IL37","GSE214411","Myeloid",TRUE
1,-0.237594827980118,0,0,1,"AC009312.1","GSE214411","Myeloid",TRUE
1,-0.237594827980118,0,0,1,"AC073257.2","GSE214411","Myeloid",TRUE
1,-0.237594827980118,0,0,1,"AC140481.4","GSE214411","Myeloid",TRUE
1,-0.237594827980118,0,0,1,"AC010890.1","GSE214411","Myeloid",TRUE
1,-0.237594827980118,0,0,1,"NXPH2","GSE214411","Myeloid",TRUE
1,-0.237594827980118,0,0,1,"AC016910.1","GSE214411","Myeloid",TRUE
1,-0.237594827980118,0,0,1,"AC104777.2","GSE214411","Myeloid",TRUE
1,-0.237594827980118,0,0,1,"KCNH7","GSE214411","Myeloid",TRUE
1,-0.237594827980118,0,0,1,"ABCB11","GSE214411","Myeloid",TRUE
1,-0.237594827980118,0,0,1,"RAPGEF4-AS1","GSE214411","Myeloid",TRUE
1,-0.237594827980118,0,0,1,"RP11-796E10.1","GSE214411","Myeloid",TRUE
1,-0.237594827980118,0,0,1,"AC096649.3","GSE214411","Myeloid",TRUE
1,-0.237594827980118,0,0,1,"HOXD13","GSE214411","Myeloid",TRUE
1,-0.237594827980118,0,0,1,"AC092162.1","GSE214411","Myeloid",TRUE
1,-0.237594827980118,0,0,1,"SCHLAP1","GSE214411","Myeloid",TRUE
1,-0.237594827980118,0,0,1,"NEUROD1","GSE214411","Myeloid",TRUE
1,-0.237594827980118,0,0,1,"C2orf66","GSE214411","Myeloid",TRUE
1,-0.237594827980118,0,0,1,"AC007163.6","GSE214411","Myeloid",TRUE
1,-0.237594827980118,0,0,1,"MARCH4","GSE214411","Myeloid",TRUE
1,-0.237594827980118,0,0,1,"CDK5R2","GSE214411","Myeloid",TRUE
1,-0.237594827980118,0,0,1,"LINC00608","GSE214411","Myeloid",TRUE
1,-0.237594827980118,0,0,1,"FEV","GSE214411","Myeloid",TRUE
1,-0.237594827980118,0,0,1,"AC068138.1","GSE214411","Myeloid",TRUE
1,-0.237594827980118,0,0,1,"C2orf83","GSE214411","Myeloid",TRUE
1,-0.237594827980118,0,0,1,"SPHKAP","GSE214411","Myeloid",TRUE
1,-0.237594827980118,0,0,1,"AC012507.3","GSE214411","Myeloid",TRUE
1,-0.237594827980118,0,0,1,"AC017104.2","GSE214411","Myeloid",TRUE
1,-0.237594827980118,0,0,1,"ALPI","GSE214411","Myeloid",TRUE
1,-0.237594827980118,0,0,1,"SPP2","GSE214411","Myeloid",TRUE
1,-0.237594827980118,0,0,1,"PRLH","GSE214411","Myeloid",TRUE
1,-0.237594827980118,0,0,1,"AC144525.1","GSE214411","Myeloid",TRUE
1,-0.237594827980118,0,0,1,"AC079612.1","GSE214411","Myeloid",TRUE
1,-0.237594827980118,0,0,1,"OTOS","GSE214411","Myeloid",TRUE
1,-0.237594827980118,0,0,1,"AC093585.6","GSE214411","Myeloid",TRUE
1,-0.237594827980118,0,0,1,"AC114730.8","GSE214411","Myeloid",TRUE
1,-0.237594827980118,0,0,1,"AC069277.2","GSE214411","Myeloid",TRUE
1,-0.237594827980118,0,0,1,"RP11-157E16.1","GSE214411","Myeloid",TRUE
1,-0.237594827980118,0,0,1,"AC034187.2","GSE214411","Myeloid",TRUE
1,-0.237594827980118,0,0,1,"FANCD2OS","GSE214411","Myeloid",TRUE
1,-0.237594827980118,0,0,1,"HDAC11-AS1","GSE214411","Myeloid",TRUE
1,-0.237594827980118,0,0,1,"LINC01267","GSE214411","Myeloid",TRUE
1,-0.237594827980118,0,0,1,"AC114877.3","GSE214411","Myeloid",TRUE
1,-0.237594827980118,0,0,1,"AC116035.1","GSE214411","Myeloid",TRUE
1,-0.237594827980118,0,0,1,"PRSS46","GSE214411","Myeloid",TRUE
1,-0.237594827980118,0,0,1,"ABHD14A-ACY1","GSE214411","Myeloid",TRUE
1,-0.237594827980118,0,0,1,"LINC00870","GSE214411","Myeloid",TRUE
1,-0.237594827980118,0,0,1,"RP11-433A10.3","GSE214411","Myeloid",TRUE
1,-0.237594827980118,0,0,1,"RP11-260O18.1","GSE214411","Myeloid",TRUE
1,-0.237594827980118,0,0,1,"RP11-389G6.5","GSE214411","Myeloid",TRUE
1,-0.237594827980118,0,0,1,"RP11-201E8.1","GSE214411","Myeloid",TRUE
1,-0.237594827980118,0,0,1,"HHLA2","GSE214411","Myeloid",TRUE
1,-0.237594827980118,0,0,1,"RP11-174O3.6","GSE214411","Myeloid",TRUE
1,-0.237594827980118,0,0,1,"MYLK-AS2","GSE214411","Myeloid",TRUE
1,-0.237594827980118,0,0,1,"ROPN1","GSE214411","Myeloid",TRUE
1,-0.237594827980118,0,0,1,"ALDH1L1-AS1","GSE214411","Myeloid",TRUE
1,-0.237594827980118,0,0,1,"CCDC37-AS1","GSE214411","Myeloid",TRUE
1,-0.237594827980118,0,0,1,"RP11-723O4.6","GSE214411","Myeloid",TRUE
1,-0.237594827980118,0,0,1,"GP9","GSE214411","Myeloid",TRUE
1,-0.237594827980118,0,0,1,"H1FOO","GSE214411","Myeloid",TRUE
1,-0.237594827980118,0,0,1,"C3orf36","GSE214411","Myeloid",TRUE
1,-0.237594827980118,0,0,1,"BPESC1","GSE214411","Myeloid",TRUE
1,-0.237594827980118,0,0,1,"PAQR9","GSE214411","Myeloid",TRUE
1,-0.237594827980118,0,0,1,"PAQR9-AS1","GSE214411","Myeloid",TRUE
1,-0.237594827980118,0,0,1,"CLRN1","GSE214411","Myeloid",TRUE
1,-0.237594827980118,0,0,1,"RP11-368I23.2","GSE214411","Myeloid",TRUE
1,-0.237594827980118,0,0,1,"RP11-185E8.1","GSE214411","Myeloid",TRUE
1,-0.237594827980118,0,0,1,"LINC01206","GSE214411","Myeloid",TRUE
1,-0.237594827980118,0,0,1,"KNG1","GSE214411","Myeloid",TRUE
1,-0.237594827980118,0,0,1,"RP11-513G11.4","GSE214411","Myeloid",TRUE
1,-0.237594827980118,0,0,1,"AC124944.5","GSE214411","Myeloid",TRUE
1,-0.237594827980118,0,0,1,"AC139887.4","GSE214411","Myeloid",TRUE
1,-0.237594827980118,0,0,1,"FAM90A26","GSE214411","Myeloid",TRUE
1,-0.237594827980118,0,0,1,"RP11-281P23.2","GSE214411","Myeloid",TRUE
1,-0.237594827980118,0,0,1,"RP11-665G4.1","GSE214411","Myeloid",TRUE
1,-0.237594827980118,0,0,1,"RP11-496D24.2","GSE214411","Myeloid",TRUE
1,-0.237594827980118,0,0,1,"RP11-734I18.1","GSE214411","Myeloid",TRUE
1,-0.237594827980118,0,0,1,"CHRNA9","GSE214411","Myeloid",TRUE
1,-0.237594827980118,0,0,1,"PDCL2","GSE214411","Myeloid",TRUE
1,-0.237594827980118,0,0,1,"RP11-707A18.1","GSE214411","Myeloid",TRUE
1,-0.237594827980118,0,0,1,"RP11-807H7.2","GSE214411","Myeloid",TRUE
1,-0.237594827980118,0,0,1,"UGT2B10","GSE214411","Myeloid",TRUE
1,-0.237594827980118,0,0,1,"CSN1S1","GSE214411","Myeloid",TRUE
1,-0.237594827980118,0,0,1,"AFP","GSE214411","Myeloid",TRUE
1,-0.237594827980118,0,0,1,"PF4V1","GSE214411","Myeloid",TRUE
1,-0.237594827980118,0,0,1,"PF4","GSE214411","Myeloid",TRUE
1,-0.237594827980118,0,0,1,"EPGN","GSE214411","Myeloid",TRUE
1,-0.237594827980118,0,0,1,"AC142293.3","GSE214411","Myeloid",TRUE
1,-0.237594827980118,0,0,1,"RP11-567N4.2","GSE214411","Myeloid",TRUE
1,-0.237594827980118,0,0,1,"IBSP","GSE214411","Myeloid",TRUE
1,-0.237594827980118,0,0,1,"MEPE","GSE214411","Myeloid",TRUE
1,-0.237594827980118,0,0,1,"NDST4","GSE214411","Myeloid",TRUE
1,-0.237594827980118,0,0,1,"RP11-381N20.1","GSE214411","Myeloid",TRUE
1,-0.237594827980118,0,0,1,"RP11-125O18.1","GSE214411","Myeloid",TRUE
1,-0.237594827980118,0,0,1,"RP11-184M15.2","GSE214411","Myeloid",TRUE
1,-0.237594827980118,0,0,1,"RP11-745L13.2","GSE214411","Myeloid",TRUE
1,-0.237594827980118,0,0,1,"RP11-1E22.1","GSE214411","Myeloid",TRUE
1,-0.237594827980118,0,0,1,"RP11-138I17.1","GSE214411","Myeloid",TRUE
1,-0.237594827980118,0,0,1,"GYPB","GSE214411","Myeloid",TRUE
1,-0.237594827980118,0,0,1,"RP11-425A23.1","GSE214411","Myeloid",TRUE
1,-0.237594827980118,0,0,1,"RP11-526A4.1","GSE214411","Myeloid",TRUE
1,-0.237594827980118,0,0,1,"FGG","GSE214411","Myeloid",TRUE
1,-0.237594827980118,0,0,1,"RP11-171N4.1","GSE214411","Myeloid",TRUE
1,-0.237594827980118,0,0,1,"FSTL5","GSE214411","Myeloid",TRUE
1,-0.237594827980118,0,0,1,"NPY5R","GSE214411","Myeloid",TRUE
1,-0.237594827980118,0,0,1,"ANXA10","GSE214411","Myeloid",TRUE
1,-0.237594827980118,0,0,1,"RP11-205M3.3","GSE214411","Myeloid",TRUE
1,-0.237594827980118,0,0,1,"RP11-287F9.2","GSE214411","Myeloid",TRUE
1,-0.237594827980118,0,0,1,"RP11-598D14.1","GSE214411","Myeloid",TRUE
1,-0.237594827980118,0,0,1,"LINC01099","GSE214411","Myeloid",TRUE
1,-0.237594827980118,0,0,1,"HELT","GSE214411","Myeloid",TRUE
1,-0.237594827980118,0,0,1,"RP11-138B4.1","GSE214411","Myeloid",TRUE
1,-0.237594827980118,0,0,1,"TRIML2","GSE214411","Myeloid",TRUE
1,-0.237594827980118,0,0,1,"LINC01060","GSE214411","Myeloid",TRUE
1,-0.237594827980118,0,0,1,"TERT","GSE214411","Myeloid",TRUE
1,-0.237594827980118,0,0,1,"IRX4","GSE214411","Myeloid",TRUE
1,-0.237594827980118,0,0,1,"IRX1","GSE214411","Myeloid",TRUE
1,-0.237594827980118,0,0,1,"CTD-2247C11.5","GSE214411","Myeloid",TRUE
1,-0.237594827980118,0,0,1,"RP11-315A16.1","GSE214411","Myeloid",TRUE
1,-0.237594827980118,0,0,1,"RP11-454P21.1","GSE214411","Myeloid",TRUE
1,-0.237594827980118,0,0,1,"CDH18","GSE214411","Myeloid",TRUE
1,-0.237594827980118,0,0,1,"RP11-774D14.1","GSE214411","Myeloid",TRUE
1,-0.237594827980118,0,0,1,"CTD-2233C11.2","GSE214411","Myeloid",TRUE
1,-0.237594827980118,0,0,1,"UGT3A1","GSE214411","Myeloid",TRUE
1,-0.237594827980118,0,0,1,"CTD-2263F21.1","GSE214411","Myeloid",TRUE
1,-0.237594827980118,0,0,1,"HSPB3","GSE214411","Myeloid",TRUE
1,-0.237594827980118,0,0,1,"C5orf67","GSE214411","Myeloid",TRUE
1,-0.237594827980118,0,0,1,"CTD-2023N9.2","GSE214411","Myeloid",TRUE
1,-0.237594827980118,0,0,1,"RP11-434D9.1","GSE214411","Myeloid",TRUE
1,-0.237594827980118,0,0,1,"CTC-347C20.2","GSE214411","Myeloid",TRUE
1,-0.237594827980118,0,0,1,"OTP","GSE214411","Myeloid",TRUE
1,-0.237594827980118,0,0,1,"CTC-325J23.2","GSE214411","Myeloid",TRUE
1,-0.237594827980118,0,0,1,"CTD-2227C6.2","GSE214411","Myeloid",TRUE
1,-0.237594827980118,0,0,1,"CTC-384G19.1","GSE214411","Myeloid",TRUE
1,-0.237594827980118,0,0,1,"RP11-133F8.2","GSE214411","Myeloid",TRUE
1,-0.237594827980118,0,0,1,"CTC-506B8.1","GSE214411","Myeloid",TRUE
1,-0.237594827980118,0,0,1,"LIX1","GSE214411","Myeloid",TRUE
1,-0.237594827980118,0,0,1,"LINC00491","GSE214411","Myeloid",TRUE
1,-0.237594827980118,0,0,1,"FAM170A","GSE214411","Myeloid",TRUE
1,-0.237594827980118,0,0,1,"CTC-441N14.1","GSE214411","Myeloid",TRUE
1,-0.237594827980118,0,0,1,"TRPC7-AS1","GSE214411","Myeloid",TRUE
1,-0.237594827980118,0,0,1,"CTD-3224K15.2","GSE214411","Myeloid",TRUE
1,-0.237594827980118,0,0,1,"SLC4A9","GSE214411","Myeloid",TRUE
1,-0.237594827980118,0,0,1,"PCDHA1","GSE214411","Myeloid",TRUE
1,-0.237594827980118,0,0,1,"PCDHAC2","GSE214411","Myeloid",TRUE
1,-0.237594827980118,0,0,1,"AC005754.7","GSE214411","Myeloid",TRUE
1,-0.237594827980118,0,0,1,"CH17-140K24.5","GSE214411","Myeloid",TRUE
1,-0.237594827980118,0,0,1,"PCDHGC4","GSE214411","Myeloid",TRUE
1,-0.237594827980118,0,0,1,"AC005592.3","GSE214411","Myeloid",TRUE
1,-0.237594827980118,0,0,1,"JAKMIP2-AS1","GSE214411","Myeloid",TRUE
1,-0.237594827980118,0,0,1,"CTB-12O2.1","GSE214411","Myeloid",TRUE
1,-0.237594827980118,0,0,1,"C5orf52","GSE214411","Myeloid",TRUE
1,-0.237594827980118,0,0,1,"GABRG2","GSE214411","Myeloid",TRUE
1,-0.237594827980118,0,0,1,"CTB-174D11.2","GSE214411","Myeloid",TRUE
1,-0.237594827980118,0,0,1,"NKX2-5","GSE214411","Myeloid",TRUE
1,-0.237594827980118,0,0,1,"SNCB","GSE214411","Myeloid",TRUE
1,-0.237594827980118,0,0,1,"RP11-1334A24.6","GSE214411","Myeloid",TRUE
1,-0.237594827980118,0,0,1,"RP11-1101H11.1","GSE214411","Myeloid",TRUE
1,-0.237594827980118,0,0,1,"RP11-281O15.8","GSE214411","Myeloid",TRUE
1,-0.237594827980118,0,0,1,"RP11-443C10.1","GSE214411","Myeloid",TRUE
1,-0.237594827980118,0,0,1,"CTC-573N18.1","GSE214411","Myeloid",TRUE
1,-0.237594827980118,0,0,1,"RP3-406P24.3","GSE214411","Myeloid",TRUE
1,-0.237594827980118,0,0,1,"MIR5689HG","GSE214411","Myeloid",TRUE
1,-0.237594827980118,0,0,1,"RP11-716O23.1","GSE214411","Myeloid",TRUE
1,-0.237594827980118,0,0,1,"RP3-413H6.2","GSE214411","Myeloid",TRUE
1,-0.237594827980118,0,0,1,"RP11-125M16.1","GSE214411","Myeloid",TRUE
1,-0.237594827980118,0,0,1,"RP11-359N11.1","GSE214411","Myeloid",TRUE
1,-0.237594827980118,0,0,1,"RP3-471C18.1","GSE214411","Myeloid",TRUE
1,-0.237594827980118,0,0,1,"SLC17A3","GSE214411","Myeloid",TRUE
1,-0.237594827980118,0,0,1,"U91328.21","GSE214411","Myeloid",TRUE
1,-0.237594827980118,0,0,1,"XXbac-BPG13B8.10","GSE214411","Myeloid",TRUE
1,-0.237594827980118,0,0,1,"MOG","GSE214411","Myeloid",TRUE
1,-0.237594827980118,0,0,1,"XXbac-BPG170G13.32","GSE214411","Myeloid",TRUE
1,-0.237594827980118,0,0,1,"MCCD1","GSE214411","Myeloid",TRUE
1,-0.237594827980118,0,0,1,"BTBD9-AS1","GSE214411","Myeloid",TRUE
1,-0.237594827980118,0,0,1,"LINC00951","GSE214411","Myeloid",TRUE
1,-0.237594827980118,0,0,1,"LRFN2","GSE214411","Myeloid",TRUE
1,-0.237594827980118,0,0,1,"GUCA1A","GSE214411","Myeloid",TRUE
1,-0.237594827980118,0,0,1,"TFAP2B","GSE214411","Myeloid",TRUE
1,-0.237594827980118,0,0,1,"GSTA2","GSE214411","Myeloid",TRUE
1,-0.237594827980118,0,0,1,"LINC01564","GSE214411","Myeloid",TRUE
1,-0.237594827980118,0,0,1,"KHDC3L","GSE214411","Myeloid",TRUE
1,-0.237594827980118,0,0,1,"RP11-554D15.1","GSE214411","Myeloid",TRUE
1,-0.237594827980118,0,0,1,"RP11-415D17.4","GSE214411","Myeloid",TRUE
1,-0.237594827980118,0,0,1,"MEI4","GSE214411","Myeloid",TRUE
1,-0.237594827980118,0,0,1,"LINC01621","GSE214411","Myeloid",TRUE
1,-0.237594827980118,0,0,1,"RP11-51G5.1","GSE214411","Myeloid",TRUE
1,-0.237594827980118,0,0,1,"GABRR1","GSE214411","Myeloid",TRUE
1,-0.237594827980118,0,0,1,"CASC6","GSE214411","Myeloid",TRUE
1,-0.237594827980118,0,0,1,"RP11-404H14.1","GSE214411","Myeloid",TRUE
1,-0.237594827980118,0,0,1,"HS3ST5","GSE214411","Myeloid",TRUE
1,-0.237594827980118,0,0,1,"FAM26D","GSE214411","Myeloid",TRUE
1,-0.237594827980118,0,0,1,"GPRC6A","GSE214411","Myeloid",TRUE
1,-0.237594827980118,0,0,1,"SOGA3","GSE214411","Myeloid",TRUE
1,-0.237594827980118,0,0,1,"GRM1","GSE214411","Myeloid",TRUE
1,-0.237594827980118,0,0,1,"RP1-12G14.9","GSE214411","Myeloid",TRUE
1,-0.237594827980118,0,0,1,"RP11-136K14.3","GSE214411","Myeloid",TRUE
1,-0.237594827980118,0,0,1,"RP3-398G3.5","GSE214411","Myeloid",TRUE
1,-0.237594827980118,0,0,1,"RP11-125D12.2","GSE214411","Myeloid",TRUE
1,-0.237594827980118,0,0,1,"RP1-155D22.2","GSE214411","Myeloid",TRUE
1,-0.237594827980118,0,0,1,"RP3-431P23.5","GSE214411","Myeloid",TRUE
1,-0.237594827980118,0,0,1,"RP3-470B24.5","GSE214411","Myeloid",TRUE
1,-0.237594827980118,0,0,1,"AC073957.15","GSE214411","Myeloid",TRUE
1,-0.237594827980118,0,0,1,"AC091729.8","GSE214411","Myeloid",TRUE
1,-0.237594827980118,0,0,1,"CTD-2060L22.1","GSE214411","Myeloid",TRUE
1,-0.237594827980118,0,0,1,"RP5-978I12.1","GSE214411","Myeloid",TRUE
1,-0.237594827980118,0,0,1,"AC004947.2","GSE214411","Myeloid",TRUE
1,-0.237594827980118,0,0,1,"EVX1","GSE214411","Myeloid",TRUE
1,-0.237594827980118,0,0,1,"CRHR2","GSE214411","Myeloid",TRUE
1,-0.237594827980118,0,0,1,"NPSR1","GSE214411","Myeloid",TRUE
1,-0.237594827980118,0,0,1,"RP11-182J23.1","GSE214411","Myeloid",TRUE
1,-0.237594827980118,0,0,1,"POU6F2","GSE214411","Myeloid",TRUE
1,-0.237594827980118,0,0,1,"LINC01447","GSE214411","Myeloid",TRUE
1,-0.237594827980118,0,0,1,"LINC00525","GSE214411","Myeloid",TRUE
1,-0.237594827980118,0,0,1,"AC020743.2","GSE214411","Myeloid",TRUE
1,-0.237594827980118,0,0,1,"RP11-114G11.5","GSE214411","Myeloid",TRUE
1,-0.237594827980118,0,0,1,"ZNF716","GSE214411","Myeloid",TRUE
1,-0.237594827980118,0,0,1,"TRIM74","GSE214411","Myeloid",TRUE
1,-0.237594827980118,0,0,1,"LINC00972","GSE214411","Myeloid",TRUE
1,-0.237594827980118,0,0,1,"RP11-757A13.1","GSE214411","Myeloid",TRUE
1,-0.237594827980118,0,0,1,"MUC17","GSE214411","Myeloid",TRUE
1,-0.237594827980118,0,0,1,"CTA-305I2.1","GSE214411","Myeloid",TRUE
1,-0.237594827980118,0,0,1,"RP5-884M6.1","GSE214411","Myeloid",TRUE
1,-0.237594827980118,0,0,1,"ASZ1","GSE214411","Myeloid",TRUE
1,-0.237594827980118,0,0,1,"RP11-3B12.2","GSE214411","Myeloid",TRUE
1,-0.237594827980118,0,0,1,"GRM8","GSE214411","Myeloid",TRUE
1,-0.237594827980118,0,0,1,"SSMEM1","GSE214411","Myeloid",TRUE
1,-0.237594827980118,0,0,1,"CPA4","GSE214411","Myeloid",TRUE
1,-0.237594827980118,0,0,1,"CPA5","GSE214411","Myeloid",TRUE
1,-0.237594827980118,0,0,1,"AKR1B15","GSE214411","Myeloid",TRUE
1,-0.237594827980118,0,0,1,"TRBV14","GSE214411","Myeloid",TRUE
1,-0.237594827980118,0,0,1,"TRBV18","GSE214411","Myeloid",TRUE
1,-0.237594827980118,0,0,1,"MTRNR2L6","GSE214411","Myeloid",TRUE
1,-0.237594827980118,0,0,1,"CTAGE8","GSE214411","Myeloid",TRUE
1,-0.237594827980118,0,0,1,"AC004941.3","GSE214411","Myeloid",TRUE
1,-0.237594827980118,0,0,1,"RP11-143I21.1","GSE214411","Myeloid",TRUE
1,-0.237594827980118,0,0,1,"RP11-445N20.3","GSE214411","Myeloid",TRUE
1,-0.237594827980118,0,0,1,"RP4-584D14.6","GSE214411","Myeloid",TRUE
1,-0.237594827980118,0,0,1,"RP5-1048B16.1","GSE214411","Myeloid",TRUE
1,-0.237594827980118,0,0,1,"CLDN34","GSE214411","Myeloid",TRUE
1,-0.237594827980118,0,0,1,"TLR8-AS1","GSE214411","Myeloid",TRUE
1,-0.237594827980118,0,0,1,"RP11-791M20.1","GSE214411","Myeloid",TRUE
1,-0.237594827980118,0,0,1,"RP1-122K4.2","GSE214411","Myeloid",TRUE
1,-0.237594827980118,0,0,1,"GS1-594A7.3","GSE214411","Myeloid",TRUE
1,-0.237594827980118,0,0,1,"NR0B1","GSE214411","Myeloid",TRUE
1,-0.237594827980118,0,0,1,"SSX5","GSE214411","Myeloid",TRUE
1,-0.237594827980118,0,0,1,"SYP-AS1","GSE214411","Myeloid",TRUE
1,-0.237594827980118,0,0,1,"ITIH6","GSE214411","Myeloid",TRUE
1,-0.237594827980118,0,0,1,"RP11-402P6.11","GSE214411","Myeloid",TRUE
1,-0.237594827980118,0,0,1,"FAM46D","GSE214411","Myeloid",TRUE
1,-0.237594827980118,0,0,1,"CPXCR1","GSE214411","Myeloid",TRUE
1,-0.237594827980118,0,0,1,"TCP11X2","GSE214411","Myeloid",TRUE
1,-0.237594827980118,0,0,1,"RP4-769N13.7","GSE214411","Myeloid",TRUE
1,-0.237594827980118,0,0,1,"FRMD7","GSE214411","Myeloid",TRUE
1,-0.237594827980118,0,0,1,"PLAC1","GSE214411","Myeloid",TRUE
1,-0.237594827980118,0,0,1,"RP11-308B5.2","GSE214411","Myeloid",TRUE
1,-0.237594827980118,0,0,1,"LINC00633","GSE214411","Myeloid",TRUE
1,-0.237594827980118,0,0,1,"CT55","GSE214411","Myeloid",TRUE
1,-0.237594827980118,0,0,1,"SLITRK2","GSE214411","Myeloid",TRUE
1,-0.237594827980118,0,0,1,"FMR1NB","GSE214411","Myeloid",TRUE
1,-0.237594827980118,0,0,1,"AF003625.3","GSE214411","Myeloid",TRUE
1,-0.237594827980118,0,0,1,"FATE1","GSE214411","Myeloid",TRUE
1,-0.237594827980118,0,0,1,"MAGEA4","GSE214411","Myeloid",TRUE
1,-0.237594827980118,0,0,1,"U82695.9","GSE214411","Myeloid",TRUE
1,-0.237594827980118,0,0,1,"WASIR1","GSE214411","Myeloid",TRUE
1,-0.237594827980118,0,0,1,"CTD-3212A4.2","GSE214411","Myeloid",TRUE
1,-0.237594827980118,0,0,1,"CH17-174L20.1","GSE214411","Myeloid",TRUE
1,-0.237594827980118,0,0,1,"DEFA5","GSE214411","Myeloid",TRUE
1,-0.237594827980118,0,0,1,"RP11-211C9.1","GSE214411","Myeloid",TRUE
1,-0.237594827980118,0,0,1,"LINCR-0001","GSE214411","Myeloid",TRUE
1,-0.237594827980118,0,0,1,"PRSS55","GSE214411","Myeloid",TRUE
1,-0.237594827980118,0,0,1,"CTD-2135J3.3","GSE214411","Myeloid",TRUE
1,-0.237594827980118,0,0,1,"AF131216.5","GSE214411","Myeloid",TRUE
1,-0.237594827980118,0,0,1,"RP11-1080G15.2","GSE214411","Myeloid",TRUE
1,-0.237594827980118,0,0,1,"RP11-108E14.1","GSE214411","Myeloid",TRUE
1,-0.237594827980118,0,0,1,"RP11-369E15.3","GSE214411","Myeloid",TRUE
1,-0.237594827980118,0,0,1,"RP11-421P23.1","GSE214411","Myeloid",TRUE
1,-0.237594827980118,0,0,1,"LINC00589","GSE214411","Myeloid",TRUE
1,-0.237594827980118,0,0,1,"RP11-51J9.4","GSE214411","Myeloid",TRUE
1,-0.237594827980118,0,0,1,"UNC5D","GSE214411","Myeloid",TRUE
1,-0.237594827980118,0,0,1,"RP11-675F6.3","GSE214411","Myeloid",TRUE
1,-0.237594827980118,0,0,1,"RP11-675F6.4","GSE214411","Myeloid",TRUE
1,-0.237594827980118,0,0,1,"RP11-495O10.1","GSE214411","Myeloid",TRUE
1,-0.237594827980118,0,0,1,"RP11-301G7.1","GSE214411","Myeloid",TRUE
1,-0.237594827980118,0,0,1,"RP11-360L9.8","GSE214411","Myeloid",TRUE
1,-0.237594827980118,0,0,1,"SDR16C5","GSE214411","Myeloid",TRUE
1,-0.237594827980118,0,0,1,"RP11-17A4.2","GSE214411","Myeloid",TRUE
1,-0.237594827980118,0,0,1,"RP11-865I6.2","GSE214411","Myeloid",TRUE
1,-0.237594827980118,0,0,1,"RP11-531A24.7","GSE214411","Myeloid",TRUE
1,-0.237594827980118,0,0,1,"CASC9","GSE214411","Myeloid",TRUE
1,-0.237594827980118,0,0,1,"RP11-1149M10.1","GSE214411","Myeloid",TRUE
1,-0.237594827980118,0,0,1,"RALYL","GSE214411","Myeloid",TRUE
1,-0.237594827980118,0,0,1,"RP11-219B4.3","GSE214411","Myeloid",TRUE
1,-0.237594827980118,0,0,1,"CTA-392E5.1","GSE214411","Myeloid",TRUE
1,-0.237594827980118,0,0,1,"DCAF4L2","GSE214411","Myeloid",TRUE
1,-0.237594827980118,0,0,1,"C8orf87","GSE214411","Myeloid",TRUE
1,-0.237594827980118,0,0,1,"RP11-320N21.2","GSE214411","Myeloid",TRUE
1,-0.237594827980118,0,0,1,"KB-1458E12.1","GSE214411","Myeloid",TRUE
1,-0.237594827980118,0,0,1,"KB-173C10.2","GSE214411","Myeloid",TRUE
1,-0.237594827980118,0,0,1,"KB-1410C5.3","GSE214411","Myeloid",TRUE
1,-0.237594827980118,0,0,1,"KB-1930G5.4","GSE214411","Myeloid",TRUE
1,-0.237594827980118,0,0,1,"RP11-649G15.2","GSE214411","Myeloid",TRUE
1,-0.237594827980118,0,0,1,"CSMD3","GSE214411","Myeloid",TRUE
1,-0.237594827980118,0,0,1,"SLC30A8","GSE214411","Myeloid",TRUE
1,-0.237594827980118,0,0,1,"RP11-557C18.4","GSE214411","Myeloid",TRUE
1,-0.237594827980118,0,0,1,"FER1L6-AS2","GSE214411","Myeloid",TRUE
1,-0.237594827980118,0,0,1,"LINC00976","GSE214411","Myeloid",TRUE
1,-0.237594827980118,0,0,1,"KB-1568E2.1","GSE214411","Myeloid",TRUE
1,-0.237594827980118,0,0,1,"ADCY8","GSE214411","Myeloid",TRUE
1,-0.237594827980118,0,0,1,"RP11-431D12.1","GSE214411","Myeloid",TRUE
1,-0.237594827980118,0,0,1,"KCNK9","GSE214411","Myeloid",TRUE
1,-0.237594827980118,0,0,1,"AC138647.1","GSE214411","Myeloid",TRUE
1,-0.237594827980118,0,0,1,"RP11-536O18.1","GSE214411","Myeloid",TRUE
1,-0.237594827980118,0,0,1,"C9orf92","GSE214411","Myeloid",TRUE
1,-0.237594827980118,0,0,1,"IFNA5","GSE214411","Myeloid",TRUE
1,-0.237594827980118,0,0,1,"IFNA6","GSE214411","Myeloid",TRUE
1,-0.237594827980118,0,0,1,"IFNA13","GSE214411","Myeloid",TRUE
1,-0.237594827980118,0,0,1,"IFNA2","GSE214411","Myeloid",TRUE
1,-0.237594827980118,0,0,1,"RP11-354P17.15","GSE214411","Myeloid",TRUE
1,-0.237594827980118,0,0,1,"CDKN2A-AS1","GSE214411","Myeloid",TRUE
1,-0.237594827980118,0,0,1,"SPINK4","GSE214411","Myeloid",TRUE
1,-0.237594827980118,0,0,1,"RP11-327L3.3","GSE214411","Myeloid",TRUE
1,-0.237594827980118,0,0,1,"PAX5","GSE214411","Myeloid",TRUE
1,-0.237594827980118,0,0,1,"RP11-318K12.2","GSE214411","Myeloid",TRUE
1,-0.237594827980118,0,0,1,"FP325317.1","GSE214411","Myeloid",TRUE
1,-0.237594827980118,0,0,1,"TMEM252","GSE214411","Myeloid",TRUE
1,-0.237594827980118,0,0,1,"RP11-274B18.4","GSE214411","Myeloid",TRUE
1,-0.237594827980118,0,0,1,"RP11-470F18.1","GSE214411","Myeloid",TRUE
1,-0.237594827980118,0,0,1,"VPS13A-AS1","GSE214411","Myeloid",TRUE
1,-0.237594827980118,0,0,1,"RP11-439K3.1","GSE214411","Myeloid",TRUE
1,-0.237594827980118,0,0,1,"RP11-439K3.3","GSE214411","Myeloid",TRUE
1,-0.237594827980118,0,0,1,"XXyac-YM21GA2.4","GSE214411","Myeloid",TRUE
1,-0.237594827980118,0,0,1,"SPATA31E1","GSE214411","Myeloid",TRUE
1,-0.237594827980118,0,0,1,"BARX1-AS1","GSE214411","Myeloid",TRUE
1,-0.237594827980118,0,0,1,"RP11-569G13.2","GSE214411","Myeloid",TRUE
1,-0.237594827980118,0,0,1,"RP11-406O23.2","GSE214411","Myeloid",TRUE
1,-0.237594827980118,0,0,1,"RP11-168K11.3","GSE214411","Myeloid",TRUE
1,-0.237594827980118,0,0,1,"RP11-524G24.2","GSE214411","Myeloid",TRUE
1,-0.237594827980118,0,0,1,"ODF2-AS1","GSE214411","Myeloid",TRUE
1,-0.237594827980118,0,0,1,"RP11-344B5.4","GSE214411","Myeloid",TRUE
1,-0.237594827980118,0,0,1,"RP11-344B5.3","GSE214411","Myeloid",TRUE
1,-0.237594827980118,0,0,1,"RP11-483H20.4","GSE214411","Myeloid",TRUE
1,-0.237594827980118,0,0,1,"OBP2B","GSE214411","Myeloid",TRUE
1,-0.237594827980118,0,0,1,"RP11-145E17.2","GSE214411","Myeloid",TRUE
1,-0.237594827980118,0,0,1,"OBP2A","GSE214411","Myeloid",TRUE
1,-0.237594827980118,0,0,1,"KCNT1","GSE214411","Myeloid",TRUE
1,-0.237594827980118,0,0,1,"LCN8","GSE214411","Myeloid",TRUE
1,-0.237594827980118,0,0,1,"LCN15","GSE214411","Myeloid",TRUE
1,-0.237594827980118,0,0,1,"MRGPRG-AS1","GSE214411","Myeloid",TRUE
1,-0.237594827980118,0,0,1,"OR51B5","GSE214411","Myeloid",TRUE
1,-0.237594827980118,0,0,1,"OR51I1","GSE214411","Myeloid",TRUE
1,-0.237594827980118,0,0,1,"OR6A2","GSE214411","Myeloid",TRUE
1,-0.237594827980118,0,0,1,"NLRP14","GSE214411","Myeloid",TRUE
1,-0.237594827980118,0,0,1,"RP11-467K18.2","GSE214411","Myeloid",TRUE
1,-0.237594827980118,0,0,1,"RP11-21L19.1","GSE214411","Myeloid",TRUE
1,-0.237594827980118,0,0,1,"RP11-140L24.4","GSE214411","Myeloid",TRUE
1,-0.237594827980118,0,0,1,"RP11-396O20.1","GSE214411","Myeloid",TRUE
1,-0.237594827980118,0,0,1,"LINC00678","GSE214411","Myeloid",TRUE
1,-0.237594827980118,0,0,1,"RP11-406D1.2","GSE214411","Myeloid",TRUE
1,-0.237594827980118,0,0,1,"RP11-460B17.3","GSE214411","Myeloid",TRUE
1,-0.237594827980118,0,0,1,"CTD-3012A18.1","GSE214411","Myeloid",TRUE
1,-0.237594827980118,0,0,1,"RP4-683L5.1","GSE214411","Myeloid",TRUE
1,-0.237594827980118,0,0,1,"RP11-702F3.4","GSE214411","Myeloid",TRUE
1,-0.237594827980118,0,0,1,"CHRM4","GSE214411","Myeloid",TRUE
1,-0.237594827980118,0,0,1,"OR9Q1","GSE214411","Myeloid",TRUE
1,-0.237594827980118,0,0,1,"GLYAT","GSE214411","Myeloid",TRUE
1,-0.237594827980118,0,0,1,"MS4A15","GSE214411","Myeloid",TRUE
1,-0.237594827980118,0,0,1,"ZP1","GSE214411","Myeloid",TRUE
1,-0.237594827980118,0,0,1,"CHRM1","GSE214411","Myeloid",TRUE
1,-0.237594827980118,0,0,1,"SLC22A11","GSE214411","Myeloid",TRUE
1,-0.237594827980118,0,0,1,"GAL3ST3","GSE214411","Myeloid",TRUE
1,-0.237594827980118,0,0,1,"NPAS4","GSE214411","Myeloid",TRUE
1,-0.237594827980118,0,0,1,"RP11-211G23.2","GSE214411","Myeloid",TRUE
1,-0.237594827980118,0,0,1,"FGF4","GSE214411","Myeloid",TRUE
1,-0.237594827980118,0,0,1,"RP11-643C9.2","GSE214411","Myeloid",TRUE
1,-0.237594827980118,0,0,1,"RP11-626H12.1","GSE214411","Myeloid",TRUE
1,-0.237594827980118,0,0,1,"ANO1-AS2","GSE214411","Myeloid",TRUE
1,-0.237594827980118,0,0,1,"RP11-707G14.1","GSE214411","Myeloid",TRUE
1,-0.237594827980118,0,0,1,"RP11-164N3.2","GSE214411","Myeloid",TRUE
1,-0.237594827980118,0,0,1,"RP11-817J15.3","GSE214411","Myeloid",TRUE
1,-0.237594827980118,0,0,1,"MMP3","GSE214411","Myeloid",TRUE
1,-0.237594827980118,0,0,1,"SLN","GSE214411","Myeloid",TRUE
1,-0.237594827980118,0,0,1,"RP11-25I9.2","GSE214411","Myeloid",TRUE
1,-0.237594827980118,0,0,1,"DRD2","GSE214411","Myeloid",TRUE
1,-0.237594827980118,0,0,1,"CLDN25","GSE214411","Myeloid",TRUE
1,-0.237594827980118,0,0,1,"HTR3B","GSE214411","Myeloid",TRUE
1,-0.237594827980118,0,0,1,"RP11-212D19.4","GSE214411","Myeloid",TRUE
1,-0.237594827980118,0,0,1,"RP11-136I14.5","GSE214411","Myeloid",TRUE
1,-0.237594827980118,0,0,1,"AP000997.1","GSE214411","Myeloid",TRUE
1,-0.237594827980118,0,0,1,"AP000997.2","GSE214411","Myeloid",TRUE
1,-0.237594827980118,0,0,1,"FOXR1","GSE214411","Myeloid",TRUE
1,-0.237594827980118,0,0,1,"RP11-640N11.2","GSE214411","Myeloid",TRUE
1,-0.237594827980118,0,0,1,"PANX3","GSE214411","Myeloid",TRUE
1,-0.237594827980118,0,0,1,"HEPACAM","GSE214411","Myeloid",TRUE
1,-0.237594827980118,0,0,1,"RP11-680F20.10","GSE214411","Myeloid",TRUE
1,-0.237594827980118,0,0,1,"RP11-680F20.4","GSE214411","Myeloid",TRUE
1,-0.237594827980118,0,0,1,"RP11-702B10.2","GSE214411","Myeloid",TRUE
1,-0.237594827980118,0,0,1,"RP11-264E20.2","GSE214411","Myeloid",TRUE
1,-0.237594827980118,0,0,1,"RP11-264E20.1","GSE214411","Myeloid",TRUE
1,-0.237594827980118,0,0,1,"LINC00703","GSE214411","Myeloid",TRUE
1,-0.237594827980118,0,0,1,"LINC00705","GSE214411","Myeloid",TRUE
1,-0.237594827980118,0,0,1,"SFTA1P","GSE214411","Myeloid",TRUE
1,-0.237594827980118,0,0,1,"SLC39A12-AS1","GSE214411","Myeloid",TRUE
1,-0.237594827980118,0,0,1,"GAD2","GSE214411","Myeloid",TRUE
1,-0.237594827980118,0,0,1,"C10orf126","GSE214411","Myeloid",TRUE
1,-0.237594827980118,0,0,1,"RP11-14C22.3","GSE214411","Myeloid",TRUE
1,-0.237594827980118,0,0,1,"RP11-472N13.2","GSE214411","Myeloid",TRUE
1,-0.237594827980118,0,0,1,"ZNF32-AS3","GSE214411","Myeloid",TRUE
1,-0.237594827980118,0,0,1,"LINC00840","GSE214411","Myeloid",TRUE
1,-0.237594827980118,0,0,1,"C10orf142","GSE214411","Myeloid",TRUE
1,-0.237594827980118,0,0,1,"TMEM72","GSE214411","Myeloid",TRUE
1,-0.237594827980118,0,0,1,"ANXA8L1","GSE214411","Myeloid",TRUE
1,-0.237594827980118,0,0,1,"RBP3","GSE214411","Myeloid",TRUE
1,-0.237594827980118,0,0,1,"ANXA8","GSE214411","Myeloid",TRUE
1,-0.237594827980118,0,0,1,"ABC7-42404400C24.1","GSE214411","Myeloid",TRUE
1,-0.237594827980118,0,0,1,"C10orf71-AS1","GSE214411","Myeloid",TRUE
1,-0.237594827980118,0,0,1,"C10orf71","GSE214411","Myeloid",TRUE
1,-0.237594827980118,0,0,1,"RP11-123B3.2","GSE214411","Myeloid",TRUE
1,-0.237594827980118,0,0,1,"SLC18A3","GSE214411","Myeloid",TRUE
1,-0.237594827980118,0,0,1,"RP11-63A2.2","GSE214411","Myeloid",TRUE
1,-0.237594827980118,0,0,1,"RP11-90J7.3","GSE214411","Myeloid",TRUE
1,-0.237594827980118,0,0,1,"NRG3","GSE214411","Myeloid",TRUE
1,-0.237594827980118,0,0,1,"LINC00858","GSE214411","Myeloid",TRUE
1,-0.237594827980118,0,0,1,"FAM25A","GSE214411","Myeloid",TRUE
1,-0.237594827980118,0,0,1,"RP11-57C13.6","GSE214411","Myeloid",TRUE
1,-0.237594827980118,0,0,1,"RP11-80H5.2","GSE214411","Myeloid",TRUE
1,-0.237594827980118,0,0,1,"RP11-94M14.2","GSE214411","Myeloid",TRUE
1,-0.237594827980118,0,0,1,"RP11-236B18.5","GSE214411","Myeloid",TRUE
1,-0.237594827980118,0,0,1,"LGI1","GSE214411","Myeloid",TRUE
1,-0.237594827980118,0,0,1,"RP11-391J2.3","GSE214411","Myeloid",TRUE
1,-0.237594827980118,0,0,1,"HMX2","GSE214411","Myeloid",TRUE
1,-0.237594827980118,0,0,1,"RP11-282I1.1","GSE214411","Myeloid",TRUE
1,-0.237594827980118,0,0,1,"GPR26","GSE214411","Myeloid",TRUE
1,-0.237594827980118,0,0,1,"NKX1-2","GSE214411","Myeloid",TRUE
1,-0.237594827980118,0,0,1,"NKX6-2","GSE214411","Myeloid",TRUE
1,-0.237594827980118,0,0,1,"ADGRA1","GSE214411","Myeloid",TRUE
1,-0.237594827980118,0,0,1,"ADGRA1-AS1","GSE214411","Myeloid",TRUE
1,-0.237594827980118,0,0,1,"RP11-598F7.4","GSE214411","Myeloid",TRUE
1,-0.237594827980118,0,0,1,"RP11-320N7.2","GSE214411","Myeloid",TRUE
1,-0.237594827980118,0,0,1,"RP11-500M8.7","GSE214411","Myeloid",TRUE
1,-0.237594827980118,0,0,1,"RP11-319E16.2","GSE214411","Myeloid",TRUE
1,-0.237594827980118,0,0,1,"RP11-75L1.1","GSE214411","Myeloid",TRUE
1,-0.237594827980118,0,0,1,"CLEC2A","GSE214411","Myeloid",TRUE
1,-0.237594827980118,0,0,1,"TAS2R9","GSE214411","Myeloid",TRUE
1,-0.237594827980118,0,0,1,"GPRC5D","GSE214411","Myeloid",TRUE
1,-0.237594827980118,0,0,1,"GUCY2C","GSE214411","Myeloid",TRUE
1,-0.237594827980118,0,0,1,"RP11-405A12.2","GSE214411","Myeloid",TRUE
1,-0.237594827980118,0,0,1,"RP11-114G22.1","GSE214411","Myeloid",TRUE
1,-0.237594827980118,0,0,1,"C12orf77","GSE214411","Myeloid",TRUE
1,-0.237594827980118,0,0,1,"RP11-713N11.4","GSE214411","Myeloid",TRUE
1,-0.237594827980118,0,0,1,"RP11-977P2.1","GSE214411","Myeloid",TRUE
1,-0.237594827980118,0,0,1,"OVCH1-AS1","GSE214411","Myeloid",TRUE
1,-0.237594827980118,0,0,1,"RP11-474P2.4","GSE214411","Myeloid",TRUE
1,-0.237594827980118,0,0,1,"RP11-386G11.8","GSE214411","Myeloid",TRUE
1,-0.237594827980118,0,0,1,"AQP6","GSE214411","Myeloid",TRUE
1,-0.237594827980118,0,0,1,"RP11-607P23.1","GSE214411","Myeloid",TRUE
1,-0.237594827980118,0,0,1,"KRT73-AS1","GSE214411","Myeloid",TRUE
1,-0.237594827980118,0,0,1,"KRT2","GSE214411","Myeloid",TRUE
1,-0.237594827980118,0,0,1,"SP7","GSE214411","Myeloid",TRUE
1,-0.237594827980118,0,0,1,"HOTAIR","GSE214411","Myeloid",TRUE
1,-0.237594827980118,0,0,1,"HOXC11","GSE214411","Myeloid",TRUE
1,-0.237594827980118,0,0,1,"HOXC5","GSE214411","Myeloid",TRUE
1,-0.237594827980118,0,0,1,"APOF","GSE214411","Myeloid",TRUE
1,-0.237594827980118,0,0,1,"RP11-121C6.5","GSE214411","Myeloid",TRUE
1,-0.237594827980118,0,0,1,"RP11-362K2.2","GSE214411","Myeloid",TRUE
1,-0.237594827980118,0,0,1,"RP11-221N13.3","GSE214411","Myeloid",TRUE
1,-0.237594827980118,0,0,1,"RP11-89M22.3","GSE214411","Myeloid",TRUE
1,-0.237594827980118,0,0,1,"RP11-81K13.1","GSE214411","Myeloid",TRUE
1,-0.237594827980118,0,0,1,"RP11-560G2.1","GSE214411","Myeloid",TRUE
1,-0.237594827980118,0,0,1,"RP11-530C5.1","GSE214411","Myeloid",TRUE
1,-0.237594827980118,0,0,1,"PTPRQ","GSE214411","Myeloid",TRUE
1,-0.237594827980118,0,0,1,"TSPAN19","GSE214411","Myeloid",TRUE
1,-0.237594827980118,0,0,1,"ALX1","GSE214411","Myeloid",TRUE
1,-0.237594827980118,0,0,1,"KERA","GSE214411","Myeloid",TRUE
1,-0.237594827980118,0,0,1,"RP11-202G11.2","GSE214411","Myeloid",TRUE
1,-0.237594827980118,0,0,1,"PAH","GSE214411","Myeloid",TRUE
1,-0.237594827980118,0,0,1,"MYO1H","GSE214411","Myeloid",TRUE
1,-0.237594827980118,0,0,1,"LINC01405","GSE214411","Myeloid",TRUE
1,-0.237594827980118,0,0,1,"RP11-357K6.1","GSE214411","Myeloid",TRUE
1,-0.237594827980118,0,0,1,"LINC00934","GSE214411","Myeloid",TRUE
1,-0.237594827980118,0,0,1,"RP11-173P15.7","GSE214411","Myeloid",TRUE
1,-0.237594827980118,0,0,1,"RP11-522N14.2","GSE214411","Myeloid",TRUE
1,-0.237594827980118,0,0,1,"RP11-989F5.3","GSE214411","Myeloid",TRUE
1,-0.237594827980118,0,0,1,"RP13-895J2.2","GSE214411","Myeloid",TRUE
1,-0.237594827980118,0,0,1,"SACS-AS1","GSE214411","Myeloid",TRUE
1,-0.237594827980118,0,0,1,"LINC00543","GSE214411","Myeloid",TRUE
1,-0.237594827980118,0,0,1,"CCDC169-SOHLH2","GSE214411","Myeloid",TRUE
1,-0.237594827980118,0,0,1,"SPERT","GSE214411","Myeloid",TRUE
1,-0.237594827980118,0,0,1,"LINC01198","GSE214411","Myeloid",TRUE
1,-0.237594827980118,0,0,1,"CCDC70","GSE214411","Myeloid",TRUE
1,-0.237594827980118,0,0,1,"LECT1","GSE214411","Myeloid",TRUE
1,-0.237594827980118,0,0,1,"LINC00434","GSE214411","Myeloid",TRUE
1,-0.237594827980118,0,0,1,"LINC00448","GSE214411","Myeloid",TRUE
1,-0.237594827980118,0,0,1,"SLITRK1","GSE214411","Myeloid",TRUE
1,-0.237594827980118,0,0,1,"LINC01047","GSE214411","Myeloid",TRUE
1,-0.237594827980118,0,0,1,"LINC01040","GSE214411","Myeloid",TRUE
1,-0.237594827980118,0,0,1,"LINC00379","GSE214411","Myeloid",TRUE
1,-0.237594827980118,0,0,1,"SOX21","GSE214411","Myeloid",TRUE
1,-0.237594827980118,0,0,1,"LINC00359","GSE214411","Myeloid",TRUE
1,-0.237594827980118,0,0,1,"METTL21C","GSE214411","Myeloid",TRUE
1,-0.237594827980118,0,0,1,"RP11-282A11.4","GSE214411","Myeloid",TRUE
1,-0.237594827980118,0,0,1,"SOX1","GSE214411","Myeloid",TRUE
1,-0.237594827980118,0,0,1,"RP11-199F6.4","GSE214411","Myeloid",TRUE
1,-0.237594827980118,0,0,1,"CTD-2314B22.1","GSE214411","Myeloid",TRUE
1,-0.237594827980118,0,0,1,"RNASE13","GSE214411","Myeloid",TRUE
1,-0.237594827980118,0,0,1,"RP11-998D10.4","GSE214411","Myeloid",TRUE
1,-0.237594827980118,0,0,1,"TRAV8-5","GSE214411","Myeloid",TRUE
1,-0.237594827980118,0,0,1,"TRAV38-2DV8","GSE214411","Myeloid",TRUE
1,-0.237594827980118,0,0,1,"RP11-468E2.2","GSE214411","Myeloid",TRUE
1,-0.237594827980118,0,0,1,"RP11-314P15.2","GSE214411","Myeloid",TRUE
1,-0.237594827980118,0,0,1,"FOXG1","GSE214411","Myeloid",TRUE
1,-0.237594827980118,0,0,1,"NKX2-8","GSE214411","Myeloid",TRUE
1,-0.237594827980118,0,0,1,"LINC00517","GSE214411","Myeloid",TRUE
1,-0.237594827980118,0,0,1,"CTD-2058B24.2","GSE214411","Myeloid",TRUE
1,-0.237594827980118,0,0,1,"RP11-129M6.1","GSE214411","Myeloid",TRUE
1,-0.237594827980118,0,0,1,"RP11-214N1.1","GSE214411","Myeloid",TRUE
1,-0.237594827980118,0,0,1,"RP11-99L13.2","GSE214411","Myeloid",TRUE
1,-0.237594827980118,0,0,1,"RP11-398E10.1","GSE214411","Myeloid",TRUE
1,-0.237594827980118,0,0,1,"RPL10L","GSE214411","Myeloid",TRUE
1,-0.237594827980118,0,0,1,"RP11-286O18.1","GSE214411","Myeloid",TRUE
1,-0.237594827980118,0,0,1,"LINC00640","GSE214411","Myeloid",TRUE
1,-0.237594827980118,0,0,1,"RP11-1033H12.1","GSE214411","Myeloid",TRUE
1,-0.237594827980118,0,0,1,"SLC35F4","GSE214411","Myeloid",TRUE
1,-0.237594827980118,0,0,1,"LRRC9","GSE214411","Myeloid",TRUE
1,-0.237594827980118,0,0,1,"RP11-840I19.5","GSE214411","Myeloid",TRUE
1,-0.237594827980118,0,0,1,"RP6-91H8.2","GSE214411","Myeloid",TRUE
1,-0.237594827980118,0,0,1,"RP5-1021I20.8","GSE214411","Myeloid",TRUE
1,-0.237594827980118,0,0,1,"RP11-187O7.3","GSE214411","Myeloid",TRUE
1,-0.237594827980118,0,0,1,"RP11-488C13.6","GSE214411","Myeloid",TRUE
1,-0.237594827980118,0,0,1,"RP11-7F17.4","GSE214411","Myeloid",TRUE
1,-0.237594827980118,0,0,1,"ZDHHC22","GSE214411","Myeloid",TRUE
1,-0.237594827980118,0,0,1,"RP11-1152H15.1","GSE214411","Myeloid",TRUE
1,-0.237594827980118,0,0,1,"RP11-862G15.1","GSE214411","Myeloid",TRUE
1,-0.237594827980118,0,0,1,"RP11-862G15.2","GSE214411","Myeloid",TRUE
1,-0.237594827980118,0,0,1,"SERPINA10","GSE214411","Myeloid",TRUE
1,-0.237594827980118,0,0,1,"CTD-2506J14.1","GSE214411","Myeloid",TRUE
1,-0.237594827980118,0,0,1,"DLK1","GSE214411","Myeloid",TRUE
1,-0.237594827980118,0,0,1,"RD3L","GSE214411","Myeloid",TRUE
1,-0.237594827980118,0,0,1,"RP11-982M15.6","GSE214411","Myeloid",TRUE
1,-0.237594827980118,0,0,1,"RP11-403B2.6","GSE214411","Myeloid",TRUE
1,-0.237594827980118,0,0,1,"LINC01193","GSE214411","Myeloid",TRUE
1,-0.237594827980118,0,0,1,"RP11-275E15.2","GSE214411","Myeloid",TRUE
1,-0.237594827980118,0,0,1,"MKRN3","GSE214411","Myeloid",TRUE
1,-0.237594827980118,0,0,1,"RP11-484P15.1","GSE214411","Myeloid",TRUE
1,-0.237594827980118,0,0,1,"PWRN2","GSE214411","Myeloid",TRUE
1,-0.237594827980118,0,0,1,"RP11-580I1.2","GSE214411","Myeloid",TRUE
1,-0.237594827980118,0,0,1,"RP13-126C7.1","GSE214411","Myeloid",TRUE
1,-0.237594827980118,0,0,1,"GJD2","GSE214411","Myeloid",TRUE
1,-0.237594827980118,0,0,1,"TMCO5A","GSE214411","Myeloid",TRUE
1,-0.237594827980118,0,0,1,"C15orf54","GSE214411","Myeloid",TRUE
1,-0.237594827980118,0,0,1,"RP11-462P6.1","GSE214411","Myeloid",TRUE
1,-0.237594827980118,0,0,1,"CTD-2129N1.1","GSE214411","Myeloid",TRUE
1,-0.237594827980118,0,0,1,"RP11-540O11.7","GSE214411","Myeloid",TRUE
1,-0.237594827980118,0,0,1,"RP11-546B15.1","GSE214411","Myeloid",TRUE
1,-0.237594827980118,0,0,1,"RP11-227D13.5","GSE214411","Myeloid",TRUE
1,-0.237594827980118,0,0,1,"ONECUT1","GSE214411","Myeloid",TRUE
1,-0.237594827980118,0,0,1,"RP11-299H22.1","GSE214411","Myeloid",TRUE
1,-0.237594827980118,0,0,1,"MGC15885","GSE214411","Myeloid",TRUE
1,-0.237594827980118,0,0,1,"RP11-798K3.2","GSE214411","Myeloid",TRUE
1,-0.237594827980118,0,0,1,"CT62","GSE214411","Myeloid",TRUE
1,-0.237594827980118,0,0,1,"CTD-2311M21.4","GSE214411","Myeloid",TRUE
1,-0.237594827980118,0,0,1,"RP11-10O17.3","GSE214411","Myeloid",TRUE
1,-0.237594827980118,0,0,1,"RP11-307C19.1","GSE214411","Myeloid",TRUE
1,-0.237594827980118,0,0,1,"SH2D7","GSE214411","Myeloid",TRUE
1,-0.237594827980118,0,0,1,"RP11-335K5.2","GSE214411","Myeloid",TRUE
1,-0.237594827980118,0,0,1,"TMC3","GSE214411","Myeloid",TRUE
1,-0.237594827980118,0,0,1,"RP11-382A20.4","GSE214411","Myeloid",TRUE
1,-0.237594827980118,0,0,1,"C15orf32","GSE214411","Myeloid",TRUE
1,-0.237594827980118,0,0,1,"RP11-522B15.7","GSE214411","Myeloid",TRUE
1,-0.237594827980118,0,0,1,"SPATA8","GSE214411","Myeloid",TRUE
1,-0.237594827980118,0,0,1,"RP11-20G13.3","GSE214411","Myeloid",TRUE
1,-0.237594827980118,0,0,1,"RP11-505E24.3","GSE214411","Myeloid",TRUE
1,-0.237594827980118,0,0,1,"AC140725.4","GSE214411","Myeloid",TRUE
1,-0.237594827980118,0,0,1,"HBZ","GSE214411","Myeloid",TRUE
1,-0.237594827980118,0,0,1,"PRR35","GSE214411","Myeloid",TRUE
1,-0.237594827980118,0,0,1,"RP11-616M22.7","GSE214411","Myeloid",TRUE
1,-0.237594827980118,0,0,1,"RP11-709D24.5","GSE214411","Myeloid",TRUE
1,-0.237594827980118,0,0,1,"TMEM114","GSE214411","Myeloid",TRUE
1,-0.237594827980118,0,0,1,"RP11-243A14.1","GSE214411","Myeloid",TRUE
1,-0.237594827980118,0,0,1,"PRM2","GSE214411","Myeloid",TRUE
1,-0.237594827980118,0,0,1,"RP11-276H1.3","GSE214411","Myeloid",TRUE
1,-0.237594827980118,0,0,1,"CTD-3037G24.5","GSE214411","Myeloid",TRUE
1,-0.237594827980118,0,0,1,"MIR3179-1","GSE214411","Myeloid",TRUE
1,-0.237594827980118,0,0,1,"RP11-626G11.4","GSE214411","Myeloid",TRUE
1,-0.237594827980118,0,0,1,"CLEC19A","GSE214411","Myeloid",TRUE
1,-0.237594827980118,0,0,1,"ACSM2B","GSE214411","Myeloid",TRUE
1,-0.237594827980118,0,0,1,"ANKS4B","GSE214411","Myeloid",TRUE
1,-0.237594827980118,0,0,1,"RP11-426C22.6","GSE214411","Myeloid",TRUE
1,-0.237594827980118,0,0,1,"TP53TG3D","GSE214411","Myeloid",TRUE
1,-0.237594827980118,0,0,1,"RP11-626K17.3","GSE214411","Myeloid",TRUE
1,-0.237594827980118,0,0,1,"ABCC12","GSE214411","Myeloid",TRUE
1,-0.237594827980118,0,0,1,"RP11-491F9.5","GSE214411","Myeloid",TRUE
1,-0.237594827980118,0,0,1,"RP11-21B23.2","GSE214411","Myeloid",TRUE
1,-0.237594827980118,0,0,1,"CASC16","GSE214411","Myeloid",TRUE
1,-0.237594827980118,0,0,1,"RP11-467J12.4","GSE214411","Myeloid",TRUE
1,-0.237594827980118,0,0,1,"CDH8","GSE214411","Myeloid",TRUE
1,-0.237594827980118,0,0,1,"RP11-467L24.1","GSE214411","Myeloid",TRUE
1,-0.237594827980118,0,0,1,"RP11-513N24.1","GSE214411","Myeloid",TRUE
1,-0.237594827980118,0,0,1,"CCDC79","GSE214411","Myeloid",TRUE
1,-0.237594827980118,0,0,1,"CA7","GSE214411","Myeloid",TRUE
1,-0.237594827980118,0,0,1,"CTC-479C5.6","GSE214411","Myeloid",TRUE
1,-0.237594827980118,0,0,1,"RP11-96D1.5","GSE214411","Myeloid",TRUE
1,-0.237594827980118,0,0,1,"RP11-96D1.7","GSE214411","Myeloid",TRUE
1,-0.237594827980118,0,0,1,"SLC38A8","GSE214411","Myeloid",TRUE
1,-0.237594827980118,0,0,1,"CTD-2015G9.2","GSE214411","Myeloid",TRUE
1,-0.237594827980118,0,0,1,"RP4-536B24.4","GSE214411","Myeloid",TRUE
1,-0.237594827980118,0,0,1,"RP11-566K11.4","GSE214411","Myeloid",TRUE
1,-0.237594827980118,0,0,1,"RP1-59D14.10","GSE214411","Myeloid",TRUE
1,-0.237594827980118,0,0,1,"SPATA22","GSE214411","Myeloid",TRUE
1,-0.237594827980118,0,0,1,"RP11-141J13.5","GSE214411","Myeloid",TRUE
1,-0.237594827980118,0,0,1,"ALOX12","GSE214411","Myeloid",TRUE
1,-0.237594827980118,0,0,1,"AC135178.7","GSE214411","Myeloid",TRUE
1,-0.237594827980118,0,0,1,"RP11-85B7.4","GSE214411","Myeloid",TRUE
1,-0.237594827980118,0,0,1,"MYH1","GSE214411","Myeloid",TRUE
1,-0.237594827980118,0,0,1,"CTC-297N7.9","GSE214411","Myeloid",TRUE
1,-0.237594827980118,0,0,1,"AC005358.3","GSE214411","Myeloid",TRUE
1,-0.237594827980118,0,0,1,"AC005863.1","GSE214411","Myeloid",TRUE
1,-0.237594827980118,0,0,1,"AC090286.4","GSE214411","Myeloid",TRUE
1,-0.237594827980118,0,0,1,"AC004448.5","GSE214411","Myeloid",TRUE
1,-0.237594827980118,0,0,1,"RP11-744K17.1","GSE214411","Myeloid",TRUE
1,-0.237594827980118,0,0,1,"RP11-20B24.2","GSE214411","Myeloid",TRUE
1,-0.237594827980118,0,0,1,"RP11-466A19.1","GSE214411","Myeloid",TRUE
1,-0.237594827980118,0,0,1,"RP11-466A19.3","GSE214411","Myeloid",TRUE
1,-0.237594827980118,0,0,1,"SPACA3","GSE214411","Myeloid",TRUE
1,-0.237594827980118,0,0,1,"RP11-118G23.1","GSE214411","Myeloid",TRUE
1,-0.237594827980118,0,0,1,"CCL11","GSE214411","Myeloid",TRUE
1,-0.237594827980118,0,0,1,"SLC35G3","GSE214411","Myeloid",TRUE
1,-0.237594827980118,0,0,1,"RP11-104J23.1","GSE214411","Myeloid",TRUE
1,-0.237594827980118,0,0,1,"CTD-3194G12.2","GSE214411","Myeloid",TRUE
1,-0.237594827980118,0,0,1,"RP11-445F12.1","GSE214411","Myeloid",TRUE
1,-0.237594827980118,0,0,1,"FBXO47","GSE214411","Myeloid",TRUE
1,-0.237594827980118,0,0,1,"RP1-56K13.5","GSE214411","Myeloid",TRUE
1,-0.237594827980118,0,0,1,"RP11-387H17.6","GSE214411","Myeloid",TRUE
1,-0.237594827980118,0,0,1,"KRT222","GSE214411","Myeloid",TRUE
1,-0.237594827980118,0,0,1,"KRT25","GSE214411","Myeloid",TRUE
1,-0.237594827980118,0,0,1,"KRT27","GSE214411","Myeloid",TRUE
1,-0.237594827980118,0,0,1,"KRT20","GSE214411","Myeloid",TRUE
1,-0.237594827980118,0,0,1,"KRT40","GSE214411","Myeloid",TRUE
1,-0.237594827980118,0,0,1,"KRTAP1-5","GSE214411","Myeloid",TRUE
1,-0.237594827980118,0,0,1,"KRTAP1-3","GSE214411","Myeloid",TRUE
1,-0.237594827980118,0,0,1,"KRTAP1-1","GSE214411","Myeloid",TRUE
1,-0.237594827980118,0,0,1,"KRTAP4-7","GSE214411","Myeloid",TRUE
1,-0.237594827980118,0,0,1,"KRTAP4-8","GSE214411","Myeloid",TRUE
1,-0.237594827980118,0,0,1,"KRTAP4-9","GSE214411","Myeloid",TRUE
1,-0.237594827980118,0,0,1,"KRTAP4-11","GSE214411","Myeloid",TRUE
1,-0.237594827980118,0,0,1,"KRTAP4-6","GSE214411","Myeloid",TRUE
1,-0.237594827980118,0,0,1,"KRTAP17-1","GSE214411","Myeloid",TRUE
1,-0.237594827980118,0,0,1,"KRT32","GSE214411","Myeloid",TRUE
1,-0.237594827980118,0,0,1,"KRT35","GSE214411","Myeloid",TRUE
1,-0.237594827980118,0,0,1,"KRT9","GSE214411","Myeloid",TRUE
1,-0.237594827980118,0,0,1,"CTC-296K1.3","GSE214411","Myeloid",TRUE
1,-0.237594827980118,0,0,1,"MAPT-AS1","GSE214411","Myeloid",TRUE
1,-0.237594827980118,0,0,1,"RPRML","GSE214411","Myeloid",TRUE
1,-0.237594827980118,0,0,1,"RP11-433M22.2","GSE214411","Myeloid",TRUE
1,-0.237594827980118,0,0,1,"GIP","GSE214411","Myeloid",TRUE
1,-0.237594827980118,0,0,1,"RP11-1094H24.4","GSE214411","Myeloid",TRUE
1,-0.237594827980118,0,0,1,"RP11-893F2.14","GSE214411","Myeloid",TRUE
1,-0.237594827980118,0,0,1,"CHAD","GSE214411","Myeloid",TRUE
1,-0.237594827980118,0,0,1,"RP11-94C24.6","GSE214411","Myeloid",TRUE
1,-0.237594827980118,0,0,1,"RP11-159D12.10","GSE214411","Myeloid",TRUE
1,-0.237594827980118,0,0,1,"LPO","GSE214411","Myeloid",TRUE
1,-0.237594827980118,0,0,1,"RP11-264B14.1","GSE214411","Myeloid",TRUE
1,-0.237594827980118,0,0,1,"RP11-332H18.7","GSE214411","Myeloid",TRUE
1,-0.237594827980118,0,0,1,"RP11-180P8.1","GSE214411","Myeloid",TRUE
1,-0.237594827980118,0,0,1,"RP11-180P8.3","GSE214411","Myeloid",TRUE
1,-0.237594827980118,0,0,1,"RP11-855A2.5","GSE214411","Myeloid",TRUE
1,-0.237594827980118,0,0,1,"AC125421.1","GSE214411","Myeloid",TRUE
1,-0.237594827980118,0,0,1,"BTBD17","GSE214411","Myeloid",TRUE
1,-0.237594827980118,0,0,1,"RP11-452I5.2","GSE214411","Myeloid",TRUE
1,-0.237594827980118,0,0,1,"USH1G","GSE214411","Myeloid",TRUE
1,-0.237594827980118,0,0,1,"RP11-552F3.12","GSE214411","Myeloid",TRUE
1,-0.237594827980118,0,0,1,"RP11-353N14.7","GSE214411","Myeloid",TRUE
1,-0.237594827980118,0,0,1,"CTD-2529O21.2","GSE214411","Myeloid",TRUE
1,-0.237594827980118,0,0,1,"RP11-1197K16.2","GSE214411","Myeloid",TRUE
1,-0.237594827980118,0,0,1,"AP005530.2","GSE214411","Myeloid",TRUE
1,-0.237594827980118,0,0,1,"CTD-2015H3.1","GSE214411","Myeloid",TRUE
1,-0.237594827980118,0,0,1,"RP11-838N2.5","GSE214411","Myeloid",TRUE
1,-0.237594827980118,0,0,1,"RP11-835E18.5","GSE214411","Myeloid",TRUE
1,-0.237594827980118,0,0,1,"RP11-789C17.3","GSE214411","Myeloid",TRUE
1,-0.237594827980118,0,0,1,"RP11-138E9.2","GSE214411","Myeloid",TRUE
1,-0.237594827980118,0,0,1,"ANKRD30B","GSE214411","Myeloid",TRUE
1,-0.237594827980118,0,0,1,"RP11-13N13.6","GSE214411","Myeloid",TRUE
1,-0.237594827980118,0,0,1,"RP11-595B24.1","GSE214411","Myeloid",TRUE
1,-0.237594827980118,0,0,1,"RP11-627G18.4","GSE214411","Myeloid",TRUE
1,-0.237594827980118,0,0,1,"RP11-799B12.2","GSE214411","Myeloid",TRUE
1,-0.237594827980118,0,0,1,"AQP4-AS1","GSE214411","Myeloid",TRUE
1,-0.237594827980118,0,0,1,"DSC1","GSE214411","Myeloid",TRUE
1,-0.237594827980118,0,0,1,"RP11-680N20.1","GSE214411","Myeloid",TRUE
1,-0.237594827980118,0,0,1,"RIT2","GSE214411","Myeloid",TRUE
1,-0.237594827980118,0,0,1,"RP11-116O18.3","GSE214411","Myeloid",TRUE
1,-0.237594827980118,0,0,1,"RP11-202D1.2","GSE214411","Myeloid",TRUE
1,-0.237594827980118,0,0,1,"STARD6","GSE214411","Myeloid",TRUE
1,-0.237594827980118,0,0,1,"CTD-2171N6.1","GSE214411","Myeloid",TRUE
1,-0.237594827980118,0,0,1,"CTD-2008L17.1","GSE214411","Myeloid",TRUE
1,-0.237594827980118,0,0,1,"LINC01539","GSE214411","Myeloid",TRUE
1,-0.237594827980118,0,0,1,"RP11-795H16.3","GSE214411","Myeloid",TRUE
1,-0.237594827980118,0,0,1,"RP11-396N11.1","GSE214411","Myeloid",TRUE
1,-0.237594827980118,0,0,1,"RP11-879F14.3","GSE214411","Myeloid",TRUE
1,-0.237594827980118,0,0,1,"RP11-173A16.1","GSE214411","Myeloid",TRUE
1,-0.237594827980118,0,0,1,"RP11-17E3.1","GSE214411","Myeloid",TRUE
1,-0.237594827980118,0,0,1,"RP11-231E4.2","GSE214411","Myeloid",TRUE
1,-0.237594827980118,0,0,1,"RP11-321M21.4","GSE214411","Myeloid",TRUE
1,-0.237594827980118,0,0,1,"RP11-504I13.3","GSE214411","Myeloid",TRUE
1,-0.237594827980118,0,0,1,"RP11-849I19.1","GSE214411","Myeloid",TRUE
1,-0.237594827980118,0,0,1,"DEFB126","GSE214411","Myeloid",TRUE
1,-0.237594827980118,0,0,1,"SCRT2","GSE214411","Myeloid",TRUE
1,-0.237594827980118,0,0,1,"RP5-1077I2.3","GSE214411","Myeloid",TRUE
1,-0.237594827980118,0,0,1,"OTOR","GSE214411","Myeloid",TRUE
1,-0.237594827980118,0,0,1,"BANF2","GSE214411","Myeloid",TRUE
1,-0.237594827980118,0,0,1,"RP4-568F9.6","GSE214411","Myeloid",TRUE
1,-0.237594827980118,0,0,1,"CST5","GSE214411","Myeloid",TRUE
1,-0.237594827980118,0,0,1,"BPIFB4","GSE214411","Myeloid",TRUE
1,-0.237594827980118,0,0,1,"RP11-234K24.3","GSE214411","Myeloid",TRUE
1,-0.237594827980118,0,0,1,"CTD-2308N23.2","GSE214411","Myeloid",TRUE
1,-0.237594827980118,0,0,1,"ADIG","GSE214411","Myeloid",TRUE
1,-0.237594827980118,0,0,1,"RP3-337O18.9","GSE214411","Myeloid",TRUE
1,-0.237594827980118,0,0,1,"LINC01271","GSE214411","Myeloid",TRUE
1,-0.237594827980118,0,0,1,"LINC01440","GSE214411","Myeloid",TRUE
1,-0.237594827980118,0,0,1,"CTCFL","GSE214411","Myeloid",TRUE
1,-0.237594827980118,0,0,1,"RP4-806M20.3","GSE214411","Myeloid",TRUE
1,-0.237594827980118,0,0,1,"RP5-1017F8.2","GSE214411","Myeloid",TRUE
1,-0.237594827980118,0,0,1,"HRH3","GSE214411","Myeloid",TRUE
1,-0.237594827980118,0,0,1,"MYT1","GSE214411","Myeloid",TRUE
1,-0.237594827980118,0,0,1,"THEG","GSE214411","Myeloid",TRUE
1,-0.237594827980118,0,0,1,"AC004449.6","GSE214411","Myeloid",TRUE
1,-0.237594827980118,0,0,1,"NMRK2","GSE214411","Myeloid",TRUE
1,-0.237594827980118,0,0,1,"FUT5","GSE214411","Myeloid",TRUE
1,-0.237594827980118,0,0,1,"CLEC4M","GSE214411","Myeloid",TRUE
1,-0.237594827980118,0,0,1,"MBD3L1","GSE214411","Myeloid",TRUE
1,-0.237594827980118,0,0,1,"CTD-2265O21.3","GSE214411","Myeloid",TRUE
1,-0.237594827980118,0,0,1,"FARSA-AS1","GSE214411","Myeloid",TRUE
1,-0.237594827980118,0,0,1,"CTC-239J10.1","GSE214411","Myeloid",TRUE
1,-0.237594827980118,0,0,1,"LLNLR-249E10.1","GSE214411","Myeloid",TRUE
1,-0.237594827980118,0,0,1,"CTD-2291D10.1","GSE214411","Myeloid",TRUE
1,-0.237594827980118,0,0,1,"AC005597.1","GSE214411","Myeloid",TRUE
1,-0.237594827980118,0,0,1,"CTC-360P9.4","GSE214411","Myeloid",TRUE
1,-0.237594827980118,0,0,1,"FAM187B","GSE214411","Myeloid",TRUE
1,-0.237594827980118,0,0,1,"UPK1A-AS1","GSE214411","Myeloid",TRUE
1,-0.237594827980118,0,0,1,"ACP7","GSE214411","Myeloid",TRUE
1,-0.237594827980118,0,0,1,"LGALS14","GSE214411","Myeloid",TRUE
1,-0.237594827980118,0,0,1,"CEACAM6","GSE214411","Myeloid",TRUE
1,-0.237594827980118,0,0,1,"AC006486.9","GSE214411","Myeloid",TRUE
1,-0.237594827980118,0,0,1,"PSG3","GSE214411","Myeloid",TRUE
1,-0.237594827980118,0,0,1,"PSG1","GSE214411","Myeloid",TRUE
1,-0.237594827980118,0,0,1,"PSG11","GSE214411","Myeloid",TRUE
1,-0.237594827980118,0,0,1,"PSG5","GSE214411","Myeloid",TRUE
1,-0.237594827980118,0,0,1,"PSG4","GSE214411","Myeloid",TRUE
1,-0.237594827980118,0,0,1,"PSG9","GSE214411","Myeloid",TRUE
1,-0.237594827980118,0,0,1,"L34079.4","GSE214411","Myeloid",TRUE
1,-0.237594827980118,0,0,1,"AC115522.3","GSE214411","Myeloid",TRUE
1,-0.237594827980118,0,0,1,"RP11-15A1.2","GSE214411","Myeloid",TRUE
1,-0.237594827980118,0,0,1,"NANOS2","GSE214411","Myeloid",TRUE
1,-0.237594827980118,0,0,1,"IGFL2","GSE214411","Myeloid",TRUE
1,-0.237594827980118,0,0,1,"IGFL1","GSE214411","Myeloid",TRUE
1,-0.237594827980118,0,0,1,"GLTSCR1-AS1","GSE214411","Myeloid",TRUE
1,-0.237594827980118,0,0,1,"PTH2","GSE214411","Myeloid",TRUE
1,-0.237594827980118,0,0,1,"CTD-2568A17.8","GSE214411","Myeloid",TRUE
1,-0.237594827980118,0,0,1,"KLK15","GSE214411","Myeloid",TRUE
1,-0.237594827980118,0,0,1,"AC011523.2","GSE214411","Myeloid",TRUE
1,-0.237594827980118,0,0,1,"AC008440.10","GSE214411","Myeloid",TRUE
1,-0.237594827980118,0,0,1,"CTD-2105E13.6","GSE214411","Myeloid",TRUE
1,-0.237594827980118,0,0,1,"SHISA7","GSE214411","Myeloid",TRUE
1,-0.237594827980118,0,0,1,"AC003002.6","GSE214411","Myeloid",TRUE
1,-0.237594827980118,0,0,1,"AC003005.2","GSE214411","Myeloid",TRUE
1,-0.237594827980118,0,0,1,"LINC01297.1","GSE214411","Myeloid",TRUE
1,-0.237594827980118,0,0,1,"AP000350.10","GSE214411","Myeloid",TRUE
1,-0.237594827980118,0,0,1,"CTA-992D9.6","GSE214411","Myeloid",TRUE
1,-0.237594827980118,0,0,1,"CTA-984G1.5","GSE214411","Myeloid",TRUE
1,-0.237594827980118,0,0,1,"RP1-102K2.6","GSE214411","Myeloid",TRUE
1,-0.237594827980118,0,0,1,"C22orf42","GSE214411","Myeloid",TRUE
1,-0.237594827980118,0,0,1,"RFPL2","GSE214411","Myeloid",TRUE
1,-0.237594827980118,0,0,1,"RP1-90G24.6","GSE214411","Myeloid",TRUE
1,-0.237594827980118,0,0,1,"RP1-90G24.11","GSE214411","Myeloid",TRUE
1,-0.237594827980118,0,0,1,"IGLCOR22-2","GSE214411","Myeloid",TRUE
1,-0.237594827980118,0,0,1,"LL22NC03-104C7.1","GSE214411","Myeloid",TRUE
1,-0.237594827980118,0,0,1,"CACNG2","GSE214411","Myeloid",TRUE
1,-0.237594827980118,0,0,1,"TMPRSS6","GSE214411","Myeloid",TRUE
1,-0.237594827980118,0,0,1,"Z83844.1","GSE214411","Myeloid",TRUE
1,-0.237594827980118,0,0,1,"KCNJ4","GSE214411","Myeloid",TRUE
1,-0.237594827980118,0,0,1,"CTA-126B4.7","GSE214411","Myeloid",TRUE
1,-0.237594827980118,0,0,1,"Z82214.3","GSE214411","Myeloid",TRUE
1,-0.237594827980118,0,0,1,"CTA-268H5.14","GSE214411","Myeloid",TRUE
1,-0.237594827980118,0,0,1,"CH507-513H4.1","GSE214411","Myeloid",TRUE
1,-0.237594827980118,0,0,1,"CH507-528H12.1","GSE214411","Myeloid",TRUE
1,-0.237594827980118,0,0,1,"KRTAP20-2","GSE214411","Myeloid",TRUE
1,-0.237594827980118,0,0,1,"C21orf140","GSE214411","Myeloid",TRUE
1,-0.237594827980118,0,0,1,"AP000695.6","GSE214411","Myeloid",TRUE
1,-0.237594827980118,0,0,1,"AF064858.7","GSE214411","Myeloid",TRUE
1,-0.237594827980118,0,0,1,"AP001610.9","GSE214411","Myeloid",TRUE
1,-0.237594827980118,0,0,1,"TFF2","GSE214411","Myeloid",TRUE
1,-0.237594827980118,0,0,1,"TFF1","GSE214411","Myeloid",TRUE
1,-0.237594827980118,0,0,1,"AP001626.1","GSE214411","Myeloid",TRUE
1,-0.237594827980118,0,0,1,"DNMT3L","GSE214411","Myeloid",TRUE
1,-0.237594827980118,0,0,1,"AC136616.1","GSE214411","Myeloid",TRUE
1,-0.237594827980118,0,0,1,"RP13-436F16.1","GSE214411","Myeloid",TRUE
1,-0.237594827980118,0,0,1,"RP5-1092A11.2","GSE214411","Myeloid",TRUE
1,-0.237594827980118,0,0,1,"RP4-798A10.4","GSE214411","Myeloid",TRUE
1,-0.237594827980118,0,0,1,"RP5-875O13.1","GSE214411","Myeloid",TRUE
1,-0.237594827980118,0,0,1,"HTR6","GSE214411","Myeloid",TRUE
1,-0.237594827980118,0,0,1,"RP3-340N1.6","GSE214411","Myeloid",TRUE
1,-0.237594827980118,0,0,1,"CELA3A","GSE214411","Myeloid",TRUE
1,-0.237594827980118,0,0,1,"RP4-799D16.1","GSE214411","Myeloid",TRUE
1,-0.237594827980118,0,0,1,"RP11-656D10.6","GSE214411","Myeloid",TRUE
1,-0.237594827980118,0,0,1,"GUCA2A","GSE214411","Myeloid",TRUE
1,-0.237594827980118,0,0,1,"RP1-92O14.6","GSE214411","Myeloid",TRUE
1,-0.237594827980118,0,0,1,"RP1-18D14.7","GSE214411","Myeloid",TRUE
1,-0.237594827980118,0,0,1,"LINC01135","GSE214411","Myeloid",TRUE
1,-0.237594827980118,0,0,1,"RP11-436K8.1","GSE214411","Myeloid",TRUE
1,-0.237594827980118,0,0,1,"RP4-650F12.2","GSE214411","Myeloid",TRUE
1,-0.237594827980118,0,0,1,"RP11-313A24.1","GSE214411","Myeloid",TRUE
1,-0.237594827980118,0,0,1,"RP5-1073O3.2","GSE214411","Myeloid",TRUE
1,-0.237594827980118,0,0,1,"RP4-655J12.4","GSE214411","Myeloid",TRUE
1,-0.237594827980118,0,0,1,"AL157902.3","GSE214411","Myeloid",TRUE
1,-0.237594827980118,0,0,1,"LENEP","GSE214411","Myeloid",TRUE
1,-0.237594827980118,0,0,1,"RP11-66D17.5","GSE214411","Myeloid",TRUE
1,-0.237594827980118,0,0,1,"RP11-85G21.3","GSE214411","Myeloid",TRUE
1,-0.237594827980118,0,0,1,"BRINP3","GSE214411","Myeloid",TRUE
1,-0.237594827980118,0,0,1,"LINC01032","GSE214411","Myeloid",TRUE
1,-0.237594827980118,0,0,1,"RP11-383G10.5","GSE214411","Myeloid",TRUE
1,-0.237594827980118,0,0,1,"RP11-354K1.1","GSE214411","Myeloid",TRUE
1,-0.237594827980118,0,0,1,"TMEM78","GSE214411","Myeloid",TRUE
1,-0.237594827980118,0,0,1,"RP11-66A2.2","GSE214411","Myeloid",TRUE
1,-0.237594827980118,0,0,1,"AL360294.1","GSE214411","Myeloid",TRUE
1,-0.237594827980118,0,0,1,"AC093326.3","GSE214411","Myeloid",TRUE
1,-0.237594827980118,0,0,1,"AC114808.2","GSE214411","Myeloid",TRUE
1,-0.237594827980118,0,0,1,"GACAT3","GSE214411","Myeloid",TRUE
1,-0.237594827980118,0,0,1,"RAD51AP2","GSE214411","Myeloid",TRUE
1,-0.237594827980118,0,0,1,"DNAJC5G","GSE214411","Myeloid",TRUE
1,-0.237594827980118,0,0,1,"BIRC6-AS1","GSE214411","Myeloid",TRUE
1,-0.237594827980118,0,0,1,"AC084149.1","GSE214411","Myeloid",TRUE
1,-0.237594827980118,0,0,1,"IGKV4-1","GSE214411","Myeloid",TRUE
1,-0.237594827980118,0,0,1,"IGKV3-20","GSE214411","Myeloid",TRUE
1,-0.237594827980118,0,0,1,"IGKV2-30","GSE214411","Myeloid",TRUE
1,-0.237594827980118,0,0,1,"IGKV1D-39","GSE214411","Myeloid",TRUE
1,-0.237594827980118,0,0,1,"IGKV2D-30","GSE214411","Myeloid",TRUE
1,-0.237594827980118,0,0,1,"AC114776.3","GSE214411","Myeloid",TRUE
1,-0.237594827980118,0,0,1,"AC096670.3","GSE214411","Myeloid",TRUE
1,-0.237594827980118,0,0,1,"EN1","GSE214411","Myeloid",TRUE
1,-0.237594827980118,0,0,1,"AMER3","GSE214411","Myeloid",TRUE
1,-0.237594827980118,0,0,1,"RP11-324L17.1","GSE214411","Myeloid",TRUE
1,-0.237594827980118,0,0,1,"RP11-337N6.1","GSE214411","Myeloid",TRUE
1,-0.237594827980118,0,0,1,"AC093911.1","GSE214411","Myeloid",TRUE
1,-0.237594827980118,0,0,1,"CRYGD","GSE214411","Myeloid",TRUE
1,-0.237594827980118,0,0,1,"AC073641.2","GSE214411","Myeloid",TRUE
1,-0.237594827980118,0,0,1,"AC011298.2","GSE214411","Myeloid",TRUE
1,-0.237594827980118,0,0,1,"AC104809.2","GSE214411","Myeloid",TRUE
1,-0.237594827980118,0,0,1,"ZNF197-AS1","GSE214411","Myeloid",TRUE
1,-0.237594827980118,0,0,1,"BSN-AS1","GSE214411","Myeloid",TRUE
1,-0.237594827980118,0,0,1,"CAMKV","GSE214411","Myeloid",TRUE
1,-0.237594827980118,0,0,1,"RP11-875H7.2","GSE214411","Myeloid",TRUE
1,-0.237594827980118,0,0,1,"ADGRG7","GSE214411","Myeloid",TRUE
1,-0.237594827980118,0,0,1,"DPPA4","GSE214411","Myeloid",TRUE
1,-0.237594827980118,0,0,1,"RP11-572M11.3","GSE214411","Myeloid",TRUE
1,-0.237594827980118,0,0,1,"RP11-271C24.2","GSE214411","Myeloid",TRUE
1,-0.237594827980118,0,0,1,"ZBTB20-AS3","GSE214411","Myeloid",TRUE
1,-0.237594827980118,0,0,1,"RP11-93K22.6","GSE214411","Myeloid",TRUE
1,-0.237594827980118,0,0,1,"LINC01214","GSE214411","Myeloid",TRUE
1,-0.237594827980118,0,0,1,"RP11-368I23.4","GSE214411","Myeloid",TRUE
1,-0.237594827980118,0,0,1,"RP11-145M9.6","GSE214411","Myeloid",TRUE
1,-0.237594827980118,0,0,1,"HTR3E-AS1","GSE214411","Myeloid",TRUE
1,-0.237594827980118,0,0,1,"ADIPOQ-AS1","GSE214411","Myeloid",TRUE
1,-0.237594827980118,0,0,1,"TM4SF19-TCTEX1D2","GSE214411","Myeloid",TRUE
1,-0.237594827980118,0,0,1,"RP13-1016M1.2","GSE214411","Myeloid",TRUE
1,-0.237594827980118,0,0,1,"RP3-513G18.2","GSE214411","Myeloid",TRUE
1,-0.237594827980118,0,0,1,"GABRG1","GSE214411","Myeloid",TRUE
1,-0.237594827980118,0,0,1,"ENAM","GSE214411","Myeloid",TRUE
1,-0.237594827980118,0,0,1,"AFM","GSE214411","Myeloid",TRUE
1,-0.237594827980118,0,0,1,"LINC00575","GSE214411","Myeloid",TRUE
1,-0.237594827980118,0,0,1,"PP12613","GSE214411","Myeloid",TRUE
1,-0.237594827980118,0,0,1,"GYPA","GSE214411","Myeloid",TRUE
1,-0.237594827980118,0,0,1,"RP11-6L6.7","GSE214411","Myeloid",TRUE
1,-0.237594827980118,0,0,1,"PRSS48","GSE214411","Myeloid",TRUE
1,-0.237594827980118,0,0,1,"TKTL2","GSE214411","Myeloid",TRUE
1,-0.237594827980118,0,0,1,"RP11-483A20.3","GSE214411","Myeloid",TRUE
1,-0.237594827980118,0,0,1,"F11-AS1","GSE214411","Myeloid",TRUE
1,-0.237594827980118,0,0,1,"LINC01020","GSE214411","Myeloid",TRUE
1,-0.237594827980118,0,0,1,"AC016644.1","GSE214411","Myeloid",TRUE
1,-0.237594827980118,0,0,1,"AC025442.3","GSE214411","Myeloid",TRUE
1,-0.237594827980118,0,0,1,"SPZ1","GSE214411","Myeloid",TRUE
1,-0.237594827980118,0,0,1,"CTD-2061E19.6","GSE214411","Myeloid",TRUE
1,-0.237594827980118,0,0,1,"CTD-2091N23.1","GSE214411","Myeloid",TRUE
1,-0.237594827980118,0,0,1,"PCSK1","GSE214411","Myeloid",TRUE
1,-0.237594827980118,0,0,1,"RP11-381K20.4","GSE214411","Myeloid",TRUE
1,-0.237594827980118,0,0,1,"CTD-3224K15.3","GSE214411","Myeloid",TRUE
1,-0.237594827980118,0,0,1,"CTB-35F21.5","GSE214411","Myeloid",TRUE
1,-0.237594827980118,0,0,1,"CTC-529P8.1","GSE214411","Myeloid",TRUE
1,-0.237594827980118,0,0,1,"SLC36A2","GSE214411","Myeloid",TRUE
1,-0.237594827980118,0,0,1,"IL12B","GSE214411","Myeloid",TRUE
1,-0.237594827980118,0,0,1,"RP5-856G1.2","GSE214411","Myeloid",TRUE
1,-0.237594827980118,0,0,1,"RP3-448I9.2","GSE214411","Myeloid",TRUE
1,-0.237594827980118,0,0,1,"RP11-330A16.1","GSE214411","Myeloid",TRUE
1,-0.237594827980118,0,0,1,"SAPCD1","GSE214411","Myeloid",TRUE
1,-0.237594827980118,0,0,1,"CLPS","GSE214411","Myeloid",TRUE
1,-0.237594827980118,0,0,1,"RP1-207H1.3","GSE214411","Myeloid",TRUE
1,-0.237594827980118,0,0,1,"RP11-173D14.3","GSE214411","Myeloid",TRUE
1,-0.237594827980118,0,0,1,"NR2E1","GSE214411","Myeloid",TRUE
1,-0.237594827980118,0,0,1,"RP1-249I4.2","GSE214411","Myeloid",TRUE
1,-0.237594827980118,0,0,1,"RP3-468K18.5","GSE214411","Myeloid",TRUE
1,-0.237594827980118,0,0,1,"RP11-302L19.1","GSE214411","Myeloid",TRUE
1,-0.237594827980118,0,0,1,"AC024028.1","GSE214411","Myeloid",TRUE
1,-0.237594827980118,0,0,1,"AC073333.8","GSE214411","Myeloid",TRUE
1,-0.237594827980118,0,0,1,"RP11-89N17.1","GSE214411","Myeloid",TRUE
1,-0.237594827980118,0,0,1,"TBX20","GSE214411","Myeloid",TRUE
1,-0.237594827980118,0,0,1,"AC073115.6","GSE214411","Myeloid",TRUE
1,-0.237594827980118,0,0,1,"AC011294.3","GSE214411","Myeloid",TRUE
1,-0.237594827980118,0,0,1,"AC004901.1","GSE214411","Myeloid",TRUE
1,-0.237594827980118,0,0,1,"VSTM2A","GSE214411","Myeloid",TRUE
1,-0.237594827980118,0,0,1,"RP11-44M6.1","GSE214411","Myeloid",TRUE
1,-0.237594827980118,0,0,1,"ACTL6B","GSE214411","Myeloid",TRUE
1,-0.237594827980118,0,0,1,"TRBV2","GSE214411","Myeloid",TRUE
1,-0.237594827980118,0,0,1,"TRBV7-3","GSE214411","Myeloid",TRUE
1,-0.237594827980118,0,0,1,"TRBV5-5","GSE214411","Myeloid",TRUE
1,-0.237594827980118,0,0,1,"TRBV24-1","GSE214411","Myeloid",TRUE
1,-0.237594827980118,0,0,1,"GBX1","GSE214411","Myeloid",TRUE
1,-0.237594827980118,0,0,1,"IQCA1L","GSE214411","Myeloid",TRUE
1,-0.237594827980118,0,0,1,"AC006019.3","GSE214411","Myeloid",TRUE
1,-0.237594827980118,0,0,1,"RP11-1L9.1","GSE214411","Myeloid",TRUE
1,-0.237594827980118,0,0,1,"RP1-122K4.3","GSE214411","Myeloid",TRUE
1,-0.237594827980118,0,0,1,"RP11-268G12.1","GSE214411","Myeloid",TRUE
1,-0.237594827980118,0,0,1,"TRPC5","GSE214411","Myeloid",TRUE
1,-0.237594827980118,0,0,1,"ARHGAP36","GSE214411","Myeloid",TRUE
1,-0.237594827980118,0,0,1,"ZIC3","GSE214411","Myeloid",TRUE
1,-0.237594827980118,0,0,1,"U82695.5","GSE214411","Myeloid",TRUE
1,-0.237594827980118,0,0,1,"CTA-398F10.2","GSE214411","Myeloid",TRUE
1,-0.237594827980118,0,0,1,"AF131215.6","GSE214411","Myeloid",TRUE
1,-0.237594827980118,0,0,1,"RP11-513D5.2","GSE214411","Myeloid",TRUE
1,-0.237594827980118,0,0,1,"RP11-567J20.3","GSE214411","Myeloid",TRUE
1,-0.237594827980118,0,0,1,"BHLHE22","GSE214411","Myeloid",TRUE
1,-0.237594827980118,0,0,1,"RP11-463D19.2","GSE214411","Myeloid",TRUE
1,-0.237594827980118,0,0,1,"CNGB3","GSE214411","Myeloid",TRUE
1,-0.237594827980118,0,0,1,"KB-1615E4.2","GSE214411","Myeloid",TRUE
1,-0.237594827980118,0,0,1,"RP11-1C8.7","GSE214411","Myeloid",TRUE
1,-0.237594827980118,0,0,1,"RP11-642D21.2","GSE214411","Myeloid",TRUE
1,-0.237594827980118,0,0,1,"RP11-473O4.4","GSE214411","Myeloid",TRUE
1,-0.237594827980118,0,0,1,"CTD-2309H9.3","GSE214411","Myeloid",TRUE
1,-0.237594827980118,0,0,1,"GML","GSE214411","Myeloid",TRUE
1,-0.237594827980118,0,0,1,"SCRT1","GSE214411","Myeloid",TRUE
1,-0.237594827980118,0,0,1,"RP11-59O6.3","GSE214411","Myeloid",TRUE
1,-0.237594827980118,0,0,1,"RP11-574F11.3","GSE214411","Myeloid",TRUE
1,-0.237594827980118,0,0,1,"RP11-168K11.2","GSE214411","Myeloid",TRUE
1,-0.237594827980118,0,0,1,"RP11-500B12.1","GSE214411","Myeloid",TRUE
1,-0.237594827980118,0,0,1,"RP11-83J21.3","GSE214411","Myeloid",TRUE
1,-0.237594827980118,0,0,1,"RP11-473E2.2","GSE214411","Myeloid",TRUE
1,-0.237594827980118,0,0,1,"RP11-413M3.4","GSE214411","Myeloid",TRUE
1,-0.237594827980118,0,0,1,"LCN10","GSE214411","Myeloid",TRUE
1,-0.237594827980118,0,0,1,"RP11-326C3.13","GSE214411","Myeloid",TRUE
1,-0.237594827980118,0,0,1,"RP11-179A10.1","GSE214411","Myeloid",TRUE
1,-0.237594827980118,0,0,1,"RP1-17K7.2","GSE214411","Myeloid",TRUE
1,-0.237594827980118,0,0,1,"FBXO3-AS1","GSE214411","Myeloid",TRUE
1,-0.237594827980118,0,0,1,"OR5B21","GSE214411","Myeloid",TRUE
1,-0.237594827980118,0,0,1,"RP11-626H12.3","GSE214411","Myeloid",TRUE
1,-0.237594827980118,0,0,1,"RP11-800A3.3","GSE214411","Myeloid",TRUE
1,-0.237594827980118,0,0,1,"RP11-677I18.3","GSE214411","Myeloid",TRUE
1,-0.237594827980118,0,0,1,"APOA4","GSE214411","Myeloid",TRUE
1,-0.237594827980118,0,0,1,"RP11-687M24.8","GSE214411","Myeloid",TRUE
1,-0.237594827980118,0,0,1,"RP11-744N12.3","GSE214411","Myeloid",TRUE
1,-0.237594827980118,0,0,1,"AP004550.1","GSE214411","Myeloid",TRUE
1,-0.237594827980118,0,0,1,"RP11-446F3.2","GSE214411","Myeloid",TRUE
1,-0.237594827980118,0,0,1,"RP11-379F12.3","GSE214411","Myeloid",TRUE
1,-0.237594827980118,0,0,1,"RP11-445K13.2","GSE214411","Myeloid",TRUE
1,-0.237594827980118,0,0,1,"RP11-253D19.1","GSE214411","Myeloid",TRUE
1,-0.237594827980118,0,0,1,"AGAP14P","GSE214411","Myeloid",TRUE
1,-0.237594827980118,0,0,1,"RP11-319F12.2","GSE214411","Myeloid",TRUE
1,-0.237594827980118,0,0,1,"RP11-491H19.1","GSE214411","Myeloid",TRUE
1,-0.237594827980118,0,0,1,"RP11-150D20.5","GSE214411","Myeloid",TRUE
1,-0.237594827980118,0,0,1,"CC2D2B","GSE214411","Myeloid",TRUE
1,-0.237594827980118,0,0,1,"RP11-316M21.6","GSE214411","Myeloid",TRUE
1,-0.237594827980118,0,0,1,"RP11-190J1.3","GSE214411","Myeloid",TRUE
1,-0.237594827980118,0,0,1,"CYP17A1","GSE214411","Myeloid",TRUE
1,-0.237594827980118,0,0,1,"CALHM1","GSE214411","Myeloid",TRUE
1,-0.237594827980118,0,0,1,"PNLIPRP1","GSE214411","Myeloid",TRUE
1,-0.237594827980118,0,0,1,"FOXI2","GSE214411","Myeloid",TRUE
1,-0.237594827980118,0,0,1,"LRTM2","GSE214411","Myeloid",TRUE
1,-0.237594827980118,0,0,1,"LINC00940","GSE214411","Myeloid",TRUE
1,-0.237594827980118,0,0,1,"AICDA","GSE214411","Myeloid",TRUE
1,-0.237594827980118,0,0,1,"GRIN2B","GSE214411","Myeloid",TRUE
1,-0.237594827980118,0,0,1,"RP11-946L16.2","GSE214411","Myeloid",TRUE
1,-0.237594827980118,0,0,1,"RP11-493L12.7","GSE214411","Myeloid",TRUE
1,-0.237594827980118,0,0,1,"RP1-228P16.5","GSE214411","Myeloid",TRUE
1,-0.237594827980118,0,0,1,"RP11-579D7.2","GSE214411","Myeloid",TRUE
1,-0.237594827980118,0,0,1,"AQP2","GSE214411","Myeloid",TRUE
1,-0.237594827980118,0,0,1,"KRT76","GSE214411","Myeloid",TRUE
1,-0.237594827980118,0,0,1,"NEUROD4","GSE214411","Myeloid",TRUE
1,-0.237594827980118,0,0,1,"RP11-644F5.16","GSE214411","Myeloid",TRUE
1,-0.237594827980118,0,0,1,"OTOGL","GSE214411","Myeloid",TRUE
1,-0.237594827980118,0,0,1,"RP11-587P21.2","GSE214411","Myeloid",TRUE
1,-0.237594827980118,0,0,1,"RP11-394J1.2","GSE214411","Myeloid",TRUE
1,-0.237594827980118,0,0,1,"RP11-197N18.7","GSE214411","Myeloid",TRUE
1,-0.237594827980118,0,0,1,"TPTE2","GSE214411","Myeloid",TRUE
1,-0.237594827980118,0,0,1,"LINC00463","GSE214411","Myeloid",TRUE
1,-0.237594827980118,0,0,1,"LINC01058","GSE214411","Myeloid",TRUE
1,-0.237594827980118,0,0,1,"LINC01055","GSE214411","Myeloid",TRUE
1,-0.237594827980118,0,0,1,"RP11-397O8.7","GSE214411","Myeloid",TRUE
1,-0.237594827980118,0,0,1,"RP11-255P5.2","GSE214411","Myeloid",TRUE
1,-0.237594827980118,0,0,1,"LINC00567","GSE214411","Myeloid",TRUE
1,-0.237594827980118,0,0,1,"PROZ","GSE214411","Myeloid",TRUE
1,-0.237594827980118,0,0,1,"LINC00452","GSE214411","Myeloid",TRUE
1,-0.237594827980118,0,0,1,"RP11-203M5.8","GSE214411","Myeloid",TRUE
1,-0.237594827980118,0,0,1,"RP11-219E7.4","GSE214411","Myeloid",TRUE
1,-0.237594827980118,0,0,1,"RNASE7","GSE214411","Myeloid",TRUE
1,-0.237594827980118,0,0,1,"TRAV1-1","GSE214411","Myeloid",TRUE
1,-0.237594827980118,0,0,1,"TRAV10","GSE214411","Myeloid",TRUE
1,-0.237594827980118,0,0,1,"TRAV12-3","GSE214411","Myeloid",TRUE
1,-0.237594827980118,0,0,1,"TRAV35","GSE214411","Myeloid",TRUE
1,-0.237594827980118,0,0,1,"TRAV41","GSE214411","Myeloid",TRUE
1,-0.237594827980118,0,0,1,"MYH6","GSE214411","Myeloid",TRUE
1,-0.237594827980118,0,0,1,"RP11-1085N6.2","GSE214411","Myeloid",TRUE
1,-0.237594827980118,0,0,1,"CTD-2540L5.6","GSE214411","Myeloid",TRUE
1,-0.237594827980118,0,0,1,"RP11-299L17.3","GSE214411","Myeloid",TRUE
1,-0.237594827980118,0,0,1,"SERPINA9","GSE214411","Myeloid",TRUE
1,-0.237594827980118,0,0,1,"RP11-1070N10.4","GSE214411","Myeloid",TRUE
1,-0.237594827980118,0,0,1,"IGHV2-5","GSE214411","Myeloid",TRUE
1,-0.237594827980118,0,0,1,"IGHV1-18","GSE214411","Myeloid",TRUE
1,-0.237594827980118,0,0,1,"IGHV4-34","GSE214411","Myeloid",TRUE
1,-0.237594827980118,0,0,1,"IGHV4-59","GSE214411","Myeloid",TRUE
1,-0.237594827980118,0,0,1,"RP11-300A12.2","GSE214411","Myeloid",TRUE
1,-0.237594827980118,0,0,1,"RP11-814P5.1","GSE214411","Myeloid",TRUE
1,-0.237594827980118,0,0,1,"RP11-275I4.2","GSE214411","Myeloid",TRUE
1,-0.237594827980118,0,0,1,"RP11-62C7.2","GSE214411","Myeloid",TRUE
1,-0.237594827980118,0,0,1,"RP11-64K12.9","GSE214411","Myeloid",TRUE
1,-0.237594827980118,0,0,1,"RP11-380D11.2","GSE214411","Myeloid",TRUE
1,-0.237594827980118,0,0,1,"RP11-142J21.1","GSE214411","Myeloid",TRUE
1,-0.237594827980118,0,0,1,"LINC01413","GSE214411","Myeloid",TRUE
1,-0.237594827980118,0,0,1,"CTD-2330J20.2","GSE214411","Myeloid",TRUE
1,-0.237594827980118,0,0,1,"AC007950.1","GSE214411","Myeloid",TRUE
1,-0.237594827980118,0,0,1,"RP11-352G18.2","GSE214411","Myeloid",TRUE
1,-0.237594827980118,0,0,1,"RP11-315D16.4","GSE214411","Myeloid",TRUE
1,-0.237594827980118,0,0,1,"GOLGA6B","GSE214411","Myeloid",TRUE
1,-0.237594827980118,0,0,1,"CTD-2026K11.2","GSE214411","Myeloid",TRUE
1,-0.237594827980118,0,0,1,"RP11-114H24.3","GSE214411","Myeloid",TRUE
1,-0.237594827980118,0,0,1,"RP11-245C17.2","GSE214411","Myeloid",TRUE
1,-0.237594827980118,0,0,1,"AC068831.3","GSE214411","Myeloid",TRUE
1,-0.237594827980118,0,0,1,"LINC01580","GSE214411","Myeloid",TRUE
1,-0.237594827980118,0,0,1,"RP11-20G13.5","GSE214411","Myeloid",TRUE
1,-0.237594827980118,0,0,1,"RP11-10K17.6","GSE214411","Myeloid",TRUE
1,-0.237594827980118,0,0,1,"CTD-3037G24.4","GSE214411","Myeloid",TRUE
1,-0.237594827980118,0,0,1,"RP11-264B17.5","GSE214411","Myeloid",TRUE
1,-0.237594827980118,0,0,1,"RP11-21B23.1","GSE214411","Myeloid",TRUE
1,-0.237594827980118,0,0,1,"RP11-327F22.5","GSE214411","Myeloid",TRUE
1,-0.237594827980118,0,0,1,"RP11-297L17.2","GSE214411","Myeloid",TRUE
1,-0.237594827980118,0,0,1,"BEAN1-AS1","GSE214411","Myeloid",TRUE
1,-0.237594827980118,0,0,1,"RP11-432I5.8","GSE214411","Myeloid",TRUE
1,-0.237594827980118,0,0,1,"CTRB2","GSE214411","Myeloid",TRUE
1,-0.237594827980118,0,0,1,"FOXC2-AS1","GSE214411","Myeloid",TRUE
1,-0.237594827980118,0,0,1,"RP11-134D3.1","GSE214411","Myeloid",TRUE
1,-0.237594827980118,0,0,1,"RP11-482M8.3","GSE214411","Myeloid",TRUE
1,-0.237594827980118,0,0,1,"PABPN1L","GSE214411","Myeloid",TRUE
1,-0.237594827980118,0,0,1,"AC090617.1","GSE214411","Myeloid",TRUE
1,-0.237594827980118,0,0,1,"CCDC42","GSE214411","Myeloid",TRUE
1,-0.237594827980118,0,0,1,"AC004448.2","GSE214411","Myeloid",TRUE
1,-0.237594827980118,0,0,1,"RP11-19P22.8","GSE214411","Myeloid",TRUE
1,-0.237594827980118,0,0,1,"CTB-96E2.7","GSE214411","Myeloid",TRUE
1,-0.237594827980118,0,0,1,"RP11-20B24.5","GSE214411","Myeloid",TRUE
1,-0.237594827980118,0,0,1,"ABHD15-AS1","GSE214411","Myeloid",TRUE
1,-0.237594827980118,0,0,1,"RP11-68I3.7","GSE214411","Myeloid",TRUE
1,-0.237594827980118,0,0,1,"RP11-1094M14.12","GSE214411","Myeloid",TRUE
1,-0.237594827980118,0,0,1,"CCL16","GSE214411","Myeloid",TRUE
1,-0.237594827980118,0,0,1,"CTD-3194G12.1","GSE214411","Myeloid",TRUE
1,-0.237594827980118,0,0,1,"RP11-378E13.4","GSE214411","Myeloid",TRUE
1,-0.237594827980118,0,0,1,"RP1-56K13.3","GSE214411","Myeloid",TRUE
1,-0.237594827980118,0,0,1,"GFAP","GSE214411","Myeloid",TRUE
1,-0.237594827980118,0,0,1,"CRHR1.1","GSE214411","Myeloid",TRUE
1,-0.237594827980118,0,0,1,"RP5-875H18.10","GSE214411","Myeloid",TRUE
1,-0.237594827980118,0,0,1,"RP11-1018N14.5","GSE214411","Myeloid",TRUE
1,-0.237594827980118,0,0,1,"RP11-343K8.3","GSE214411","Myeloid",TRUE
1,-0.237594827980118,0,0,1,"RP11-159D12.11","GSE214411","Myeloid",TRUE
1,-0.237594827980118,0,0,1,"RP11-15E18.4","GSE214411","Myeloid",TRUE
1,-0.237594827980118,0,0,1,"TBX4","GSE214411","Myeloid",TRUE
1,-0.237594827980118,0,0,1,"SCN4A","GSE214411","Myeloid",TRUE
1,-0.237594827980118,0,0,1,"RP11-449L23.3","GSE214411","Myeloid",TRUE
1,-0.237594827980118,0,0,1,"CTD-2006K23.2","GSE214411","Myeloid",TRUE
1,-0.237594827980118,0,0,1,"LINC00868","GSE214411","Myeloid",TRUE
1,-0.237594827980118,0,0,1,"RP11-958F21.1","GSE214411","Myeloid",TRUE
1,-0.237594827980118,0,0,1,"RP11-612A1.1","GSE214411","Myeloid",TRUE
1,-0.237594827980118,0,0,1,"SALL3","GSE214411","Myeloid",TRUE
1,-0.237594827980118,0,0,1,"DEFB129","GSE214411","Myeloid",TRUE
1,-0.237594827980118,0,0,1,"ANGPT4","GSE214411","Myeloid",TRUE
1,-0.237594827980118,0,0,1,"RP5-1068H6.6","GSE214411","Myeloid",TRUE
1,-0.237594827980118,0,0,1,"LAMP5-AS1","GSE214411","Myeloid",TRUE
1,-0.237594827980118,0,0,1,"PCSK2","GSE214411","Myeloid",TRUE
1,-0.237594827980118,0,0,1,"RP1-167O22.1","GSE214411","Myeloid",TRUE
1,-0.237594827980118,0,0,1,"RP11-359G22.2","GSE214411","Myeloid",TRUE
1,-0.237594827980118,0,0,1,"CDH22","GSE214411","Myeloid",TRUE
1,-0.237594827980118,0,0,1,"RP11-394O2.3","GSE214411","Myeloid",TRUE
1,-0.237594827980118,0,0,1,"LINC01524","GSE214411","Myeloid",TRUE
1,-0.237594827980118,0,0,1,"MC3R","GSE214411","Myeloid",TRUE
1,-0.237594827980118,0,0,1,"CTB-31O20.6","GSE214411","Myeloid",TRUE
1,-0.237594827980118,0,0,1,"AC007292.7","GSE214411","Myeloid",TRUE
1,-0.237594827980118,0,0,1,"PPAN-P2RY11","GSE214411","Myeloid",TRUE
1,-0.237594827980118,0,0,1,"CTD-2369P2.5","GSE214411","Myeloid",TRUE
1,-0.237594827980118,0,0,1,"WDR88","GSE214411","Myeloid",TRUE
1,-0.237594827980118,0,0,1,"CTD-2540B15.9","GSE214411","Myeloid",TRUE
1,-0.237594827980118,0,0,1,"CTC-523E23.14","GSE214411","Myeloid",TRUE
1,-0.237594827980118,0,0,1,"CYP2F1","GSE214411","Myeloid",TRUE
1,-0.237594827980118,0,0,1,"CTB-12A17.3","GSE214411","Myeloid",TRUE
1,-0.237594827980118,0,0,1,"CGB7","GSE214411","Myeloid",TRUE
1,-0.237594827980118,0,0,1,"CTC-518B2.9","GSE214411","Myeloid",TRUE
1,-0.237594827980118,0,0,1,"ZNF649-AS1","GSE214411","Myeloid",TRUE
1,-0.237594827980118,0,0,1,"CTD-2245F17.6","GSE214411","Myeloid",TRUE
1,-0.237594827980118,0,0,1,"TARM1","GSE214411","Myeloid",TRUE
1,-0.237594827980118,0,0,1,"FAM71E2","GSE214411","Myeloid",TRUE
1,-0.237594827980118,0,0,1,"KB-1183D5.13","GSE214411","Myeloid",TRUE
1,-0.237594827980118,0,0,1,"LL22NC03-63E9.3","GSE214411","Myeloid",TRUE
1,-0.237594827980118,0,0,1,"IGLV2-14","GSE214411","Myeloid",TRUE
1,-0.237594827980118,0,0,1,"AP000343.2","GSE214411","Myeloid",TRUE
1,-0.237594827980118,0,0,1,"CTA-407F11.8","GSE214411","Myeloid",TRUE
1,-0.237594827980118,0,0,1,"CTA-150C2.13","GSE214411","Myeloid",TRUE
1,-0.237594827980118,0,0,1,"IL17REL","GSE214411","Myeloid",TRUE
1,-0.237594827980118,0,0,1,"AC000036.4","GSE214411","Myeloid",TRUE
1,-0.237594827980118,0,0,1,"CH507-254M2.1","GSE214411","Myeloid",TRUE
1,-0.237594827980118,0,0,1,"SAMSN1-AS1","GSE214411","Myeloid",TRUE
1,-0.237594827980118,0,0,1,"AP000473.6","GSE214411","Myeloid",TRUE
1,-0.237594827980118,0,0,1,"LINC01549","GSE214411","Myeloid",TRUE
1,-0.237594827980118,0,0,1,"AF124730.4","GSE214411","Myeloid",TRUE
1,-0.237594827980118,0,0,1,"OLIG2","GSE214411","Myeloid",TRUE
1,-0.237594827980118,0,0,1,"DSCR8","GSE214411","Myeloid",TRUE
1,-0.237594827980118,0,0,1,"BX322559.3","GSE214411","Myeloid",TRUE
1,-0.237594827980118,0,0,1,"RP11-206L10.4","GSE214411","Myeloid",TRUE
1,-0.237594827980118,0,0,1,"RP11-288I21.1","GSE214411","Myeloid",TRUE
1,-0.237594827980118,0,0,1,"RP11-108M9.3","GSE214411","Myeloid",TRUE
1,-0.237594827980118,0,0,1,"RP11-435D7.3","GSE214411","Myeloid",TRUE
1,-0.237594827980118,0,0,1,"RP11-302M6.5","GSE214411","Myeloid",TRUE
1,-0.237594827980118,0,0,1,"RP11-495P10.6","GSE214411","Myeloid",TRUE
1,-0.237594827980118,0,0,1,"SPRR2B","GSE214411","Myeloid",TRUE
1,-0.237594827980118,0,0,1,"RP11-263K19.6","GSE214411","Myeloid",TRUE
1,-0.237594827980118,0,0,1,"RP11-284F21.7","GSE214411","Myeloid",TRUE
1,-0.237594827980118,0,0,1,"CRP","GSE214411","Myeloid",TRUE
1,-0.237594827980118,0,0,1,"RP11-267N12.1","GSE214411","Myeloid",TRUE
1,-0.237594827980118,0,0,1,"RP4-593C16.4","GSE214411","Myeloid",TRUE
1,-0.237594827980118,0,0,1,"LINC01344","GSE214411","Myeloid",TRUE
1,-0.237594827980118,0,0,1,"RP11-335O13.7","GSE214411","Myeloid",TRUE
1,-0.237594827980118,0,0,1,"LINC00303","GSE214411","Myeloid",TRUE
1,-0.237594827980118,0,0,1,"LINC00298","GSE214411","Myeloid",TRUE
1,-0.237594827980118,0,0,1,"AC012456.3","GSE214411","Myeloid",TRUE
1,-0.237594827980118,0,0,1,"AC007131.1","GSE214411","Myeloid",TRUE
1,-0.237594827980118,0,0,1,"AC007403.2","GSE214411","Myeloid",TRUE
1,-0.237594827980118,0,0,1,"AC079586.1","GSE214411","Myeloid",TRUE
1,-0.237594827980118,0,0,1,"LINC01087","GSE214411","Myeloid",TRUE
1,-0.237594827980118,0,0,1,"XIRP2","GSE214411","Myeloid",TRUE
1,-0.237594827980118,0,0,1,"RP11-337N6.2","GSE214411","Myeloid",TRUE
1,-0.237594827980118,0,0,1,"CHRND","GSE214411","Myeloid",TRUE
1,-0.237594827980118,0,0,1,"AC112721.1","GSE214411","Myeloid",TRUE
1,-0.237594827980118,0,0,1,"AC112721.2","GSE214411","Myeloid",TRUE
1,-0.237594827980118,0,0,1,"AGXT","GSE214411","Myeloid",TRUE
1,-0.237594827980118,0,0,1,"CNTN6","GSE214411","Myeloid",TRUE
1,-0.237594827980118,0,0,1,"CIDEC","GSE214411","Myeloid",TRUE
1,-0.237594827980118,0,0,1,"RP11-64C1.1","GSE214411","Myeloid",TRUE
1,-0.237594827980118,0,0,1,"CTD-2026G6.3","GSE214411","Myeloid",TRUE
1,-0.237594827980118,0,0,1,"LINC00973","GSE214411","Myeloid",TRUE
1,-0.237594827980118,0,0,1,"LSAMP-AS1","GSE214411","Myeloid",TRUE
1,-0.237594827980118,0,0,1,"UROC1","GSE214411","Myeloid",TRUE
1,-0.237594827980118,0,0,1,"CPB1","GSE214411","Myeloid",TRUE
1,-0.237594827980118,0,0,1,"RP11-529E10.7","GSE214411","Myeloid",TRUE
1,-0.237594827980118,0,0,1,"RP11-22A3.1","GSE214411","Myeloid",TRUE
1,-0.237594827980118,0,0,1,"THEGL","GSE214411","Myeloid",TRUE
1,-0.237594827980118,0,0,1,"RP11-16N2.1","GSE214411","Myeloid",TRUE
1,-0.237594827980118,0,0,1,"TMPRSS11A","GSE214411","Myeloid",TRUE
1,-0.237594827980118,0,0,1,"UGT2A3","GSE214411","Myeloid",TRUE
1,-0.237594827980118,0,0,1,"DMP1","GSE214411","Myeloid",TRUE
1,-0.237594827980118,0,0,1,"RP11-553P9.2","GSE214411","Myeloid",TRUE
1,-0.237594827980118,0,0,1,"RP11-733C7.1","GSE214411","Myeloid",TRUE
1,-0.237594827980118,0,0,1,"RP11-161D15.1","GSE214411","Myeloid",TRUE
1,-0.237594827980118,0,0,1,"RP13-577H12.2","GSE214411","Myeloid",TRUE
1,-0.237594827980118,0,0,1,"RP11-91J3.3","GSE214411","Myeloid",TRUE
1,-0.237594827980118,0,0,1,"CTC-461F20.1","GSE214411","Myeloid",TRUE
1,-0.237594827980118,0,0,1,"CTD-2187J20.1","GSE214411","Myeloid",TRUE
1,-0.237594827980118,0,0,1,"CTD-2292M14.1","GSE214411","Myeloid",TRUE
1,-0.237594827980118,0,0,1,"CTD-2384B11.2","GSE214411","Myeloid",TRUE
1,-0.237594827980118,0,0,1,"RP11-254I22.3","GSE214411","Myeloid",TRUE
1,-0.237594827980118,0,0,1,"RP11-526F3.1","GSE214411","Myeloid",TRUE
1,-0.237594827980118,0,0,1,"RP11-166A12.1","GSE214411","Myeloid",TRUE
1,-0.237594827980118,0,0,1,"RP11-114J13.1","GSE214411","Myeloid",TRUE
1,-0.237594827980118,0,0,1,"HDGFL1","GSE214411","Myeloid",TRUE
1,-0.237594827980118,0,0,1,"XXbac-BPG308J9.3","GSE214411","Myeloid",TRUE
1,-0.237594827980118,0,0,1,"C6orf10","GSE214411","Myeloid",TRUE
1,-0.237594827980118,0,0,1,"RP3-486I3.5","GSE214411","Myeloid",TRUE
1,-0.237594827980118,0,0,1,"RP11-102N11.1","GSE214411","Myeloid",TRUE
1,-0.237594827980118,0,0,1,"RP11-52J3.2","GSE214411","Myeloid",TRUE
1,-0.237594827980118,0,0,1,"SLC22A2","GSE214411","Myeloid",TRUE
1,-0.237594827980118,0,0,1,"RP11-351J23.1","GSE214411","Myeloid",TRUE
1,-0.237594827980118,0,0,1,"LINC01624","GSE214411","Myeloid",TRUE
1,-0.237594827980118,0,0,1,"AC004895.4","GSE214411","Myeloid",TRUE
1,-0.237594827980118,0,0,1,"RP4-668E10.4","GSE214411","Myeloid",TRUE
1,-0.237594827980118,0,0,1,"AC003986.6","GSE214411","Myeloid",TRUE
1,-0.237594827980118,0,0,1,"HOXA10-HOXA9","GSE214411","Myeloid",TRUE
1,-0.237594827980118,0,0,1,"RP4-736H5.3","GSE214411","Myeloid",TRUE
1,-0.237594827980118,0,0,1,"ASB4","GSE214411","Myeloid",TRUE
1,-0.237594827980118,0,0,1,"AC003084.2","GSE214411","Myeloid",TRUE
1,-0.237594827980118,0,0,1,"WEE2","GSE214411","Myeloid",TRUE
1,-0.237594827980118,0,0,1,"AC006019.4","GSE214411","Myeloid",TRUE
1,-0.237594827980118,0,0,1,"MNX1-AS2","GSE214411","Myeloid",TRUE
1,-0.237594827980118,0,0,1,"VCX","GSE214411","Myeloid",TRUE
1,-0.237594827980118,0,0,1,"PPEF1","GSE214411","Myeloid",TRUE
1,-0.237594827980118,0,0,1,"RP13-43E11.1","GSE214411","Myeloid",TRUE
1,-0.237594827980118,0,0,1,"RP3-326I13.1","GSE214411","Myeloid",TRUE
1,-0.237594827980118,0,0,1,"MAGED4B","GSE214411","Myeloid",TRUE
1,-0.237594827980118,0,0,1,"IGBP1-AS1","GSE214411","Myeloid",TRUE
1,-0.237594827980118,0,0,1,"GDPD2","GSE214411","Myeloid",TRUE
1,-0.237594827980118,0,0,1,"TNMD","GSE214411","Myeloid",TRUE
1,-0.237594827980118,0,0,1,"TEX28","GSE214411","Myeloid",TRUE
1,-0.237594827980118,0,0,1,"AF067845.1","GSE214411","Myeloid",TRUE
1,-0.237594827980118,0,0,1,"RP11-439C15.5","GSE214411","Myeloid",TRUE
1,-0.237594827980118,0,0,1,"RP11-203E8.1","GSE214411","Myeloid",TRUE
1,-0.237594827980118,0,0,1,"ADAM7","GSE214411","Myeloid",TRUE
1,-0.237594827980118,0,0,1,"C8orf86","GSE214411","Myeloid",TRUE
1,-0.237594827980118,0,0,1,"RSPO2","GSE214411","Myeloid",TRUE
1,-0.237594827980118,0,0,1,"RP11-398H6.1","GSE214411","Myeloid",TRUE
1,-0.237594827980118,0,0,1,"RP11-264I13.2","GSE214411","Myeloid",TRUE
1,-0.237594827980118,0,0,1,"RP11-390F4.10","GSE214411","Myeloid",TRUE
1,-0.237594827980118,0,0,1,"RP11-575I8.1","GSE214411","Myeloid",TRUE
1,-0.237594827980118,0,0,1,"TAF1L","GSE214411","Myeloid",TRUE
1,-0.237594827980118,0,0,1,"RP11-462B18.2","GSE214411","Myeloid",TRUE
1,-0.237594827980118,0,0,1,"FOXD4L4","GSE214411","Myeloid",TRUE
1,-0.237594827980118,0,0,1,"RP11-229P13.15","GSE214411","Myeloid",TRUE
1,-0.237594827980118,0,0,1,"UBQLN3","GSE214411","Myeloid",TRUE
1,-0.237594827980118,0,0,1,"OR52N4","GSE214411","Myeloid",TRUE
1,-0.237594827980118,0,0,1,"RP11-51B23.3","GSE214411","Myeloid",TRUE
1,-0.237594827980118,0,0,1,"RP11-484D2.2","GSE214411","Myeloid",TRUE
1,-0.237594827980118,0,0,1,"RP11-624G17.3","GSE214411","Myeloid",TRUE
1,-0.237594827980118,0,0,1,"SLC22A9","GSE214411","Myeloid",TRUE
1,-0.237594827980118,0,0,1,"AP001092.4","GSE214411","Myeloid",TRUE
1,-0.237594827980118,0,0,1,"SHANK2-AS3","GSE214411","Myeloid",TRUE
1,-0.237594827980118,0,0,1,"RP11-167J8.3","GSE214411","Myeloid",TRUE
1,-0.237594827980118,0,0,1,"CTD-2562J17.7","GSE214411","Myeloid",TRUE
1,-0.237594827980118,0,0,1,"RP11-452H21.1","GSE214411","Myeloid",TRUE
1,-0.237594827980118,0,0,1,"FXYD6-FXYD2","GSE214411","Myeloid",TRUE
1,-0.237594827980118,0,0,1,"RP11-831A10.2","GSE214411","Myeloid",TRUE
1,-0.237594827980118,0,0,1,"RP11-716H6.2","GSE214411","Myeloid",TRUE
1,-0.237594827980118,0,0,1,"RP11-664I21.6","GSE214411","Myeloid",TRUE
1,-0.237594827980118,0,0,1,"RP3-323N1.2","GSE214411","Myeloid",TRUE
1,-0.237594827980118,0,0,1,"RP11-25G10.2","GSE214411","Myeloid",TRUE
1,-0.237594827980118,0,0,1,"FAM170B","GSE214411","Myeloid",TRUE
1,-0.237594827980118,0,0,1,"RP11-179B15.5","GSE214411","Myeloid",TRUE
1,-0.237594827980118,0,0,1,"LINC00845","GSE214411","Myeloid",TRUE
1,-0.237594827980118,0,0,1,"PLA2G12B","GSE214411","Myeloid",TRUE
1,-0.237594827980118,0,0,1,"RP11-310E22.5","GSE214411","Myeloid",TRUE
1,-0.237594827980118,0,0,1,"ARHGAP19-SLIT1","GSE214411","Myeloid",TRUE
1,-0.237594827980118,0,0,1,"NKX2-3","GSE214411","Myeloid",TRUE
1,-0.237594827980118,0,0,1,"RP11-328K15.1","GSE214411","Myeloid",TRUE
1,-0.237594827980118,0,0,1,"C10orf90","GSE214411","Myeloid",TRUE
1,-0.237594827980118,0,0,1,"LINC01163","GSE214411","Myeloid",TRUE
1,-0.237594827980118,0,0,1,"PLCZ1","GSE214411","Myeloid",TRUE
1,-0.237594827980118,0,0,1,"C12orf40","GSE214411","Myeloid",TRUE
1,-0.237594827980118,0,0,1,"RP11-133N21.10","GSE214411","Myeloid",TRUE
1,-0.237594827980118,0,0,1,"KRT73","GSE214411","Myeloid",TRUE
1,-0.237594827980118,0,0,1,"RP11-977G19.10","GSE214411","Myeloid",TRUE
1,-0.237594827980118,0,0,1,"IL22","GSE214411","Myeloid",TRUE
1,-0.237594827980118,0,0,1,"BEST3","GSE214411","Myeloid",TRUE
1,-0.237594827980118,0,0,1,"RP11-785D18.3","GSE214411","Myeloid",TRUE
1,-0.237594827980118,0,0,1,"GLIPR1L1","GSE214411","Myeloid",TRUE
1,-0.237594827980118,0,0,1,"RP11-693J15.6","GSE214411","Myeloid",TRUE
1,-0.237594827980118,0,0,1,"RP11-511B23.1","GSE214411","Myeloid",TRUE
1,-0.237594827980118,0,0,1,"RP11-175P13.2","GSE214411","Myeloid",TRUE
1,-0.237594827980118,0,0,1,"RP11-364C11.2","GSE214411","Myeloid",TRUE
1,-0.237594827980118,0,0,1,"LINC00507","GSE214411","Myeloid",TRUE
1,-0.237594827980118,0,0,1,"RP11-117L5.4","GSE214411","Myeloid",TRUE
1,-0.237594827980118,0,0,1,"RP11-124N19.4","GSE214411","Myeloid",TRUE
1,-0.237594827980118,0,0,1,"MLNR","GSE214411","Myeloid",TRUE
1,-0.237594827980118,0,0,1,"RP11-496I2.2","GSE214411","Myeloid",TRUE
1,-0.237594827980118,0,0,1,"CTD-2292M16.7","GSE214411","Myeloid",TRUE
1,-0.237594827980118,0,0,1,"CTD-2213F21.4","GSE214411","Myeloid",TRUE
1,-0.237594827980118,0,0,1,"FSCB","GSE214411","Myeloid",TRUE
1,-0.237594827980118,0,0,1,"LINC00519","GSE214411","Myeloid",TRUE
1,-0.237594827980118,0,0,1,"RP11-368P15.3","GSE214411","Myeloid",TRUE
1,-0.237594827980118,0,0,1,"LINC01629","GSE214411","Myeloid",TRUE
1,-0.237594827980118,0,0,1,"RP11-356K23.2","GSE214411","Myeloid",TRUE
1,-0.237594827980118,0,0,1,"RP11-688G15.3","GSE214411","Myeloid",TRUE
1,-0.237594827980118,0,0,1,"AL132709.1","GSE214411","Myeloid",TRUE
1,-0.237594827980118,0,0,1,"RP11-173D3.1","GSE214411","Myeloid",TRUE
1,-0.237594827980118,0,0,1,"RP11-32B5.8","GSE214411","Myeloid",TRUE
1,-0.237594827980118,0,0,1,"RP11-143J24.1","GSE214411","Myeloid",TRUE
1,-0.237594827980118,0,0,1,"RP11-133K1.6","GSE214411","Myeloid",TRUE
1,-0.237594827980118,0,0,1,"AC073657.1","GSE214411","Myeloid",TRUE
1,-0.237594827980118,0,0,1,"RP11-16B9.1","GSE214411","Myeloid",TRUE
1,-0.237594827980118,0,0,1,"RP11-111E14.1","GSE214411","Myeloid",TRUE
1,-0.237594827980118,0,0,1,"LMAN1L","GSE214411","Myeloid",TRUE
1,-0.237594827980118,0,0,1,"BNC1","GSE214411","Myeloid",TRUE
1,-0.237594827980118,0,0,1,"RP11-236L14.1","GSE214411","Myeloid",TRUE
1,-0.237594827980118,0,0,1,"AC005606.15","GSE214411","Myeloid",TRUE
1,-0.237594827980118,0,0,1,"RP11-304L19.8","GSE214411","Myeloid",TRUE
1,-0.237594827980118,0,0,1,"AJ003147.8","GSE214411","Myeloid",TRUE
1,-0.237594827980118,0,0,1,"PRM3","GSE214411","Myeloid",TRUE
1,-0.237594827980118,0,0,1,"NPIPA7","GSE214411","Myeloid",TRUE
1,-0.237594827980118,0,0,1,"PDZD9","GSE214411","Myeloid",TRUE
1,-0.237594827980118,0,0,1,"RP11-455F5.4","GSE214411","Myeloid",TRUE
1,-0.237594827980118,0,0,1,"RP11-23E10.3","GSE214411","Myeloid",TRUE
1,-0.237594827980118,0,0,1,"RP11-169E6.4","GSE214411","Myeloid",TRUE
1,-0.237594827980118,0,0,1,"IRX6","GSE214411","Myeloid",TRUE
1,-0.237594827980118,0,0,1,"CES5A","GSE214411","Myeloid",TRUE
1,-0.237594827980118,0,0,1,"RP11-328J14.1","GSE214411","Myeloid",TRUE
1,-0.237594827980118,0,0,1,"C16orf47","GSE214411","Myeloid",TRUE
1,-0.237594827980118,0,0,1,"RP11-77K12.4","GSE214411","Myeloid",TRUE
1,-0.237594827980118,0,0,1,"RP11-568J23.5","GSE214411","Myeloid",TRUE
1,-0.237594827980118,0,0,1,"RP11-514D23.1","GSE214411","Myeloid",TRUE
1,-0.237594827980118,0,0,1,"OR1E1","GSE214411","Myeloid",TRUE
1,-0.237594827980118,0,0,1,"AC118754.4","GSE214411","Myeloid",TRUE
1,-0.237594827980118,0,0,1,"FOXN1","GSE214411","Myeloid",TRUE
1,-0.237594827980118,0,0,1,"RP11-192H23.5","GSE214411","Myeloid",TRUE
1,-0.237594827980118,0,0,1,"RP11-220C2.1","GSE214411","Myeloid",TRUE
1,-0.237594827980118,0,0,1,"CTB-58E17.9","GSE214411","Myeloid",TRUE
1,-0.237594827980118,0,0,1,"RP11-358B23.1","GSE214411","Myeloid",TRUE
1,-0.237594827980118,0,0,1,"CTD-3193K9.3","GSE214411","Myeloid",TRUE
1,-0.237594827980118,0,0,1,"PTGES3L-AARSD1","GSE214411","Myeloid",TRUE
1,-0.237594827980118,0,0,1,"CTB-22K21.2","GSE214411","Myeloid",TRUE
1,-0.237594827980118,0,0,1,"RP11-515O17.2","GSE214411","Myeloid",TRUE
1,-0.237594827980118,0,0,1,"RP11-349A8.3","GSE214411","Myeloid",TRUE
1,-0.237594827980118,0,0,1,"RP11-118B18.2","GSE214411","Myeloid",TRUE
1,-0.237594827980118,0,0,1,"RP11-57A1.1","GSE214411","Myeloid",TRUE
1,-0.237594827980118,0,0,1,"RP11-689C9.1","GSE214411","Myeloid",TRUE
1,-0.237594827980118,0,0,1,"RP11-380M21.4","GSE214411","Myeloid",TRUE
1,-0.237594827980118,0,0,1,"BOD1L2","GSE214411","Myeloid",TRUE
1,-0.237594827980118,0,0,1,"RP11-723G8.2","GSE214411","Myeloid",TRUE
1,-0.237594827980118,0,0,1,"RP11-676J15.1","GSE214411","Myeloid",TRUE
1,-0.237594827980118,0,0,1,"XKR7","GSE214411","Myeloid",TRUE
1,-0.237594827980118,0,0,1,"RP4-550H1.5","GSE214411","Myeloid",TRUE
1,-0.237594827980118,0,0,1,"RDH8","GSE214411","Myeloid",TRUE
1,-0.237594827980118,0,0,1,"RP11-157B13.7","GSE214411","Myeloid",TRUE
1,-0.237594827980118,0,0,1,"CTC-457E21.9","GSE214411","Myeloid",TRUE
1,-0.237594827980118,0,0,1,"AC005307.3","GSE214411","Myeloid",TRUE
1,-0.237594827980118,0,0,1,"AC002398.13","GSE214411","Myeloid",TRUE
1,-0.237594827980118,0,0,1,"PRODH2","GSE214411","Myeloid",TRUE
1,-0.237594827980118,0,0,1,"CTC-490E21.10","GSE214411","Myeloid",TRUE
1,-0.237594827980118,0,0,1,"CYP2B6","GSE214411","Myeloid",TRUE
1,-0.237594827980118,0,0,1,"AC006126.4","GSE214411","Myeloid",TRUE
1,-0.237594827980118,0,0,1,"AC006262.5","GSE214411","Myeloid",TRUE
1,-0.237594827980118,0,0,1,"CTD-3022G6.1","GSE214411","Myeloid",TRUE
1,-0.237594827980118,0,0,1,"AC006116.12","GSE214411","Myeloid",TRUE
1,-0.237594827980118,0,0,1,"RFPL3","GSE214411","Myeloid",TRUE
1,-0.237594827980118,0,0,1,"RP4-569D19.8","GSE214411","Myeloid",TRUE
1,-0.237594827980118,0,0,1,"APOBEC3B-AS1","GSE214411","Myeloid",TRUE
1,-0.237594827980118,0,0,1,"AF127577.11","GSE214411","Myeloid",TRUE
1,-0.237594827980118,0,0,1,"COL18A1-AS2","GSE214411","Myeloid",TRUE
1,-0.237594827980118,0,0,1,"AP001471.1","GSE214411","Myeloid",TRUE
1,-0.237594827980118,0,0,1,"AP001469.5","GSE214411","Myeloid",TRUE
1,-0.237594827980118,0,0,1,"RP11-34P13.8","GSE214411","Myeloid",TRUE
1,-0.237594827980118,0,0,1,"RP4-549F15.1","GSE214411","Myeloid",TRUE
1,-0.237594827980118,0,0,1,"RP11-431K24.3","GSE214411","Myeloid",TRUE
1,-0.237594827980118,0,0,1,"RP11-91K11.2","GSE214411","Myeloid",TRUE
1,-0.237594827980118,0,0,1,"RP1-118J21.5","GSE214411","Myeloid",TRUE
1,-0.237594827980118,0,0,1,"RP5-1066H13.4","GSE214411","Myeloid",TRUE
1,-0.237594827980118,0,0,1,"CYP4A22","GSE214411","Myeloid",TRUE
1,-0.237594827980118,0,0,1,"C1orf185","GSE214411","Myeloid",TRUE
1,-0.237594827980118,0,0,1,"RP11-393N21.2","GSE214411","Myeloid",TRUE
1,-0.237594827980118,0,0,1,"RP5-933B4.1","GSE214411","Myeloid",TRUE
1,-0.237594827980118,0,0,1,"LINC01555","GSE214411","Myeloid",TRUE
1,-0.237594827980118,0,0,1,"RP4-651E10.4","GSE214411","Myeloid",TRUE
1,-0.237594827980118,0,0,1,"RP11-286B14.1","GSE214411","Myeloid",TRUE
1,-0.237594827980118,0,0,1,"RP4-735C1.4","GSE214411","Myeloid",TRUE
1,-0.237594827980118,0,0,1,"RP5-965F6.2","GSE214411","Myeloid",TRUE
1,-0.237594827980118,0,0,1,"RP4-663N10.1","GSE214411","Myeloid",TRUE
1,-0.237594827980118,0,0,1,"RP4-712E4.2","GSE214411","Myeloid",TRUE
1,-0.237594827980118,0,0,1,"RP11-216N14.9","GSE214411","Myeloid",TRUE
1,-0.237594827980118,0,0,1,"AC234582.2","GSE214411","Myeloid",TRUE
1,-0.237594827980118,0,0,1,"RP11-312J18.6","GSE214411","Myeloid",TRUE
1,-0.237594827980118,0,0,1,"RP11-98G13.1","GSE214411","Myeloid",TRUE
1,-0.237594827980118,0,0,1,"RP11-553K8.2","GSE214411","Myeloid",TRUE
1,-0.237594827980118,0,0,1,"RP11-815M8.1","GSE214411","Myeloid",TRUE
1,-0.237594827980118,0,0,1,"RP11-145A3.1","GSE214411","Myeloid",TRUE
1,-0.237594827980118,0,0,1,"OR2L13","GSE214411","Myeloid",TRUE
1,-0.237594827980118,0,0,1,"LINC01250","GSE214411","Myeloid",TRUE
1,-0.237594827980118,0,0,1,"RP11-521D12.1","GSE214411","Myeloid",TRUE
1,-0.237594827980118,0,0,1,"AC074011.2","GSE214411","Myeloid",TRUE
1,-0.237594827980118,0,0,1,"AC016735.3","GSE214411","Myeloid",TRUE
1,-0.237594827980118,0,0,1,"RP11-152D8.1","GSE214411","Myeloid",TRUE
1,-0.237594827980118,0,0,1,"REG1A","GSE214411","Myeloid",TRUE
1,-0.237594827980118,0,0,1,"AC096669.1","GSE214411","Myeloid",TRUE
1,-0.237594827980118,0,0,1,"SLC5A7","GSE214411","Myeloid",TRUE
1,-0.237594827980118,0,0,1,"AC010974.3","GSE214411","Myeloid",TRUE
1,-0.237594827980118,0,0,1,"AC097461.4","GSE214411","Myeloid",TRUE
1,-0.237594827980118,0,0,1,"AC017028.10","GSE214411","Myeloid",TRUE
1,-0.237594827980118,0,0,1,"AC005237.4","GSE214411","Myeloid",TRUE
1,-0.237594827980118,0,0,1,"GAL3ST2","GSE214411","Myeloid",TRUE
1,-0.237594827980118,0,0,1,"CAV3","GSE214411","Myeloid",TRUE
1,-0.237594827980118,0,0,1,"CCDC13-AS1","GSE214411","Myeloid",TRUE
1,-0.237594827980118,0,0,1,"CTD-2330K9.2","GSE214411","Myeloid",TRUE
1,-0.237594827980118,0,0,1,"THOC7-AS1","GSE214411","Myeloid",TRUE
1,-0.237594827980118,0,0,1,"FRG2C","GSE214411","Myeloid",TRUE
1,-0.237594827980118,0,0,1,"ALDH1L1-AS2","GSE214411","Myeloid",TRUE
1,-0.237594827980118,0,0,1,"TMEM108-AS1","GSE214411","Myeloid",TRUE
1,-0.237594827980118,0,0,1,"LINC01210","GSE214411","Myeloid",TRUE
1,-0.237594827980118,0,0,1,"RBP2","GSE214411","Myeloid",TRUE
1,-0.237594827980118,0,0,1,"RP11-71N10.1","GSE214411","Myeloid",TRUE
1,-0.237594827980118,0,0,1,"LINC01213","GSE214411","Myeloid",TRUE
1,-0.237594827980118,0,0,1,"GPR149","GSE214411","Myeloid",TRUE
1,-0.237594827980118,0,0,1,"SLITRK3","GSE214411","Myeloid",TRUE
1,-0.237594827980118,0,0,1,"NLGN1-AS1","GSE214411","Myeloid",TRUE
1,-0.237594827980118,0,0,1,"OPA1-AS1","GSE214411","Myeloid",TRUE
1,-0.237594827980118,0,0,1,"RP11-699L21.1","GSE214411","Myeloid",TRUE
1,-0.237594827980118,0,0,1,"LRRC15","GSE214411","Myeloid",TRUE
1,-0.237594827980118,0,0,1,"LMLN-AS1","GSE214411","Myeloid",TRUE
1,-0.237594827980118,0,0,1,"DRD5","GSE214411","Myeloid",TRUE
1,-0.237594827980118,0,0,1,"RP11-545H22.1","GSE214411","Myeloid",TRUE
1,-0.237594827980118,0,0,1,"GNRHR","GSE214411","Myeloid",TRUE
1,-0.237594827980118,0,0,1,"UGT2B17","GSE214411","Myeloid",TRUE
1,-0.237594827980118,0,0,1,"SMR3B","GSE214411","Myeloid",TRUE
1,-0.237594827980118,0,0,1,"RP11-576N17.5","GSE214411","Myeloid",TRUE
1,-0.237594827980118,0,0,1,"RP11-778J15.1","GSE214411","Myeloid",TRUE
1,-0.237594827980118,0,0,1,"ADH7","GSE214411","Myeloid",TRUE
1,-0.237594827980118,0,0,1,"LRRC14B","GSE214411","Myeloid",TRUE
1,-0.237594827980118,0,0,1,"LSINCT5","GSE214411","Myeloid",TRUE
1,-0.237594827980118,0,0,1,"RP11-5N11.5","GSE214411","Myeloid",TRUE
1,-0.237594827980118,0,0,1,"CTD-2066L21.3","GSE214411","Myeloid",TRUE
1,-0.237594827980118,0,0,1,"NADK2-AS1","GSE214411","Myeloid",TRUE
1,-0.237594827980118,0,0,1,"CTD-2196P11.2","GSE214411","Myeloid",TRUE
1,-0.237594827980118,0,0,1,"CTC-459M5.1","GSE214411","Myeloid",TRUE
1,-0.237594827980118,0,0,1,"CTC-321K16.1","GSE214411","Myeloid",TRUE
1,-0.237594827980118,0,0,1,"AC005609.17","GSE214411","Myeloid",TRUE
1,-0.237594827980118,0,0,1,"PCDHGC5","GSE214411","Myeloid",TRUE
1,-0.237594827980118,0,0,1,"RP11-118M9.3","GSE214411","Myeloid",TRUE
1,-0.237594827980118,0,0,1,"GPR151","GSE214411","Myeloid",TRUE
1,-0.237594827980118,0,0,1,"CTC-558O2.2","GSE214411","Myeloid",TRUE
1,-0.237594827980118,0,0,1,"CTC-265N9.1","GSE214411","Myeloid",TRUE
1,-0.237594827980118,0,0,1,"EFCAB9","GSE214411","Myeloid",TRUE
1,-0.237594827980118,0,0,1,"RP11-779O18.3","GSE214411","Myeloid",TRUE
1,-0.237594827980118,0,0,1,"CTB-33O18.3","GSE214411","Myeloid",TRUE
1,-0.237594827980118,0,0,1,"RP11-686D16.1","GSE214411","Myeloid",TRUE
1,-0.237594827980118,0,0,1,"TRIM10","GSE214411","Myeloid",TRUE
1,-0.237594827980118,0,0,1,"TSPO2","GSE214411","Myeloid",TRUE
1,-0.237594827980118,0,0,1,"SLC22A7","GSE214411","Myeloid",TRUE
1,-0.237594827980118,0,0,1,"MLIP-AS1","GSE214411","Myeloid",TRUE
1,-0.237594827980118,0,0,1,"TINAG","GSE214411","Myeloid",TRUE
1,-0.237594827980118,0,0,1,"RP11-506B6.6","GSE214411","Myeloid",TRUE
1,-0.237594827980118,0,0,1,"FABP7","GSE214411","Myeloid",TRUE
1,-0.237594827980118,0,0,1,"RP11-527F13.1","GSE214411","Myeloid",TRUE
1,-0.237594827980118,0,0,1,"SMLR1","GSE214411","Myeloid",TRUE
1,-0.237594827980118,0,0,1,"PBOV1","GSE214411","Myeloid",TRUE
1,-0.237594827980118,0,0,1,"RP11-307P5.2","GSE214411","Myeloid",TRUE
1,-0.237594827980118,0,0,1,"SYNE1-AS1","GSE214411","Myeloid",TRUE
1,-0.237594827980118,0,0,1,"RP1-137K2.2","GSE214411","Myeloid",TRUE
1,-0.237594827980118,0,0,1,"RP3-403L10.3","GSE214411","Myeloid",TRUE
1,-0.237594827980118,0,0,1,"AC060834.3","GSE214411","Myeloid",TRUE
1,-0.237594827980118,0,0,1,"AGMO","GSE214411","Myeloid",TRUE
1,-0.237594827980118,0,0,1,"GHRHR","GSE214411","Myeloid",TRUE
1,-0.237594827980118,0,0,1,"MAGI2-AS1","GSE214411","Myeloid",TRUE
1,-0.237594827980118,0,0,1,"CTB-30L5.1","GSE214411","Myeloid",TRUE
1,-0.237594827980118,0,0,1,"AC004014.3","GSE214411","Myeloid",TRUE
1,-0.237594827980118,0,0,1,"AC011625.1","GSE214411","Myeloid",TRUE
1,-0.237594827980118,0,0,1,"AC078842.4","GSE214411","Myeloid",TRUE
1,-0.237594827980118,0,0,1,"TRBV6-1","GSE214411","Myeloid",TRUE
1,-0.237594827980118,0,0,1,"PRSS1","GSE214411","Myeloid",TRUE
1,-0.237594827980118,0,0,1,"LINC00244","GSE214411","Myeloid",TRUE
1,-0.237594827980118,0,0,1,"ATXN3L","GSE214411","Myeloid",TRUE
1,-0.237594827980118,0,0,1,"S100G","GSE214411","Myeloid",TRUE
1,-0.237594827980118,0,0,1,"BEND2","GSE214411","Myeloid",TRUE
1,-0.237594827980118,0,0,1,"CASK-AS1","GSE214411","Myeloid",TRUE
1,-0.237594827980118,0,0,1,"RP11-1148L6.5","GSE214411","Myeloid",TRUE
1,-0.237594827980118,0,0,1,"IGBP1-AS2","GSE214411","Myeloid",TRUE
1,-0.237594827980118,0,0,1,"FGF16","GSE214411","Myeloid",TRUE
1,-0.237594827980118,0,0,1,"ATP1B4","GSE214411","Myeloid",TRUE
1,-0.237594827980118,0,0,1,"U52111.14","GSE214411","Myeloid",TRUE
1,-0.237594827980118,0,0,1,"PLXNB3","GSE214411","Myeloid",TRUE
1,-0.237594827980118,0,0,1,"RP11-439C15.4","GSE214411","Myeloid",TRUE
1,-0.237594827980118,0,0,1,"RP11-326L2.1","GSE214411","Myeloid",TRUE
1,-0.237594827980118,0,0,1,"SLC18A1","GSE214411","Myeloid",TRUE
1,-0.237594827980118,0,0,1,"SFTPC","GSE214411","Myeloid",TRUE
1,-0.237594827980118,0,0,1,"RP11-1149O23.2","GSE214411","Myeloid",TRUE
1,-0.237594827980118,0,0,1,"FAM183CP","GSE214411","Myeloid",TRUE
1,-0.237594827980118,0,0,1,"CTD-2373N4.5","GSE214411","Myeloid",TRUE
1,-0.237594827980118,0,0,1,"RP11-346L1.2","GSE214411","Myeloid",TRUE
1,-0.237594827980118,0,0,1,"RP11-1070A24.2","GSE214411","Myeloid",TRUE
1,-0.237594827980118,0,0,1,"LINC01606","GSE214411","Myeloid",TRUE
1,-0.237594827980118,0,0,1,"PMP2","GSE214411","Myeloid",TRUE
1,-0.237594827980118,0,0,1,"RP11-354A14.1","GSE214411","Myeloid",TRUE
1,-0.237594827980118,0,0,1,"RP11-100L22.1","GSE214411","Myeloid",TRUE
1,-0.237594827980118,0,0,1,"KB-173C10.1","GSE214411","Myeloid",TRUE
1,-0.237594827980118,0,0,1,"RP11-152P17.3","GSE214411","Myeloid",TRUE
1,-0.237594827980118,0,0,1,"OC90","GSE214411","Myeloid",TRUE
1,-0.237594827980118,0,0,1,"INSL6","GSE214411","Myeloid",TRUE
1,-0.237594827980118,0,0,1,"CH17-80A12.1","GSE214411","Myeloid",TRUE
1,-0.237594827980118,0,0,1,"RP11-561O23.8","GSE214411","Myeloid",TRUE
1,-0.237594827980118,0,0,1,"RP11-360A18.1","GSE214411","Myeloid",TRUE
1,-0.237594827980118,0,0,1,"RP11-532E4.2","GSE214411","Myeloid",TRUE
1,-0.237594827980118,0,0,1,"OR51B2","GSE214411","Myeloid",TRUE
1,-0.237594827980118,0,0,1,"RP11-35J10.4","GSE214411","Myeloid",TRUE
1,-0.237594827980118,0,0,1,"RP11-236J17.6","GSE214411","Myeloid",TRUE
1,-0.237594827980118,0,0,1,"RP11-152H18.4","GSE214411","Myeloid",TRUE
1,-0.237594827980118,0,0,1,"MYOD1","GSE214411","Myeloid",TRUE
1,-0.237594827980118,0,0,1,"RP11-113D6.6","GSE214411","Myeloid",TRUE
1,-0.237594827980118,0,0,1,"MRGPRX2","GSE214411","Myeloid",TRUE
1,-0.237594827980118,0,0,1,"RP11-63D14.1","GSE214411","Myeloid",TRUE
1,-0.237594827980118,0,0,1,"SCGB1D1","GSE214411","Myeloid",TRUE
1,-0.237594827980118,0,0,1,"RP11-7I15.3","GSE214411","Myeloid",TRUE
1,-0.237594827980118,0,0,1,"CTD-2555I5.1","GSE214411","Myeloid",TRUE
1,-0.237594827980118,0,0,1,"MMP20","GSE214411","Myeloid",TRUE
1,-0.237594827980118,0,0,1,"NXPE1","GSE214411","Myeloid",TRUE
1,-0.237594827980118,0,0,1,"CTD-2523D13.2","GSE214411","Myeloid",TRUE
1,-0.237594827980118,0,0,1,"RP11-680F20.9","GSE214411","Myeloid",TRUE
1,-0.237594827980118,0,0,1,"RP11-184A2.3","GSE214411","Myeloid",TRUE
1,-0.237594827980118,0,0,1,"RP11-464C19.3","GSE214411","Myeloid",TRUE
1,-0.237594827980118,0,0,1,"UCMA","GSE214411","Myeloid",TRUE
1,-0.237594827980118,0,0,1,"RP11-142M10.2","GSE214411","Myeloid",TRUE
1,-0.237594827980118,0,0,1,"CH17-360D5.3","GSE214411","Myeloid",TRUE
1,-0.237594827980118,0,0,1,"KCNMA1-AS3","GSE214411","Myeloid",TRUE
1,-0.237594827980118,0,0,1,"OPALIN","GSE214411","Myeloid",TRUE
1,-0.237594827980118,0,0,1,"NRAP","GSE214411","Myeloid",TRUE
1,-0.237594827980118,0,0,1,"RP11-355F22.1","GSE214411","Myeloid",TRUE
1,-0.237594827980118,0,0,1,"A2ML1-AS1","GSE214411","Myeloid",TRUE
1,-0.237594827980118,0,0,1,"CLEC1B","GSE214411","Myeloid",TRUE
1,-0.237594827980118,0,0,1,"IAPP","GSE214411","Myeloid",TRUE
1,-0.237594827980118,0,0,1,"ARNTL2-AS1","GSE214411","Myeloid",TRUE
1,-0.237594827980118,0,0,1,"RP11-547C5.2","GSE214411","Myeloid",TRUE
1,-0.237594827980118,0,0,1,"LACRT","GSE214411","Myeloid",TRUE
1,-0.237594827980118,0,0,1,"RP11-1022B3.1","GSE214411","Myeloid",TRUE
1,-0.237594827980118,0,0,1,"RP11-230G5.2","GSE214411","Myeloid",TRUE
1,-0.237594827980118,0,0,1,"RP1-97G4.1","GSE214411","Myeloid",TRUE
1,-0.237594827980118,0,0,1,"RP11-256L6.2","GSE214411","Myeloid",TRUE
1,-0.237594827980118,0,0,1,"RP11-474B16.1","GSE214411","Myeloid",TRUE
1,-0.237594827980118,0,0,1,"RP11-116D17.4","GSE214411","Myeloid",TRUE
1,-0.237594827980118,0,0,1,"RP11-76C10.2","GSE214411","Myeloid",TRUE
1,-0.237594827980118,0,0,1,"LINC01257","GSE214411","Myeloid",TRUE
1,-0.237594827980118,0,0,1,"ANHX","GSE214411","Myeloid",TRUE
1,-0.237594827980118,0,0,1,"GPR12","GSE214411","Myeloid",TRUE
1,-0.237594827980118,0,0,1,"LINC00544","GSE214411","Myeloid",TRUE
1,-0.237594827980118,0,0,1,"LINC00392","GSE214411","Myeloid",TRUE
1,-0.237594827980118,0,0,1,"LINC00559","GSE214411","Myeloid",TRUE
1,-0.237594827980118,0,0,1,"GPC6-AS2","GSE214411","Myeloid",TRUE
1,-0.237594827980118,0,0,1,"PCCA-AS1","GSE214411","Myeloid",TRUE
1,-0.237594827980118,0,0,1,"LINC00454","GSE214411","Myeloid",TRUE
1,-0.237594827980118,0,0,1,"TRAV3","GSE214411","Myeloid",TRUE
1,-0.237594827980118,0,0,1,"AE000661.50","GSE214411","Myeloid",TRUE
1,-0.237594827980118,0,0,1,"RP11-259K15.2","GSE214411","Myeloid",TRUE
1,-0.237594827980118,0,0,1,"RP11-463J10.2","GSE214411","Myeloid",TRUE
1,-0.237594827980118,0,0,1,"RP11-930O11.1","GSE214411","Myeloid",TRUE
1,-0.237594827980118,0,0,1,"ACOT6","GSE214411","Myeloid",TRUE
1,-0.237594827980118,0,0,1,"RP11-661G16.2","GSE214411","Myeloid",TRUE
1,-0.237594827980118,0,0,1,"CTD-2561F5.1","GSE214411","Myeloid",TRUE
1,-0.237594827980118,0,0,1,"LINC00226","GSE214411","Myeloid",TRUE
1,-0.237594827980118,0,0,1,"NANOGP8","GSE214411","Myeloid",TRUE
1,-0.237594827980118,0,0,1,"EHD4-AS1","GSE214411","Myeloid",TRUE
1,-0.237594827980118,0,0,1,"RP11-473C18.3","GSE214411","Myeloid",TRUE
1,-0.237594827980118,0,0,1,"RP11-798K3.4","GSE214411","Myeloid",TRUE
1,-0.237594827980118,0,0,1,"RP11-809H16.5","GSE214411","Myeloid",TRUE
1,-0.237594827980118,0,0,1,"RP11-761I4.5","GSE214411","Myeloid",TRUE
1,-0.237594827980118,0,0,1,"RP11-158M2.4","GSE214411","Myeloid",TRUE
1,-0.237594827980118,0,0,1,"RP11-66B24.1","GSE214411","Myeloid",TRUE
1,-0.237594827980118,0,0,1,"RP11-616M22.1","GSE214411","Myeloid",TRUE
1,-0.237594827980118,0,0,1,"RP11-127I20.5","GSE214411","Myeloid",TRUE
1,-0.237594827980118,0,0,1,"CTD-2196E14.3","GSE214411","Myeloid",TRUE
1,-0.237594827980118,0,0,1,"RP11-388M20.2","GSE214411","Myeloid",TRUE
1,-0.237594827980118,0,0,1,"RP11-388M20.6","GSE214411","Myeloid",TRUE
1,-0.237594827980118,0,0,1,"RP11-322D14.2","GSE214411","Myeloid",TRUE
1,-0.237594827980118,0,0,1,"RP11-410D17.2","GSE214411","Myeloid",TRUE
1,-0.237594827980118,0,0,1,"RP11-21L1.1","GSE214411","Myeloid",TRUE
1,-0.237594827980118,0,0,1,"CTRB1","GSE214411","Myeloid",TRUE
1,-0.237594827980118,0,0,1,"CNTNAP4","GSE214411","Myeloid",TRUE
1,-0.237594827980118,0,0,1,"RP11-254F19.3","GSE214411","Myeloid",TRUE
1,-0.237594827980118,0,0,1,"RP11-356C4.5","GSE214411","Myeloid",TRUE
1,-0.237594827980118,0,0,1,"CTD-3060P21.1","GSE214411","Myeloid",TRUE
1,-0.237594827980118,0,0,1,"RP11-810M2.2","GSE214411","Myeloid",TRUE
1,-0.237594827980118,0,0,1,"RP11-477N12.6","GSE214411","Myeloid",TRUE
1,-0.237594827980118,0,0,1,"RAI1-AS1","GSE214411","Myeloid",TRUE
1,-0.237594827980118,0,0,1,"RP11-728E14.2","GSE214411","Myeloid",TRUE
1,-0.237594827980118,0,0,1,"RP11-19P22.5","GSE214411","Myeloid",TRUE
1,-0.237594827980118,0,0,1,"AC010761.13","GSE214411","Myeloid",TRUE
1,-0.237594827980118,0,0,1,"AC010761.10","GSE214411","Myeloid",TRUE
1,-0.237594827980118,0,0,1,"RP11-20B24.6","GSE214411","Myeloid",TRUE
1,-0.237594827980118,0,0,1,"CTC-542B22.2","GSE214411","Myeloid",TRUE
1,-0.237594827980118,0,0,1,"RP11-227G15.2","GSE214411","Myeloid",TRUE
1,-0.237594827980118,0,0,1,"TBC1D3D","GSE214411","Myeloid",TRUE
1,-0.237594827980118,0,0,1,"KRTAP3-2","GSE214411","Myeloid",TRUE
1,-0.237594827980118,0,0,1,"AC003958.2","GSE214411","Myeloid",TRUE
1,-0.237594827980118,0,0,1,"AC019349.5","GSE214411","Myeloid",TRUE
1,-0.237594827980118,0,0,1,"RP11-474I11.7","GSE214411","Myeloid",TRUE
1,-0.237594827980118,0,0,1,"RP11-75C10.9","GSE214411","Myeloid",TRUE
1,-0.237594827980118,0,0,1,"RP11-76K13.3","GSE214411","Myeloid",TRUE
1,-0.237594827980118,0,0,1,"RP11-678G15.2","GSE214411","Myeloid",TRUE
1,-0.237594827980118,0,0,1,"RP11-691H4.4","GSE214411","Myeloid",TRUE
1,-0.237594827980118,0,0,1,"RP11-627G18.1","GSE214411","Myeloid",TRUE
1,-0.237594827980118,0,0,1,"LINC01543","GSE214411","Myeloid",TRUE
1,-0.237594827980118,0,0,1,"RP11-96A15.1","GSE214411","Myeloid",TRUE
1,-0.237594827980118,0,0,1,"RP11-58G13.1","GSE214411","Myeloid",TRUE
1,-0.237594827980118,0,0,1,"RP11-99A1.2","GSE214411","Myeloid",TRUE
1,-0.237594827980118,0,0,1,"RP11-1151B14.3","GSE214411","Myeloid",TRUE
1,-0.237594827980118,0,0,1,"RP11-126O1.6","GSE214411","Myeloid",TRUE
1,-0.237594827980118,0,0,1,"RP11-41O4.2","GSE214411","Myeloid",TRUE
1,-0.237594827980118,0,0,1,"LINC00658","GSE214411","Myeloid",TRUE
1,-0.237594827980118,0,0,1,"RP11-379J5.5","GSE214411","Myeloid",TRUE
1,-0.237594827980118,0,0,1,"BPIFB2","GSE214411","Myeloid",TRUE
1,-0.237594827980118,0,0,1,"RP4-550H1.4","GSE214411","Myeloid",TRUE
1,-0.237594827980118,0,0,1,"RP1-269M15.3","GSE214411","Myeloid",TRUE
1,-0.237594827980118,0,0,1,"LINC01430","GSE214411","Myeloid",TRUE
1,-0.237594827980118,0,0,1,"EPPIN-WFDC6","GSE214411","Myeloid",TRUE
1,-0.237594827980118,0,0,1,"MTRNR2L3","GSE214411","Myeloid",TRUE
1,-0.237594827980118,0,0,1,"RP11-93B14.4","GSE214411","Myeloid",TRUE
1,-0.237594827980118,0,0,1,"RP4-697K14.3","GSE214411","Myeloid",TRUE
1,-0.237594827980118,0,0,1,"SRMS","GSE214411","Myeloid",TRUE
1,-0.237594827980118,0,0,1,"AC092192.1","GSE214411","Myeloid",TRUE
1,-0.237594827980118,0,0,1,"CTD-3113P16.5","GSE214411","Myeloid",TRUE
1,-0.237594827980118,0,0,1,"CTD-3105H18.18","GSE214411","Myeloid",TRUE
1,-0.237594827980118,0,0,1,"CTC-490E21.12","GSE214411","Myeloid",TRUE
1,-0.237594827980118,0,0,1,"CTC-435M10.3","GSE214411","Myeloid",TRUE
1,-0.237594827980118,0,0,1,"CABP5","GSE214411","Myeloid",TRUE
1,-0.237594827980118,0,0,1,"PLA2G4C-AS1","GSE214411","Myeloid",TRUE
1,-0.237594827980118,0,0,1,"FGF21","GSE214411","Myeloid",TRUE
1,-0.237594827980118,0,0,1,"CTB-33G10.6","GSE214411","Myeloid",TRUE
1,-0.237594827980118,0,0,1,"CTC-518B2.8","GSE214411","Myeloid",TRUE
1,-0.237594827980118,0,0,1,"SIGLECL1","GSE214411","Myeloid",TRUE
1,-0.237594827980118,0,0,1,"CTD-2621I17.6","GSE214411","Myeloid",TRUE
1,-0.237594827980118,0,0,1,"LL22NC03-102D1.18","GSE214411","Myeloid",TRUE
1,-0.237594827980118,0,0,1,"CTA-243E7.3","GSE214411","Myeloid",TRUE
1,-0.237594827980118,0,0,1,"HORMAD2-AS1","GSE214411","Myeloid",TRUE
1,-0.237594827980118,0,0,1,"BPIFC","GSE214411","Myeloid",TRUE
1,-0.237594827980118,0,0,1,"RP1-32I10.10","GSE214411","Myeloid",TRUE
1,-0.237594827980118,0,0,1,"WI2-85898F10.2","GSE214411","Myeloid",TRUE
1,-0.237594827980118,0,0,1,"CH507-513H4.6","GSE214411","Myeloid",TRUE
1,-0.237594827980118,0,0,1,"LIPI","GSE214411","Myeloid",TRUE
1,-0.237594827980118,0,0,1,"C21orf91-OT1","GSE214411","Myeloid",TRUE
1,-0.237594827980118,0,0,1,"KRTAP21-1","GSE214411","Myeloid",TRUE
1,-0.237594827980118,0,0,1,"HUNK-AS1","GSE214411","Myeloid",TRUE
1,-0.237594827980118,0,0,1,"LINC00160","GSE214411","Myeloid",TRUE
1,-0.237594827980118,0,0,1,"BACE2-IT1","GSE214411","Myeloid",TRUE
1,-0.237594827980118,0,0,1,"AP006748.1","GSE214411","Myeloid",TRUE
1,-0.237594827980118,0,0,1,"AP001615.9","GSE214411","Myeloid",TRUE
1,-0.237594827980118,0,0,1,"AP001625.6","GSE214411","Myeloid",TRUE
1,-0.237594827980118,0,0,1,"LINC00313","GSE214411","Myeloid",TRUE
1,-0.237594827980118,0,0,1,"ANGPTL7","GSE214411","Myeloid",TRUE
1,-0.237594827980118,0,0,1,"RP11-380J14.4","GSE214411","Myeloid",TRUE
1,-0.237594827980118,0,0,1,"RP1-184J9.2","GSE214411","Myeloid",TRUE
1,-0.237594827980118,0,0,1,"RP11-84D1.1","GSE214411","Myeloid",TRUE
1,-0.237594827980118,0,0,1,"RP1-117O3.2","GSE214411","Myeloid",TRUE
1,-0.237594827980118,0,0,1,"RP11-69E11.8","GSE214411","Myeloid",TRUE
1,-0.237594827980118,0,0,1,"RP1-144F13.3","GSE214411","Myeloid",TRUE
1,-0.237594827980118,0,0,1,"RP5-994D16.9","GSE214411","Myeloid",TRUE
1,-0.237594827980118,0,0,1,"RP4-771M4.3","GSE214411","Myeloid",TRUE
1,-0.237594827980118,0,0,1,"DPYD-AS2","GSE214411","Myeloid",TRUE
1,-0.237594827980118,0,0,1,"LINC01397","GSE214411","Myeloid",TRUE
1,-0.237594827980118,0,0,1,"RP11-495P10.3","GSE214411","Myeloid",TRUE
1,-0.237594827980118,0,0,1,"RP11-98D18.1","GSE214411","Myeloid",TRUE
1,-0.237594827980118,0,0,1,"TCHHL1","GSE214411","Myeloid",TRUE
1,-0.237594827980118,0,0,1,"RP11-139I14.2","GSE214411","Myeloid",TRUE
1,-0.237594827980118,0,0,1,"RP11-367J7.3","GSE214411","Myeloid",TRUE
1,-0.237594827980118,0,0,1,"C1orf111","GSE214411","Myeloid",TRUE
1,-0.237594827980118,0,0,1,"RP5-1018K9.1","GSE214411","Myeloid",TRUE
1,-0.237594827980118,0,0,1,"RP11-12M5.4","GSE214411","Myeloid",TRUE
1,-0.237594827980118,0,0,1,"RP11-532L16.3","GSE214411","Myeloid",TRUE
1,-0.237594827980118,0,0,1,"CACNA1S","GSE214411","Myeloid",TRUE
1,-0.237594827980118,0,0,1,"OPTC","GSE214411","Myeloid",TRUE
1,-0.237594827980118,0,0,1,"RP5-940F7.2","GSE214411","Myeloid",TRUE
1,-0.237594827980118,0,0,1,"RP4-580N22.2","GSE214411","Myeloid",TRUE
1,-0.237594827980118,0,0,1,"MT1HL1","GSE214411","Myeloid",TRUE
1,-0.237594827980118,0,0,1,"RP11-690C23.2","GSE214411","Myeloid",TRUE
1,-0.237594827980118,0,0,1,"AC079779.7","GSE214411","Myeloid",TRUE
1,-0.237594827980118,0,0,1,"AC010969.1","GSE214411","Myeloid",TRUE
1,-0.237594827980118,0,0,1,"U51244.2","GSE214411","Myeloid",TRUE
1,-0.237594827980118,0,0,1,"AC016912.3","GSE214411","Myeloid",TRUE
1,-0.237594827980118,0,0,1,"ATP6V1B1-AS1","GSE214411","Myeloid",TRUE
1,-0.237594827980118,0,0,1,"EMX1","GSE214411","Myeloid",TRUE
1,-0.237594827980118,0,0,1,"TRIM43","GSE214411","Myeloid",TRUE
1,-0.237594827980118,0,0,1,"RP13-1039J1.3","GSE214411","Myeloid",TRUE
1,-0.237594827980118,0,0,1,"GPR17","GSE214411","Myeloid",TRUE
1,-0.237594827980118,0,0,1,"ACMSD","GSE214411","Myeloid",TRUE
1,-0.237594827980118,0,0,1,"AC018890.4","GSE214411","Myeloid",TRUE
1,-0.237594827980118,0,0,1,"AC009478.1","GSE214411","Myeloid",TRUE
1,-0.237594827980118,0,0,1,"AC006460.2","GSE214411","Myeloid",TRUE
1,-0.237594827980118,0,0,1,"AC067945.2","GSE214411","Myeloid",TRUE
1,-0.237594827980118,0,0,1,"AC098872.3","GSE214411","Myeloid",TRUE
1,-0.237594827980118,0,0,1,"SATB2-AS1","GSE214411","Myeloid",TRUE
1,-0.237594827980118,0,0,1,"AC007679.3","GSE214411","Myeloid",TRUE
1,-0.237594827980118,0,0,1,"AC053503.11","GSE214411","Myeloid",TRUE
1,-0.237594827980118,0,0,1,"AC105461.1","GSE214411","Myeloid",TRUE
1,-0.237594827980118,0,0,1,"AC107079.1","GSE214411","Myeloid",TRUE
1,-0.237594827980118,0,0,1,"AC124861.1","GSE214411","Myeloid",TRUE
1,-0.237594827980118,0,0,1,"SRGAP3-AS3","GSE214411","Myeloid",TRUE
1,-0.237594827980118,0,0,1,"AC090952.5","GSE214411","Myeloid",TRUE
1,-0.237594827980118,0,0,1,"DAZL","GSE214411","Myeloid",TRUE
1,-0.237594827980118,0,0,1,"RP11-80H18.4","GSE214411","Myeloid",TRUE
1,-0.237594827980118,0,0,1,"RP11-85I21.1","GSE214411","Myeloid",TRUE
1,-0.237594827980118,0,0,1,"RP11-572M11.1","GSE214411","Myeloid",TRUE
1,-0.237594827980118,0,0,1,"C3orf30","GSE214411","Myeloid",TRUE
1,-0.237594827980118,0,0,1,"ARGFX","GSE214411","Myeloid",TRUE
1,-0.237594827980118,0,0,1,"ITGB5-AS1","GSE214411","Myeloid",TRUE
1,-0.237594827980118,0,0,1,"RUVBL1-AS1","GSE214411","Myeloid",TRUE
1,-0.237594827980118,0,0,1,"DNAJB8","GSE214411","Myeloid",TRUE
1,-0.237594827980118,0,0,1,"RP11-274H2.2","GSE214411","Myeloid",TRUE
1,-0.237594827980118,0,0,1,"RP11-555M1.3","GSE214411","Myeloid",TRUE
1,-0.237594827980118,0,0,1,"TBL1XR1-AS1","GSE214411","Myeloid",TRUE
1,-0.237594827980118,0,0,1,"MCCC1-AS1","GSE214411","Myeloid",TRUE
1,-0.237594827980118,0,0,1,"HTR3E","GSE214411","Myeloid",TRUE
1,-0.237594827980118,0,0,1,"HRG","GSE214411","Myeloid",TRUE
1,-0.237594827980118,0,0,1,"ADIPOQ","GSE214411","Myeloid",TRUE
1,-0.237594827980118,0,0,1,"SMCO1","GSE214411","Myeloid",TRUE
1,-0.237594827980118,0,0,1,"RP11-440L14.3","GSE214411","Myeloid",TRUE
1,-0.237594827980118,0,0,1,"RP11-302F12.3","GSE214411","Myeloid",TRUE
1,-0.237594827980118,0,0,1,"RP11-395I6.2","GSE214411","Myeloid",TRUE
1,-0.237594827980118,0,0,1,"AC006552.1","GSE214411","Myeloid",TRUE
1,-0.237594827980118,0,0,1,"UGT2B11","GSE214411","Myeloid",TRUE
1,-0.237594827980118,0,0,1,"RP11-704M14.1","GSE214411","Myeloid",TRUE
1,-0.237594827980118,0,0,1,"RP11-234K19.1","GSE214411","Myeloid",TRUE
1,-0.237594827980118,0,0,1,"RP11-452C8.1","GSE214411","Myeloid",TRUE
1,-0.237594827980118,0,0,1,"AC004053.1","GSE214411","Myeloid",TRUE
1,-0.237594827980118,0,0,1,"JADRR","GSE214411","Myeloid",TRUE
1,-0.237594827980118,0,0,1,"RP11-308D13.3","GSE214411","Myeloid",TRUE
1,-0.237594827980118,0,0,1,"RP11-392B6.1","GSE214411","Myeloid",TRUE
1,-0.237594827980118,0,0,1,"SMAD1-AS2","GSE214411","Myeloid",TRUE
1,-0.237594827980118,0,0,1,"POU4F2","GSE214411","Myeloid",TRUE
1,-0.237594827980118,0,0,1,"RP11-563E2.2","GSE214411","Myeloid",TRUE
1,-0.237594827980118,0,0,1,"ASB5","GSE214411","Myeloid",TRUE
1,-0.237594827980118,0,0,1,"CTD-2072I24.1","GSE214411","Myeloid",TRUE
1,-0.237594827980118,0,0,1,"CTD-2215L10.1","GSE214411","Myeloid",TRUE
1,-0.237594827980118,0,0,1,"CTD-2118P12.1","GSE214411","Myeloid",TRUE
1,-0.237594827980118,0,0,1,"CTC-436P18.1","GSE214411","Myeloid",TRUE
1,-0.237594827980118,0,0,1,"CTD-2227C6.3","GSE214411","Myeloid",TRUE
1,-0.237594827980118,0,0,1,"CTC-467M3.1","GSE214411","Myeloid",TRUE
1,-0.237594827980118,0,0,1,"P4HA2-AS1","GSE214411","Myeloid",TRUE
1,-0.237594827980118,0,0,1,"CTB-4E7.1","GSE214411","Myeloid",TRUE
1,-0.237594827980118,0,0,1,"CTB-11I22.2","GSE214411","Myeloid",TRUE
1,-0.237594827980118,0,0,1,"ADRA1B","GSE214411","Myeloid",TRUE
1,-0.237594827980118,0,0,1,"RP11-536N17.1","GSE214411","Myeloid",TRUE
1,-0.237594827980118,0,0,1,"PROP1","GSE214411","Myeloid",TRUE
1,-0.237594827980118,0,0,1,"CTC-563A5.2","GSE214411","Myeloid",TRUE
1,-0.237594827980118,0,0,1,"RP4-529N6.1","GSE214411","Myeloid",TRUE
1,-0.237594827980118,0,0,1,"RP1-256G22.2","GSE214411","Myeloid",TRUE
1,-0.237594827980118,0,0,1,"MUC21","GSE214411","Myeloid",TRUE
1,-0.237594827980118,0,0,1,"XXbac-BPG299F13.14","GSE214411","Myeloid",TRUE
1,-0.237594827980118,0,0,1,"LY6G6E","GSE214411","Myeloid",TRUE
1,-0.237594827980118,0,0,1,"PRICKLE4.1","GSE214411","Myeloid",TRUE
1,-0.237594827980118,0,0,1,"RP1-27K12.2","GSE214411","Myeloid",TRUE
1,-0.237594827980118,0,0,1,"RP3-331H24.4","GSE214411","Myeloid",TRUE
1,-0.237594827980118,0,0,1,"DPPA5","GSE214411","Myeloid",TRUE
1,-0.237594827980118,0,0,1,"RP3-335E1.1","GSE214411","Myeloid",TRUE
1,-0.237594827980118,0,0,1,"TAAR1","GSE214411","Myeloid",TRUE
1,-0.237594827980118,0,0,1,"OLIG3","GSE214411","Myeloid",TRUE
1,-0.237594827980118,0,0,1,"RP11-240M16.1","GSE214411","Myeloid",TRUE
1,-0.237594827980118,0,0,1,"RP1-249F5.3","GSE214411","Myeloid",TRUE
1,-0.237594827980118,0,0,1,"AC110781.3","GSE214411","Myeloid",TRUE
1,-0.237594827980118,0,0,1,"GS1-166A23.1","GSE214411","Myeloid",TRUE
1,-0.237594827980118,0,0,1,"AC017060.1","GSE214411","Myeloid",TRUE
1,-0.237594827980118,0,0,1,"AC004593.3","GSE214411","Myeloid",TRUE
1,-0.237594827980118,0,0,1,"RP4-797C5.2","GSE214411","Myeloid",TRUE
1,-0.237594827980118,0,0,1,"TAS2R3","GSE214411","Myeloid",TRUE
1,-0.237594827980118,0,0,1,"TRBV7-2","GSE214411","Myeloid",TRUE
1,-0.237594827980118,0,0,1,"TRBV5-6","GSE214411","Myeloid",TRUE
1,-0.237594827980118,0,0,1,"TRBV7-9","GSE214411","Myeloid",TRUE
1,-0.237594827980118,0,0,1,"TRBV15","GSE214411","Myeloid",TRUE
1,-0.237594827980118,0,0,1,"TAS2R60","GSE214411","Myeloid",TRUE
1,-0.237594827980118,0,0,1,"RP11-545G3.1","GSE214411","Myeloid",TRUE
1,-0.237594827980118,0,0,1,"PRKX-AS1","GSE214411","Myeloid",TRUE
1,-0.237594827980118,0,0,1,"RP11-1M18.1","GSE214411","Myeloid",TRUE
1,-0.237594827980118,0,0,1,"TAB3-AS2","GSE214411","Myeloid",TRUE
1,-0.237594827980118,0,0,1,"CXorf67","GSE214411","Myeloid",TRUE
1,-0.237594827980118,0,0,1,"RP11-445O16.3","GSE214411","Myeloid",TRUE
1,-0.237594827980118,0,0,1,"NLRP2P","GSE214411","Myeloid",TRUE
1,-0.237594827980118,0,0,1,"PHKA1-AS1","GSE214411","Myeloid",TRUE
1,-0.237594827980118,0,0,1,"PGAM4","GSE214411","Myeloid",TRUE
1,-0.237594827980118,0,0,1,"RIPPLY1","GSE214411","Myeloid",TRUE
1,-0.237594827980118,0,0,1,"DCX","GSE214411","Myeloid",TRUE
1,-0.237594827980118,0,0,1,"DANT1","GSE214411","Myeloid",TRUE
1,-0.237594827980118,0,0,1,"MAGEA8","GSE214411","Myeloid",TRUE
1,-0.237594827980118,0,0,1,"XX-FW80269A6.1","GSE214411","Myeloid",TRUE
1,-0.237594827980118,0,0,1,"RP11-366F6.2","GSE214411","Myeloid",TRUE
1,-0.237594827980118,0,0,1,"H2AFB3","GSE214411","Myeloid",TRUE
1,-0.237594827980118,0,0,1,"ZNF705G","GSE214411","Myeloid",TRUE
1,-0.237594827980118,0,0,1,"C8orf74","GSE214411","Myeloid",TRUE
1,-0.237594827980118,0,0,1,"C8orf49","GSE214411","Myeloid",TRUE
1,-0.237594827980118,0,0,1,"CHRNA2","GSE214411","Myeloid",TRUE
1,-0.237594827980118,0,0,1,"GOT1L1","GSE214411","Myeloid",TRUE
1,-0.237594827980118,0,0,1,"RP11-396J6.1","GSE214411","Myeloid",TRUE
1,-0.237594827980118,0,0,1,"RP11-434I12.3","GSE214411","Myeloid",TRUE
1,-0.237594827980118,0,0,1,"PKIA-AS1","GSE214411","Myeloid",TRUE
1,-0.237594827980118,0,0,1,"RP11-267M23.3","GSE214411","Myeloid",TRUE
1,-0.237594827980118,0,0,1,"KB-1991G8.1","GSE214411","Myeloid",TRUE
1,-0.237594827980118,0,0,1,"FER1L6","GSE214411","Myeloid",TRUE
1,-0.237594827980118,0,0,1,"RP11-550A5.2","GSE214411","Myeloid",TRUE
1,-0.237594827980118,0,0,1,"RP11-136O12.2","GSE214411","Myeloid",TRUE
1,-0.237594827980118,0,0,1,"RP11-65D17.1","GSE214411","Myeloid",TRUE
1,-0.237594827980118,0,0,1,"RP11-103H7.3","GSE214411","Myeloid",TRUE
1,-0.237594827980118,0,0,1,"RP11-103H7.5","GSE214411","Myeloid",TRUE
1,-0.237594827980118,0,0,1,"TPD52L3","GSE214411","Myeloid",TRUE
1,-0.237594827980118,0,0,1,"LURAP1L-AS1","GSE214411","Myeloid",TRUE
1,-0.237594827980118,0,0,1,"IFNK","GSE214411","Myeloid",TRUE
1,-0.237594827980118,0,0,1,"RP11-331F9.3","GSE214411","Myeloid",TRUE
1,-0.237594827980118,0,0,1,"RP11-613M10.9","GSE214411","Myeloid",TRUE
1,-0.237594827980118,0,0,1,"IGKV1OR-3","GSE214411","Myeloid",TRUE
1,-0.237594827980118,0,0,1,"RP11-240L7.4","GSE214411","Myeloid",TRUE
1,-0.237594827980118,0,0,1,"RP11-546O6.4","GSE214411","Myeloid",TRUE
1,-0.237594827980118,0,0,1,"LINC01492","GSE214411","Myeloid",TRUE
1,-0.237594827980118,0,0,1,"RP11-542K23.10","GSE214411","Myeloid",TRUE
1,-0.237594827980118,0,0,1,"OR1J4","GSE214411","Myeloid",TRUE
1,-0.237594827980118,0,0,1,"RP11-216B9.9","GSE214411","Myeloid",TRUE
1,-0.237594827980118,0,0,1,"C9orf173","GSE214411","Myeloid",TRUE
1,-0.237594827980118,0,0,1,"ODF3","GSE214411","Myeloid",TRUE
1,-0.237594827980118,0,0,1,"KRTAP5-4","GSE214411","Myeloid",TRUE
1,-0.237594827980118,0,0,1,"RP11-295K3.1","GSE214411","Myeloid",TRUE
1,-0.237594827980118,0,0,1,"RP1-65P5.5","GSE214411","Myeloid",TRUE
1,-0.237594827980118,0,0,1,"RP11-219O3.2","GSE214411","Myeloid",TRUE
1,-0.237594827980118,0,0,1,"GIF","GSE214411","Myeloid",TRUE
1,-0.237594827980118,0,0,1,"RP11-286N22.10","GSE214411","Myeloid",TRUE
1,-0.237594827980118,0,0,1,"RP11-703H8.9","GSE214411","Myeloid",TRUE
1,-0.237594827980118,0,0,1,"SLC22A8","GSE214411","Myeloid",TRUE
1,-0.237594827980118,0,0,1,"RP11-697H9.3","GSE214411","Myeloid",TRUE
1,-0.237594827980118,0,0,1,"GPR152","GSE214411","Myeloid",TRUE
1,-0.237594827980118,0,0,1,"TYR","GSE214411","Myeloid",TRUE
1,-0.237594827980118,0,0,1,"RP11-867G2.6","GSE214411","Myeloid",TRUE
1,-0.237594827980118,0,0,1,"APOA5","GSE214411","Myeloid",TRUE
1,-0.237594827980118,0,0,1,"RP11-680F20.12","GSE214411","Myeloid",TRUE
1,-0.237594827980118,0,0,1,"C11orf44","GSE214411","Myeloid",TRUE
1,-0.237594827980118,0,0,1,"RP11-363N22.2","GSE214411","Myeloid",TRUE
1,-0.237594827980118,0,0,1,"RP11-464C19.2","GSE214411","Myeloid",TRUE
1,-0.237594827980118,0,0,1,"RP11-397O4.1","GSE214411","Myeloid",TRUE
1,-0.237594827980118,0,0,1,"CELF2-AS2","GSE214411","Myeloid",TRUE
1,-0.237594827980118,0,0,1,"RP11-390B4.3","GSE214411","Myeloid",TRUE
1,-0.237594827980118,0,0,1,"RP11-166N17.1","GSE214411","Myeloid",TRUE
1,-0.237594827980118,0,0,1,"ANKRD30A","GSE214411","Myeloid",TRUE
1,-0.237594827980118,0,0,1,"RP11-285G1.2","GSE214411","Myeloid",TRUE
1,-0.237594827980118,0,0,1,"RP11-40C11.2","GSE214411","Myeloid",TRUE
1,-0.237594827980118,0,0,1,"RP11-436D10.3","GSE214411","Myeloid",TRUE
1,-0.237594827980118,0,0,1,"LRRTM3","GSE214411","Myeloid",TRUE
1,-0.237594827980118,0,0,1,"LIPF","GSE214411","Myeloid",TRUE
1,-0.237594827980118,0,0,1,"RP11-211N11.5","GSE214411","Myeloid",TRUE
1,-0.237594827980118,0,0,1,"MIR3663HG","GSE214411","Myeloid",TRUE
1,-0.237594827980118,0,0,1,"RP11-4C20.3","GSE214411","Myeloid",TRUE
1,-0.237594827980118,0,0,1,"RP11-20D14.3","GSE214411","Myeloid",TRUE
1,-0.237594827980118,0,0,1,"RP11-656E20.5","GSE214411","Myeloid",TRUE
1,-0.237594827980118,0,0,1,"PRB1","GSE214411","Myeloid",TRUE
1,-0.237594827980118,0,0,1,"PRB2","GSE214411","Myeloid",TRUE
1,-0.237594827980118,0,0,1,"RP11-449P1.1","GSE214411","Myeloid",TRUE
1,-0.237594827980118,0,0,1,"H1FNT","GSE214411","Myeloid",TRUE
1,-0.237594827980118,0,0,1,"ANP32D","GSE214411","Myeloid",TRUE
1,-0.237594827980118,0,0,1,"C12orf80","GSE214411","Myeloid",TRUE
1,-0.237594827980118,0,0,1,"RP11-366L20.3","GSE214411","Myeloid",TRUE
1,-0.237594827980118,0,0,1,"RP11-359M6.1","GSE214411","Myeloid",TRUE
1,-0.237594827980118,0,0,1,"FAM71C","GSE214411","Myeloid",TRUE
1,-0.237594827980118,0,0,1,"NR1H4","GSE214411","Myeloid",TRUE
1,-0.237594827980118,0,0,1,"RP11-512N21.3","GSE214411","Myeloid",TRUE
1,-0.237594827980118,0,0,1,"RP11-210L7.3","GSE214411","Myeloid",TRUE
1,-0.237594827980118,0,0,1,"STAB2","GSE214411","Myeloid",TRUE
1,-0.237594827980118,0,0,1,"RP11-227B21.2","GSE214411","Myeloid",TRUE
1,-0.237594827980118,0,0,1,"RP11-575F12.1","GSE214411","Myeloid",TRUE
1,-0.237594827980118,0,0,1,"RP13-895J2.6","GSE214411","Myeloid",TRUE
1,-0.237594827980118,0,0,1,"LINC00556","GSE214411","Myeloid",TRUE
1,-0.237594827980118,0,0,1,"KCTD4","GSE214411","Myeloid",TRUE
1,-0.237594827980118,0,0,1,"LINC00453","GSE214411","Myeloid",TRUE
1,-0.237594827980118,0,0,1,"RP11-203M5.7","GSE214411","Myeloid",TRUE
1,-0.237594827980118,0,0,1,"OR5AU1","GSE214411","Myeloid",TRUE
1,-0.237594827980118,0,0,1,"RP11-662J14.1","GSE214411","Myeloid",TRUE
1,-0.237594827980118,0,0,1,"FRMD6-AS2","GSE214411","Myeloid",TRUE
1,-0.237594827980118,0,0,1,"RP11-930O11.2","GSE214411","Myeloid",TRUE
1,-0.237594827980118,0,0,1,"RP11-932A10.1","GSE214411","Myeloid",TRUE
1,-0.237594827980118,0,0,1,"RP11-973N13.4","GSE214411","Myeloid",TRUE
1,-0.237594827980118,0,0,1,"RP3-514A23.2","GSE214411","Myeloid",TRUE
1,-0.237594827980118,0,0,1,"RP11-1078H9.5","GSE214411","Myeloid",TRUE
1,-0.237594827980118,0,0,1,"LINC00521","GSE214411","Myeloid",TRUE
1,-0.237594827980118,0,0,1,"RP11-1070N10.5","GSE214411","Myeloid",TRUE
1,-0.237594827980118,0,0,1,"C14orf180","GSE214411","Myeloid",TRUE
1,-0.237594827980118,0,0,1,"RP11-731F5.1","GSE214411","Myeloid",TRUE
1,-0.237594827980118,0,0,1,"GOLGA8J","GSE214411","Myeloid",TRUE
1,-0.237594827980118,0,0,1,"GOLGA8T","GSE214411","Myeloid",TRUE
1,-0.237594827980118,0,0,1,"CTD-2033D15.1","GSE214411","Myeloid",TRUE
1,-0.237594827980118,0,0,1,"C15orf43","GSE214411","Myeloid",TRUE
1,-0.237594827980118,0,0,1,"RP11-56B16.5","GSE214411","Myeloid",TRUE
1,-0.237594827980118,0,0,1,"RP11-554D20.1","GSE214411","Myeloid",TRUE
1,-0.237594827980118,0,0,1,"RP11-317G6.1","GSE214411","Myeloid",TRUE
1,-0.237594827980118,0,0,1,"RP11-342M21.2","GSE214411","Myeloid",TRUE
1,-0.237594827980118,0,0,1,"RP11-34F13.2","GSE214411","Myeloid",TRUE
1,-0.237594827980118,0,0,1,"RP11-8P11.4","GSE214411","Myeloid",TRUE
1,-0.237594827980118,0,0,1,"ANKRD34C","GSE214411","Myeloid",TRUE
1,-0.237594827980118,0,0,1,"RP11-379K22.3","GSE214411","Myeloid",TRUE
1,-0.237594827980118,0,0,1,"RP11-386M24.9","GSE214411","Myeloid",TRUE
1,-0.237594827980118,0,0,1,"XX-DJ76P10--A.2","GSE214411","Myeloid",TRUE
1,-0.237594827980118,0,0,1,"RP11-709D24.6","GSE214411","Myeloid",TRUE
1,-0.237594827980118,0,0,1,"CTD-2135D7.4","GSE214411","Myeloid",TRUE
1,-0.237594827980118,0,0,1,"RP11-142A12.1","GSE214411","Myeloid",TRUE
1,-0.237594827980118,0,0,1,"RP11-19N8.4","GSE214411","Myeloid",TRUE
1,-0.237594827980118,0,0,1,"DKFZP434H168","GSE214411","Myeloid",TRUE
1,-0.237594827980118,0,0,1,"RP11-510M2.6","GSE214411","Myeloid",TRUE
1,-0.237594827980118,0,0,1,"RP4-536B24.2","GSE214411","Myeloid",TRUE
1,-0.237594827980118,0,0,1,"RP5-1142A6.7","GSE214411","Myeloid",TRUE
1,-0.237594827980118,0,0,1,"AL450226.2","GSE214411","Myeloid",TRUE
1,-0.237594827980118,0,0,1,"AC091153.4","GSE214411","Myeloid",TRUE
1,-0.237594827980118,0,0,1,"CTC-281F24.1","GSE214411","Myeloid",TRUE
1,-0.237594827980118,0,0,1,"RP11-477N12.5","GSE214411","Myeloid",TRUE
1,-0.237594827980118,0,0,1,"LINC00670","GSE214411","Myeloid",TRUE
1,-0.237594827980118,0,0,1,"RP11-1090M7.1","GSE214411","Myeloid",TRUE
1,-0.237594827980118,0,0,1,"RP11-728E14.3","GSE214411","Myeloid",TRUE
1,-0.237594827980118,0,0,1,"CTD-2349P21.6","GSE214411","Myeloid",TRUE
1,-0.237594827980118,0,0,1,"AC091132.1","GSE214411","Myeloid",TRUE
1,-0.237594827980118,0,0,1,"STH","GSE214411","Myeloid",TRUE
1,-0.237594827980118,0,0,1,"RP11-304F15.4","GSE214411","Myeloid",TRUE
1,-0.237594827980118,0,0,1,"RP11-1018N14.2","GSE214411","Myeloid",TRUE
1,-0.237594827980118,0,0,1,"RP11-118E18.4","GSE214411","Myeloid",TRUE
1,-0.237594827980118,0,0,1,"RP11-269G24.4","GSE214411","Myeloid",TRUE
1,-0.237594827980118,0,0,1,"CSH1","GSE214411","Myeloid",TRUE
1,-0.237594827980118,0,0,1,"CSHL1","GSE214411","Myeloid",TRUE
1,-0.237594827980118,0,0,1,"PRKCA-AS1","GSE214411","Myeloid",TRUE
1,-0.237594827980118,0,0,1,"RP11-1376P16.2","GSE214411","Myeloid",TRUE
1,-0.237594827980118,0,0,1,"RP11-14P20.1","GSE214411","Myeloid",TRUE
1,-0.237594827980118,0,0,1,"RP11-883A18.3","GSE214411","Myeloid",TRUE
1,-0.237594827980118,0,0,1,"RP11-64C12.6","GSE214411","Myeloid",TRUE
1,-0.237594827980118,0,0,1,"RP11-621L6.2","GSE214411","Myeloid",TRUE
1,-0.237594827980118,0,0,1,"RP11-57J16.1","GSE214411","Myeloid",TRUE
1,-0.237594827980118,0,0,1,"RP11-739N10.1","GSE214411","Myeloid",TRUE
1,-0.237594827980118,0,0,1,"RP11-26N15.2","GSE214411","Myeloid",TRUE
1,-0.237594827980118,0,0,1,"RP11-344B2.2","GSE214411","Myeloid",TRUE
1,-0.237594827980118,0,0,1,"AC021224.1","GSE214411","Myeloid",TRUE
1,-0.237594827980118,0,0,1,"TCEB3B","GSE214411","Myeloid",TRUE
1,-0.237594827980118,0,0,1,"RP11-845C23.3","GSE214411","Myeloid",TRUE
1,-0.237594827980118,0,0,1,"SERPINB7","GSE214411","Myeloid",TRUE
1,-0.237594827980118,0,0,1,"RP11-94B19.4","GSE214411","Myeloid",TRUE
1,-0.237594827980118,0,0,1,"RP1-278O22.2","GSE214411","Myeloid",TRUE
1,-0.237594827980118,0,0,1,"RP5-1184F4.5","GSE214411","Myeloid",TRUE
1,-0.237594827980118,0,0,1,"EFCAB8","GSE214411","Myeloid",TRUE
1,-0.237594827980118,0,0,1,"WFDC12","GSE214411","Myeloid",TRUE
1,-0.237594827980118,0,0,1,"SEMG1","GSE214411","Myeloid",TRUE
1,-0.237594827980118,0,0,1,"SEMG2","GSE214411","Myeloid",TRUE
1,-0.237594827980118,0,0,1,"WFDC10A","GSE214411","Myeloid",TRUE
1,-0.237594827980118,0,0,1,"WFDC13","GSE214411","Myeloid",TRUE
1,-0.237594827980118,0,0,1,"LINC01429","GSE214411","Myeloid",TRUE
1,-0.237594827980118,0,0,1,"RP13-30A9.2","GSE214411","Myeloid",TRUE
1,-0.237594827980118,0,0,1,"CTB-50L17.5","GSE214411","Myeloid",TRUE
1,-0.237594827980118,0,0,1,"CTD-2396E7.10","GSE214411","Myeloid",TRUE
1,-0.237594827980118,0,0,1,"CTB-55O6.4","GSE214411","Myeloid",TRUE
1,-0.237594827980118,0,0,1,"CYP4F2","GSE214411","Myeloid",TRUE
1,-0.237594827980118,0,0,1,"CTD-2528A14.5","GSE214411","Myeloid",TRUE
1,-0.237594827980118,0,0,1,"CTD-3032J10.3","GSE214411","Myeloid",TRUE
1,-0.237594827980118,0,0,1,"CTD-3131K8.3","GSE214411","Myeloid",TRUE
1,-0.237594827980118,0,0,1,"LINC01529","GSE214411","Myeloid",TRUE
1,-0.237594827980118,0,0,1,"AC104534.3","GSE214411","Myeloid",TRUE
1,-0.237594827980118,0,0,1,"AC104534.2","GSE214411","Myeloid",TRUE
1,-0.237594827980118,0,0,1,"MIA-RAB4B","GSE214411","Myeloid",TRUE
1,-0.237594827980118,0,0,1,"IRGC","GSE214411","Myeloid",TRUE
1,-0.237594827980118,0,0,1,"CTB-60B18.10","GSE214411","Myeloid",TRUE
1,-0.237594827980118,0,0,1,"GPR32","GSE214411","Myeloid",TRUE
1,-0.237594827980118,0,0,1,"CTD-2620I22.3","GSE214411","Myeloid",TRUE
1,-0.237594827980118,0,0,1,"CTC-339O9.1","GSE214411","Myeloid",TRUE
1,-0.237594827980118,0,0,1,"AC012314.20","GSE214411","Myeloid",TRUE
1,-0.237594827980118,0,0,1,"SBK3","GSE214411","Myeloid",TRUE
1,-0.237594827980118,0,0,1,"AC016629.3","GSE214411","Myeloid",TRUE
1,-0.237594827980118,0,0,1,"POTEH","GSE214411","Myeloid",TRUE
1,-0.237594827980118,0,0,1,"GGTLC3","GSE214411","Myeloid",TRUE
1,-0.237594827980118,0,0,1,"AC007050.17","GSE214411","Myeloid",TRUE
1,-0.237594827980118,0,0,1,"RP3-438O4.4","GSE214411","Myeloid",TRUE
1,-0.237594827980118,0,0,1,"RP1-127L4.7","GSE214411","Myeloid",TRUE
1,-0.237594827980118,0,0,1,"IGLVIVOR22-2","GSE214411","Myeloid",TRUE
1,-0.237594827980118,0,0,1,"CTA-286B10.8","GSE214411","Myeloid",TRUE
1,-0.237594827980118,0,0,1,"RP1-85F18.6","GSE214411","Myeloid",TRUE
1,-0.237594827980118,0,0,1,"EFCAB6-AS1","GSE214411","Myeloid",TRUE
1,-0.237594827980118,0,0,1,"RP5-983L19.2","GSE214411","Myeloid",TRUE
1,-0.237594827980118,0,0,1,"CHKB-CPT1B","GSE214411","Myeloid",TRUE
1,-0.237594827980118,0,0,1,"AP001172.2","GSE214411","Myeloid",TRUE
1,-0.237594827980118,0,0,1,"D21S2088E","GSE214411","Myeloid",TRUE
1,-0.237594827980118,0,0,1,"AP000688.15","GSE214411","Myeloid",TRUE
1,-0.237594827980118,0,0,1,"AP001057.1","GSE214411","Myeloid",TRUE
1,-0.237594827980118,0,0,1,"RP5-1182A14.5","GSE214411","Myeloid",TRUE
1,-0.237594827980118,0,0,1,"RP11-470L19.5","GSE214411","Myeloid",TRUE
1,-0.237594827980118,0,0,1,"RP6-74O6.2","GSE214411","Myeloid",TRUE
1,-0.237594827980118,0,0,1,"SPTA1","GSE214411","Myeloid",TRUE
1,-0.237594827980118,0,0,1,"LINC01222","GSE214411","Myeloid",TRUE
1,-0.237594827980118,0,0,1,"RP11-95P13.2","GSE214411","Myeloid",TRUE
1,-0.237594827980118,0,0,1,"AC093390.1","GSE214411","Myeloid",TRUE
1,-0.237594827980118,0,0,1,"LINC01317","GSE214411","Myeloid",TRUE
1,-0.237594827980118,0,0,1,"MEIS1-AS3","GSE214411","Myeloid",TRUE
1,-0.237594827980118,0,0,1,"SCTR","GSE214411","Myeloid",TRUE
1,-0.237594827980118,0,0,1,"AC018737.3","GSE214411","Myeloid",TRUE
1,-0.237594827980118,0,0,1,"AC009227.2","GSE214411","Myeloid",TRUE
1,-0.237594827980118,0,0,1,"AC008063.2","GSE214411","Myeloid",TRUE
1,-0.237594827980118,0,0,1,"RP11-387A1.5","GSE214411","Myeloid",TRUE
1,-0.237594827980118,0,0,1,"UGT1A7","GSE214411","Myeloid",TRUE
1,-0.237594827980118,0,0,1,"UGT1A6","GSE214411","Myeloid",TRUE
1,-0.237594827980118,0,0,1,"UGT1A3","GSE214411","Myeloid",TRUE
1,-0.237594827980118,0,0,1,"UGT1A1","GSE214411","Myeloid",TRUE
1,-0.237594827980118,0,0,1,"RP11-451B8.1","GSE214411","Myeloid",TRUE
1,-0.237594827980118,0,0,1,"HTR3D","GSE214411","Myeloid",TRUE
1,-0.237594827980118,0,0,1,"RP11-567G11.1","GSE214411","Myeloid",TRUE
1,-0.237594827980118,0,0,1,"RP11-197K6.1","GSE214411","Myeloid",TRUE
1,-0.237594827980118,0,0,1,"RP11-61G19.1","GSE214411","Myeloid",TRUE
1,-0.237594827980118,0,0,1,"LVCAT1","GSE214411","Myeloid",TRUE
1,-0.237594827980118,0,0,1,"UGT2B4","GSE214411","Myeloid",TRUE
1,-0.237594827980118,0,0,1,"RP11-115D19.3","GSE214411","Myeloid",TRUE
1,-0.237594827980118,0,0,1,"RP11-115D19.2","GSE214411","Myeloid",TRUE
1,-0.237594827980118,0,0,1,"RP11-713M6.2","GSE214411","Myeloid",TRUE
1,-0.237594827980118,0,0,1,"RP11-148B6.1","GSE214411","Myeloid",TRUE
1,-0.237594827980118,0,0,1,"TRIM60","GSE214411","Myeloid",TRUE
1,-0.237594827980118,0,0,1,"RP11-161D15.2","GSE214411","Myeloid",TRUE
1,-0.237594827980118,0,0,1,"RP11-161D15.3","GSE214411","Myeloid",TRUE
1,-0.237594827980118,0,0,1,"LINC01021","GSE214411","Myeloid",TRUE
1,-0.237594827980118,0,0,1,"RP11-473L15.3","GSE214411","Myeloid",TRUE
1,-0.237594827980118,0,0,1,"CTC-575I10.1","GSE214411","Myeloid",TRUE
1,-0.237594827980118,0,0,1,"HNCAT21","GSE214411","Myeloid",TRUE
1,-0.237594827980118,0,0,1,"CTXN3","GSE214411","Myeloid",TRUE
1,-0.237594827980118,0,0,1,"TH2LCRR","GSE214411","Myeloid",TRUE
1,-0.237594827980118,0,0,1,"RP11-119J18.1","GSE214411","Myeloid",TRUE
1,-0.237594827980118,0,0,1,"FAM196B","GSE214411","Myeloid",TRUE
1,-0.237594827980118,0,0,1,"SLC34A1","GSE214411","Myeloid",TRUE
1,-0.237594827980118,0,0,1,"RP3-430A16.1","GSE214411","Myeloid",TRUE
1,-0.237594827980118,0,0,1,"RP11-542F9.1","GSE214411","Myeloid",TRUE
1,-0.237594827980118,0,0,1,"RP11-415D17.3","GSE214411","Myeloid",TRUE
1,-0.237594827980118,0,0,1,"RP11-127B16.1","GSE214411","Myeloid",TRUE
1,-0.237594827980118,0,0,1,"RFPL4B","GSE214411","Myeloid",TRUE
1,-0.237594827980118,0,0,1,"RP1-287H17.1","GSE214411","Myeloid",TRUE
1,-0.237594827980118,0,0,1,"RP11-631F7.2","GSE214411","Myeloid",TRUE
1,-0.237594827980118,0,0,1,"RP11-350J20.12","GSE214411","Myeloid",TRUE
1,-0.237594827980118,0,0,1,"AC007161.5","GSE214411","Myeloid",TRUE
1,-0.237594827980118,0,0,1,"AC073072.5","GSE214411","Myeloid",TRUE
1,-0.237594827980118,0,0,1,"AC003092.2","GSE214411","Myeloid",TRUE
1,-0.237594827980118,0,0,1,"CYP3A7","GSE214411","Myeloid",TRUE
1,-0.237594827980118,0,0,1,"AC008154.5","GSE214411","Myeloid",TRUE
1,-0.237594827980118,0,0,1,"STRA8","GSE214411","Myeloid",TRUE
1,-0.237594827980118,0,0,1,"TRPV5","GSE214411","Myeloid",TRUE
1,-0.237594827980118,0,0,1,"PHEX-AS1","GSE214411","Myeloid",TRUE
1,-0.237594827980118,0,0,1,"RP11-265D19.6","GSE214411","Myeloid",TRUE
1,-0.237594827980118,0,0,1,"MAGEA10","GSE214411","Myeloid",TRUE
1,-0.237594827980118,0,0,1,"KB-1615E4.3","GSE214411","Myeloid",TRUE
1,-0.237594827980118,0,0,1,"RP11-398G24.2","GSE214411","Myeloid",TRUE
1,-0.237594827980118,0,0,1,"RP11-96B2.1","GSE214411","Myeloid",TRUE
1,-0.237594827980118,0,0,1,"RP11-429J17.5","GSE214411","Myeloid",TRUE
1,-0.237594827980118,0,0,1,"TYRP1","GSE214411","Myeloid",TRUE
1,-0.237594827980118,0,0,1,"LINC01505","GSE214411","Myeloid",TRUE
1,-0.237594827980118,0,0,1,"OR1J2","GSE214411","Myeloid",TRUE
1,-0.237594827980118,0,0,1,"RP11-12A16.3","GSE214411","Myeloid",TRUE
1,-0.237594827980118,0,0,1,"RP11-426A6.5","GSE214411","Myeloid",TRUE
1,-0.237594827980118,0,0,1,"RP11-736I10.1","GSE214411","Myeloid",TRUE
1,-0.237594827980118,0,0,1,"OOSP2","GSE214411","Myeloid",TRUE
1,-0.237594827980118,0,0,1,"RP11-867G2.8","GSE214411","Myeloid",TRUE
1,-0.237594827980118,0,0,1,"APOC3","GSE214411","Myeloid",TRUE
1,-0.237594827980118,0,0,1,"LINC00706","GSE214411","Myeloid",TRUE
1,-0.237594827980118,0,0,1,"RP11-383B4.4","GSE214411","Myeloid",TRUE
1,-0.237594827980118,0,0,1,"LINC00993","GSE214411","Myeloid",TRUE
1,-0.237594827980118,0,0,1,"RP11-443O13.3","GSE214411","Myeloid",TRUE
1,-0.237594827980118,0,0,1,"LIPK","GSE214411","Myeloid",TRUE
1,-0.237594827980118,0,0,1,"CYP2C19","GSE214411","Myeloid",TRUE
1,-0.237594827980118,0,0,1,"CPN1","GSE214411","Myeloid",TRUE
1,-0.237594827980118,0,0,1,"LINC01435","GSE214411","Myeloid",TRUE
1,-0.237594827980118,0,0,1,"RP11-234B24.2","GSE214411","Myeloid",TRUE
1,-0.237594827980118,0,0,1,"AC079630.2","GSE214411","Myeloid",TRUE
1,-0.237594827980118,0,0,1,"RP11-923I11.5","GSE214411","Myeloid",TRUE
1,-0.237594827980118,0,0,1,"RP11-315E17.1","GSE214411","Myeloid",TRUE
1,-0.237594827980118,0,0,1,"RP5-916L7.2","GSE214411","Myeloid",TRUE
1,-0.237594827980118,0,0,1,"RP11-989F5.1","GSE214411","Myeloid",TRUE
1,-0.237594827980118,0,0,1,"LINC00572","GSE214411","Myeloid",TRUE
1,-0.237594827980118,0,0,1,"ENOX1-AS1","GSE214411","Myeloid",TRUE
1,-0.237594827980118,0,0,1,"RP11-95F22.1","GSE214411","Myeloid",TRUE
1,-0.237594827980118,0,0,1,"F10-AS1","GSE214411","Myeloid",TRUE
1,-0.237594827980118,0,0,1,"RP11-1112J20.2","GSE214411","Myeloid",TRUE
1,-0.237594827980118,0,0,1,"RP11-862P13.1","GSE214411","Myeloid",TRUE
1,-0.237594827980118,0,0,1,"RP11-982M15.5","GSE214411","Myeloid",TRUE
1,-0.237594827980118,0,0,1,"IGHV4-39","GSE214411","Myeloid",TRUE
1,-0.237594827980118,0,0,1,"RP11-355N15.1","GSE214411","Myeloid",TRUE
1,-0.237594827980118,0,0,1,"CTD-2026J24.1","GSE214411","Myeloid",TRUE
1,-0.237594827980118,0,0,1,"RP11-276M12.1","GSE214411","Myeloid",TRUE
1,-0.237594827980118,0,0,1,"CTA-481E9.4","GSE214411","Myeloid",TRUE
1,-0.237594827980118,0,0,1,"RP11-523L20.2","GSE214411","Myeloid",TRUE
1,-0.237594827980118,0,0,1,"RP11-357N13.2","GSE214411","Myeloid",TRUE
1,-0.237594827980118,0,0,1,"RP11-324D17.1","GSE214411","Myeloid",TRUE
1,-0.237594827980118,0,0,1,"CTD-3032H12.2","GSE214411","Myeloid",TRUE
1,-0.237594827980118,0,0,1,"RP11-517C16.4","GSE214411","Myeloid",TRUE
1,-0.237594827980118,0,0,1,"SCGB1C2","GSE214411","Myeloid",TRUE
1,-0.237594827980118,0,0,1,"RP11-401O9.3","GSE214411","Myeloid",TRUE
1,-0.237594827980118,0,0,1,"CTD-2534I21.9","GSE214411","Myeloid",TRUE
1,-0.237594827980118,0,0,1,"RP11-579A4.1","GSE214411","Myeloid",TRUE
1,-0.237594827980118,0,0,1,"IGLJCOR18","GSE214411","Myeloid",TRUE
1,-0.237594827980118,0,0,1,"RP11-856M7.6","GSE214411","Myeloid",TRUE
1,-0.237594827980118,0,0,1,"RP11-820I16.3","GSE214411","Myeloid",TRUE
1,-0.237594827980118,0,0,1,"RP11-30L3.2","GSE214411","Myeloid",TRUE
1,-0.237594827980118,0,0,1,"SERPINB11","GSE214411","Myeloid",TRUE
1,-0.237594827980118,0,0,1,"TMC2","GSE214411","Myeloid",TRUE
1,-0.237594827980118,0,0,1,"PAX1","GSE214411","Myeloid",TRUE
1,-0.237594827980118,0,0,1,"RP11-410N8.3","GSE214411","Myeloid",TRUE
1,-0.237594827980118,0,0,1,"ASPDH","GSE214411","Myeloid",TRUE
1,-0.237594827980118,0,0,1,"RP1-130H16.18","GSE214411","Myeloid",TRUE
1,-0.237594827980118,0,0,1,"KRTAP13-2","GSE214411","Myeloid",TRUE
1,-0.237594827980118,0,0,1,"LINC01423","GSE214411","Myeloid",TRUE
1,-0.237594827980118,0,0,1,"RP3-510D11.4","GSE214411","Myeloid",TRUE
1,-0.237594827980118,0,0,1,"RP5-997D24.3","GSE214411","Myeloid",TRUE
1,-0.237594827980118,0,0,1,"RP11-510C10.2","GSE214411","Myeloid",TRUE
1,-0.237594827980118,0,0,1,"LHX8","GSE214411","Myeloid",TRUE
1,-0.237594827980118,0,0,1,"SPRR2F","GSE214411","Myeloid",TRUE
1,-0.237594827980118,0,0,1,"RP11-550P17.5","GSE214411","Myeloid",TRUE
1,-0.237594827980118,0,0,1,"AC068286.1","GSE214411","Myeloid",TRUE
1,-0.237594827980118,0,0,1,"C2orf16","GSE214411","Myeloid",TRUE
1,-0.237594827980118,0,0,1,"HCG2040054","GSE214411","Myeloid",TRUE
1,-0.237594827980118,0,0,1,"RP11-342K6.3","GSE214411","Myeloid",TRUE
1,-0.237594827980118,0,0,1,"IGKV1-17","GSE214411","Myeloid",TRUE
1,-0.237594827980118,0,0,1,"AC067960.1","GSE214411","Myeloid",TRUE
1,-0.237594827980118,0,0,1,"RP11-105N14.3","GSE214411","Myeloid",TRUE
1,-0.237594827980118,0,0,1,"LINC01614","GSE214411","Myeloid",TRUE
1,-0.237594827980118,0,0,1,"RP11-574O16.1","GSE214411","Myeloid",TRUE
1,-0.237594827980118,0,0,1,"AC113618.1","GSE214411","Myeloid",TRUE
1,-0.237594827980118,0,0,1,"KRBOX1-AS1","GSE214411","Myeloid",TRUE
1,-0.237594827980118,0,0,1,"RP4-555D20.2","GSE214411","Myeloid",TRUE
1,-0.237594827980118,0,0,1,"PRICKLE2-AS2","GSE214411","Myeloid",TRUE
1,-0.237594827980118,0,0,1,"LINC00901","GSE214411","Myeloid",TRUE
1,-0.237594827980118,0,0,1,"RP11-39E3.3","GSE214411","Myeloid",TRUE
1,-0.237594827980118,0,0,1,"IL20RB-AS1","GSE214411","Myeloid",TRUE
1,-0.237594827980118,0,0,1,"RP11-442N1.2","GSE214411","Myeloid",TRUE
1,-0.237594827980118,0,0,1,"RP11-167H9.3","GSE214411","Myeloid",TRUE
1,-0.237594827980118,0,0,1,"RP11-292E2.1","GSE214411","Myeloid",TRUE
1,-0.237594827980118,0,0,1,"RP11-513G11.3","GSE214411","Myeloid",TRUE
1,-0.237594827980118,0,0,1,"AC055764.1","GSE214411","Myeloid",TRUE
1,-0.237594827980118,0,0,1,"RP11-2H3.7","GSE214411","Myeloid",TRUE
1,-0.237594827980118,0,0,1,"RP11-1406H17.1","GSE214411","Myeloid",TRUE
1,-0.237594827980118,0,0,1,"RP11-714L20.1","GSE214411","Myeloid",TRUE
1,-0.237594827980118,0,0,1,"RP11-577B7.1","GSE214411","Myeloid",TRUE
1,-0.237594827980118,0,0,1,"RP13-539F13.3","GSE214411","Myeloid",TRUE
1,-0.237594827980118,0,0,1,"RP11-503L19.1","GSE214411","Myeloid",TRUE
1,-0.237594827980118,0,0,1,"RP11-290O12.2","GSE214411","Myeloid",TRUE
1,-0.237594827980118,0,0,1,"RP11-154F14.2","GSE214411","Myeloid",TRUE
1,-0.237594827980118,0,0,1,"RP11-804N13.1","GSE214411","Myeloid",TRUE
1,-0.237594827980118,0,0,1,"RP11-5N11.6","GSE214411","Myeloid",TRUE
1,-0.237594827980118,0,0,1,"CTD-2130F23.2","GSE214411","Myeloid",TRUE
1,-0.237594827980118,0,0,1,"EGFLAM-AS4","GSE214411","Myeloid",TRUE
1,-0.237594827980118,0,0,1,"CTC-529L17.2","GSE214411","Myeloid",TRUE
1,-0.237594827980118,0,0,1,"CTD-2337A12.1","GSE214411","Myeloid",TRUE
1,-0.237594827980118,0,0,1,"AC005609.16","GSE214411","Myeloid",TRUE
1,-0.237594827980118,0,0,1,"CTC-270D5.1","GSE214411","Myeloid",TRUE
1,-0.237594827980118,0,0,1,"AC012613.2","GSE214411","Myeloid",TRUE
1,-0.237594827980118,0,0,1,"RP11-284J1.1","GSE214411","Myeloid",TRUE
1,-0.237594827980118,0,0,1,"GCM2","GSE214411","Myeloid",TRUE
1,-0.237594827980118,0,0,1,"LY6G6D","GSE214411","Myeloid",TRUE
1,-0.237594827980118,0,0,1,"RP11-143A22.1","GSE214411","Myeloid",TRUE
1,-0.237594827980118,0,0,1,"LPA","GSE214411","Myeloid",TRUE
1,-0.237594827980118,0,0,1,"AC079742.4","GSE214411","Myeloid",TRUE
1,-0.237594827980118,0,0,1,"AC005550.3","GSE214411","Myeloid",TRUE
1,-0.237594827980118,0,0,1,"LINC01446","GSE214411","Myeloid",TRUE
1,-0.237594827980118,0,0,1,"RP11-760D2.5","GSE214411","Myeloid",TRUE
1,-0.237594827980118,0,0,1,"RP11-340I6.7","GSE214411","Myeloid",TRUE
1,-0.237594827980118,0,0,1,"RP11-3P22.2","GSE214411","Myeloid",TRUE
1,-0.237594827980118,0,0,1,"AC005009.1","GSE214411","Myeloid",TRUE
1,-0.237594827980118,0,0,1,"LINC01007","GSE214411","Myeloid",TRUE
1,-0.237594827980118,0,0,1,"RP11-744I24.2","GSE214411","Myeloid",TRUE
1,-0.237594827980118,0,0,1,"AC011899.10","GSE214411","Myeloid",TRUE
1,-0.237594827980118,0,0,1,"RP11-305F18.1","GSE214411","Myeloid",TRUE
1,-0.237594827980118,0,0,1,"PABPC5-AS1","GSE214411","Myeloid",TRUE
1,-0.237594827980118,0,0,1,"FAM66E","GSE214411","Myeloid",TRUE
1,-0.237594827980118,0,0,1,"RP11-648L3.2","GSE214411","Myeloid",TRUE
1,-0.237594827980118,0,0,1,"LINC01289","GSE214411","Myeloid",TRUE
1,-0.237594827980118,0,0,1,"MIR124-2HG","GSE214411","Myeloid",TRUE
1,-0.237594827980118,0,0,1,"RP11-91P17.1","GSE214411","Myeloid",TRUE
1,-0.237594827980118,0,0,1,"AF121898.3","GSE214411","Myeloid",TRUE
1,-0.237594827980118,0,0,1,"RP11-388K12.2","GSE214411","Myeloid",TRUE
1,-0.237594827980118,0,0,1,"KB-1958F4.2","GSE214411","Myeloid",TRUE
1,-0.237594827980118,0,0,1,"AC026248.1","GSE214411","Myeloid",TRUE
1,-0.237594827980118,0,0,1,"RP11-183I6.2","GSE214411","Myeloid",TRUE
1,-0.237594827980118,0,0,1,"RP11-62F24.1","GSE214411","Myeloid",TRUE
1,-0.237594827980118,0,0,1,"RP11-298E2.2","GSE214411","Myeloid",TRUE
1,-0.237594827980118,0,0,1,"RP11-555J4.3","GSE214411","Myeloid",TRUE
1,-0.237594827980118,0,0,1,"TRBV26OR9-2","GSE214411","Myeloid",TRUE
1,-0.237594827980118,0,0,1,"RP11-547C13.1","GSE214411","Myeloid",TRUE
1,-0.237594827980118,0,0,1,"COL5A1-AS1","GSE214411","Myeloid",TRUE
1,-0.237594827980118,0,0,1,"INS","GSE214411","Myeloid",TRUE
1,-0.237594827980118,0,0,1,"MRGPRE","GSE214411","Myeloid",TRUE
1,-0.237594827980118,0,0,1,"RP5-1173A5.1","GSE214411","Myeloid",TRUE
1,-0.237594827980118,0,0,1,"RP11-748C4.1","GSE214411","Myeloid",TRUE
1,-0.237594827980118,0,0,1,"SLC6A5","GSE214411","Myeloid",TRUE
1,-0.237594827980118,0,0,1,"RP11-855O10.2","GSE214411","Myeloid",TRUE
1,-0.237594827980118,0,0,1,"RP11-867G23.1","GSE214411","Myeloid",TRUE
1,-0.237594827980118,0,0,1,"RP11-655M14.12","GSE214411","Myeloid",TRUE
1,-0.237594827980118,0,0,1,"RP11-113K21.4","GSE214411","Myeloid",TRUE
1,-0.237594827980118,0,0,1,"RP11-688I9.4","GSE214411","Myeloid",TRUE
1,-0.237594827980118,0,0,1,"RP11-523O18.1","GSE214411","Myeloid",TRUE
1,-0.237594827980118,0,0,1,"RP11-342M3.5","GSE214411","Myeloid",TRUE
1,-0.237594827980118,0,0,1,"LINC00601","GSE214411","Myeloid",TRUE
1,-0.237594827980118,0,0,1,"RP11-108K14.12","GSE214411","Myeloid",TRUE
1,-0.237594827980118,0,0,1,"RP11-860B13.1","GSE214411","Myeloid",TRUE
1,-0.237594827980118,0,0,1,"RP11-499A10.3","GSE214411","Myeloid",TRUE
1,-0.237594827980118,0,0,1,"RP11-352M15.1","GSE214411","Myeloid",TRUE
1,-0.237594827980118,0,0,1,"AC012531.25","GSE214411","Myeloid",TRUE
1,-0.237594827980118,0,0,1,"FLJ12825","GSE214411","Myeloid",TRUE
1,-0.237594827980118,0,0,1,"RP11-461F16.3","GSE214411","Myeloid",TRUE
1,-0.237594827980118,0,0,1,"MYH7","GSE214411","Myeloid",TRUE
1,-0.237594827980118,0,0,1,"RP11-66N24.7","GSE214411","Myeloid",TRUE
1,-0.237594827980118,0,0,1,"RP11-463C8.7","GSE214411","Myeloid",TRUE
1,-0.237594827980118,0,0,1,"IGHV3-23","GSE214411","Myeloid",TRUE
1,-0.237594827980118,0,0,1,"POTEB3","GSE214411","Myeloid",TRUE
1,-0.237594827980118,0,0,1,"AC124997.1","GSE214411","Myeloid",TRUE
1,-0.237594827980118,0,0,1,"RP11-272D12.2","GSE214411","Myeloid",TRUE
1,-0.237594827980118,0,0,1,"RP11-650L12.1","GSE214411","Myeloid",TRUE
1,-0.237594827980118,0,0,1,"RP11-379K22.2","GSE214411","Myeloid",TRUE
1,-0.237594827980118,0,0,1,"RP11-522B15.4","GSE214411","Myeloid",TRUE
1,-0.237594827980118,0,0,1,"RP11-517A5.7","GSE214411","Myeloid",TRUE
1,-0.237594827980118,0,0,1,"RP11-491F9.8","GSE214411","Myeloid",TRUE
1,-0.237594827980118,0,0,1,"RP11-324D17.3","GSE214411","Myeloid",TRUE
1,-0.237594827980118,0,0,1,"RP11-96P7.1","GSE214411","Myeloid",TRUE
1,-0.237594827980118,0,0,1,"RP11-514D23.3","GSE214411","Myeloid",TRUE
1,-0.237594827980118,0,0,1,"RP11-482M8.1","GSE214411","Myeloid",TRUE
1,-0.237594827980118,0,0,1,"RP11-830F9.5","GSE214411","Myeloid",TRUE
1,-0.237594827980118,0,0,1,"CTD-2008P7.1","GSE214411","Myeloid",TRUE
1,-0.237594827980118,0,0,1,"AC015923.1","GSE214411","Myeloid",TRUE
1,-0.237594827980118,0,0,1,"RP11-13K12.5","GSE214411","Myeloid",TRUE
1,-0.237594827980118,0,0,1,"CTD-2015H3.2","GSE214411","Myeloid",TRUE
1,-0.237594827980118,0,0,1,"RP11-411B10.2","GSE214411","Myeloid",TRUE
1,-0.237594827980118,0,0,1,"RP11-484L8.1","GSE214411","Myeloid",TRUE
1,-0.237594827980118,0,0,1,"RP11-671P2.1","GSE214411","Myeloid",TRUE
1,-0.237594827980118,0,0,1,"RP11-760L24.1","GSE214411","Myeloid",TRUE
1,-0.237594827980118,0,0,1,"RP11-2N1.1","GSE214411","Myeloid",TRUE
1,-0.237594827980118,0,0,1,"LINC01544","GSE214411","Myeloid",TRUE
1,-0.237594827980118,0,0,1,"RP4-734P14.4","GSE214411","Myeloid",TRUE
1,-0.237594827980118,0,0,1,"MACROD2-AS1","GSE214411","Myeloid",TRUE
1,-0.237594827980118,0,0,1,"RP4-760C5.3","GSE214411","Myeloid",TRUE
1,-0.237594827980118,0,0,1,"RP1-310O13.7","GSE214411","Myeloid",TRUE
1,-0.237594827980118,0,0,1,"WFDC11","GSE214411","Myeloid",TRUE
1,-0.237594827980118,0,0,1,"RP5-907D15.3","GSE214411","Myeloid",TRUE
1,-0.237594827980118,0,0,1,"RP11-429E11.2","GSE214411","Myeloid",TRUE
1,-0.237594827980118,0,0,1,"ZBTB46-AS1","GSE214411","Myeloid",TRUE
1,-0.237594827980118,0,0,1,"ACSBG2","GSE214411","Myeloid",TRUE
1,-0.237594827980118,0,0,1,"CTC-499B15.8","GSE214411","Myeloid",TRUE
1,-0.237594827980118,0,0,1,"CTD-2291D10.2","GSE214411","Myeloid",TRUE
1,-0.237594827980118,0,0,1,"HPN-AS1","GSE214411","Myeloid",TRUE
1,-0.237594827980118,0,0,1,"CTA-929C8.6","GSE214411","Myeloid",TRUE
1,-0.237594827980118,0,0,1,"AP001136.2","GSE214411","Myeloid",TRUE
1,-0.237594827980118,0,0,1,"KRTAP21-2","GSE214411","Myeloid",TRUE
1,-0.237594827980118,0,0,1,"CMP21-97G8.1","GSE214411","Myeloid",TRUE
1,-0.237594827980118,0,0,1,"LINC00334","GSE214411","Myeloid",TRUE
1,-0.237594827980118,0,0,1,"AC136352.4","GSE214411","Myeloid",TRUE
1,-0.237594827980118,0,0,1,"RP1-69M21.2","GSE214411","Myeloid",TRUE
1,-0.237594827980118,0,0,1,"MPL","GSE214411","Myeloid",TRUE
1,-0.237594827980118,0,0,1,"CDCP2","GSE214411","Myeloid",TRUE
1,-0.237594827980118,0,0,1,"DAB1-AS1","GSE214411","Myeloid",TRUE
1,-0.237594827980118,0,0,1,"RP11-411H5.1","GSE214411","Myeloid",TRUE
1,-0.237594827980118,0,0,1,"RP5-834N19.1","GSE214411","Myeloid",TRUE
1,-0.237594827980118,0,0,1,"RP11-502H18.2","GSE214411","Myeloid",TRUE
1,-0.237594827980118,0,0,1,"RP11-15I11.2","GSE214411","Myeloid",TRUE
1,-0.237594827980118,0,0,1,"LINC00582","GSE214411","Myeloid",TRUE
1,-0.237594827980118,0,0,1,"NTSR2","GSE214411","Myeloid",TRUE
1,-0.237594827980118,0,0,1,"IGKV3-11","GSE214411","Myeloid",TRUE
1,-0.237594827980118,0,0,1,"IGKV3-15","GSE214411","Myeloid",TRUE
1,-0.237594827980118,0,0,1,"IGKV1-16","GSE214411","Myeloid",TRUE
1,-0.237594827980118,0,0,1,"IGKV1D-33","GSE214411","Myeloid",TRUE
1,-0.237594827980118,0,0,1,"IGKV2D-28","GSE214411","Myeloid",TRUE
1,-0.237594827980118,0,0,1,"IGKV2D-26","GSE214411","Myeloid",TRUE
1,-0.237594827980118,0,0,1,"RP11-570L15.2","GSE214411","Myeloid",TRUE
1,-0.237594827980118,0,0,1,"EVX2","GSE214411","Myeloid",TRUE
1,-0.237594827980118,0,0,1,"AC012499.1","GSE214411","Myeloid",TRUE
1,-0.237594827980118,0,0,1,"AC064834.1","GSE214411","Myeloid",TRUE
1,-0.237594827980118,0,0,1,"IQCA1-AS1","GSE214411","Myeloid",TRUE
1,-0.237594827980118,0,0,1,"LINC00620","GSE214411","Myeloid",TRUE
1,-0.237594827980118,0,0,1,"CTD-2021J15.1","GSE214411","Myeloid",TRUE
1,-0.237594827980118,0,0,1,"CFAP44-AS1","GSE214411","Myeloid",TRUE
1,-0.237594827980118,0,0,1,"COL6A5","GSE214411","Myeloid",TRUE
1,-0.237594827980118,0,0,1,"IQCJ","GSE214411","Myeloid",TRUE
1,-0.237594827980118,0,0,1,"RP11-368I23.3","GSE214411","Myeloid",TRUE
1,-0.237594827980118,0,0,1,"IL21-AS1","GSE214411","Myeloid",TRUE
1,-0.237594827980118,0,0,1,"RP11-768B22.2","GSE214411","Myeloid",TRUE
1,-0.237594827980118,0,0,1,"CTD-2297D10.2","GSE214411","Myeloid",TRUE
1,-0.237594827980118,0,0,1,"CTD-2023N9.1","GSE214411","Myeloid",TRUE
1,-0.237594827980118,0,0,1,"CTC-235G5.3","GSE214411","Myeloid",TRUE
1,-0.237594827980118,0,0,1,"LINC01338","GSE214411","Myeloid",TRUE
1,-0.237594827980118,0,0,1,"RP11-78C3.1","GSE214411","Myeloid",TRUE
1,-0.237594827980118,0,0,1,"CTB-118N6.2","GSE214411","Myeloid",TRUE
1,-0.237594827980118,0,0,1,"RP11-461L18.1","GSE214411","Myeloid",TRUE
1,-0.237594827980118,0,0,1,"CTB-33O18.1","GSE214411","Myeloid",TRUE
1,-0.237594827980118,0,0,1,"LINC01485","GSE214411","Myeloid",TRUE
1,-0.237594827980118,0,0,1,"RP1-20B11.2","GSE214411","Myeloid",TRUE
1,-0.237594827980118,0,0,1,"RP1-71H19.2","GSE214411","Myeloid",TRUE
1,-0.237594827980118,0,0,1,"RP3-495K2.2","GSE214411","Myeloid",TRUE
1,-0.237594827980118,0,0,1,"AC074389.6","GSE214411","Myeloid",TRUE
1,-0.237594827980118,0,0,1,"RP4-777O23.2","GSE214411","Myeloid",TRUE
1,-0.237594827980118,0,0,1,"TRGVA","GSE214411","Myeloid",TRUE
1,-0.237594827980118,0,0,1,"RP5-1121E10.2","GSE214411","Myeloid",TRUE
1,-0.237594827980118,0,0,1,"MNX1-AS1","GSE214411","Myeloid",TRUE
1,-0.237594827980118,0,0,1,"TEX13D","GSE214411","Myeloid",TRUE
1,-0.237594827980118,0,0,1,"RP3-473B4.3","GSE214411","Myeloid",TRUE
1,-0.237594827980118,0,0,1,"TMEM257","GSE214411","Myeloid",TRUE
1,-0.237594827980118,0,0,1,"SGCZ","GSE214411","Myeloid",TRUE
1,-0.237594827980118,0,0,1,"RP11-89M20.2","GSE214411","Myeloid",TRUE
1,-0.237594827980118,0,0,1,"RP11-17A4.3","GSE214411","Myeloid",TRUE
1,-0.237594827980118,0,0,1,"CTD-2339F6.1","GSE214411","Myeloid",TRUE
1,-0.237594827980118,0,0,1,"RP11-1112C15.2","GSE214411","Myeloid",TRUE
1,-0.237594827980118,0,0,1,"RP11-142A23.1","GSE214411","Myeloid",TRUE
1,-0.237594827980118,0,0,1,"AL365202.1","GSE214411","Myeloid",TRUE
1,-0.237594827980118,0,0,1,"INSL4","GSE214411","Myeloid",TRUE
1,-0.237594827980118,0,0,1,"RP11-160N1.10","GSE214411","Myeloid",TRUE
1,-0.237594827980118,0,0,1,"NUTM2F","GSE214411","Myeloid",TRUE
1,-0.237594827980118,0,0,1,"RP11-885N19.6","GSE214411","Myeloid",TRUE
1,-0.237594827980118,0,0,1,"MRPL23-AS1","GSE214411","Myeloid",TRUE
1,-0.237594827980118,0,0,1,"MS4A12","GSE214411","Myeloid",TRUE
1,-0.237594827980118,0,0,1,"RP11-672A2.5","GSE214411","Myeloid",TRUE
1,-0.237594827980118,0,0,1,"AP001189.4","GSE214411","Myeloid",TRUE
1,-0.237594827980118,0,0,1,"DDI1","GSE214411","Myeloid",TRUE
1,-0.237594827980118,0,0,1,"PATE1","GSE214411","Myeloid",TRUE
1,-0.237594827980118,0,0,1,"RP11-118B22.4","GSE214411","Myeloid",TRUE
1,-0.237594827980118,0,0,1,"RP11-946L16.1","GSE214411","Myeloid",TRUE
1,-0.237594827980118,0,0,1,"RP11-547C5.1","GSE214411","Myeloid",TRUE
1,-0.237594827980118,0,0,1,"RP11-118A3.1","GSE214411","Myeloid",TRUE
1,-0.237594827980118,0,0,1,"KRT71","GSE214411","Myeloid",TRUE
1,-0.237594827980118,0,0,1,"GPR182","GSE214411","Myeloid",TRUE
1,-0.237594827980118,0,0,1,"RP11-542B15.1","GSE214411","Myeloid",TRUE
1,-0.237594827980118,0,0,1,"RP11-114F10.2","GSE214411","Myeloid",TRUE
1,-0.237594827980118,0,0,1,"RP11-116D17.5","GSE214411","Myeloid",TRUE
1,-0.237594827980118,0,0,1,"TESC-AS1","GSE214411","Myeloid",TRUE
1,-0.237594827980118,0,0,1,"RP11-495K9.5","GSE214411","Myeloid",TRUE
1,-0.237594827980118,0,0,1,"RNASE8","GSE214411","Myeloid",TRUE
1,-0.237594827980118,0,0,1,"RP11-412H8.2","GSE214411","Myeloid",TRUE
1,-0.237594827980118,0,0,1,"CTD-2384A14.1","GSE214411","Myeloid",TRUE
1,-0.237594827980118,0,0,1,"RP11-363J20.2","GSE214411","Myeloid",TRUE
1,-0.237594827980118,0,0,1,"CTD-2207P18.1","GSE214411","Myeloid",TRUE
1,-0.237594827980118,0,0,1,"RP11-33N16.2","GSE214411","Myeloid",TRUE
1,-0.237594827980118,0,0,1,"RP11-164H13.1","GSE214411","Myeloid",TRUE
1,-0.237594827980118,0,0,1,"RP11-185P18.2","GSE214411","Myeloid",TRUE
1,-0.237594827980118,0,0,1,"IGHV3-21","GSE214411","Myeloid",TRUE
1,-0.237594827980118,0,0,1,"IGHV1-24","GSE214411","Myeloid",TRUE
1,-0.237594827980118,0,0,1,"IGHV3-33","GSE214411","Myeloid",TRUE
1,-0.237594827980118,0,0,1,"IGHV3-66","GSE214411","Myeloid",TRUE
1,-0.237594827980118,0,0,1,"IGHV1-69","GSE214411","Myeloid",TRUE
1,-0.237594827980118,0,0,1,"IGHV1-69-2","GSE214411","Myeloid",TRUE
1,-0.237594827980118,0,0,1,"SALRNA3","GSE214411","Myeloid",TRUE
1,-0.237594827980118,0,0,1,"RP11-499F3.1","GSE214411","Myeloid",TRUE
1,-0.237594827980118,0,0,1,"RP11-692C24.2","GSE214411","Myeloid",TRUE
1,-0.237594827980118,0,0,1,"AC005606.14","GSE214411","Myeloid",TRUE
1,-0.237594827980118,0,0,1,"RP11-189E14.4","GSE214411","Myeloid",TRUE
1,-0.237594827980118,0,0,1,"AC009166.5","GSE214411","Myeloid",TRUE
1,-0.237594827980118,0,0,1,"CTD-2050B12.1","GSE214411","Myeloid",TRUE
1,-0.237594827980118,0,0,1,"RP11-351A20.1","GSE214411","Myeloid",TRUE
1,-0.237594827980118,0,0,1,"RP11-568J23.4","GSE214411","Myeloid",TRUE
1,-0.237594827980118,0,0,1,"CTB-58E17.2","GSE214411","Myeloid",TRUE
1,-0.237594827980118,0,0,1,"AC015933.2","GSE214411","Myeloid",TRUE
1,-0.237594827980118,0,0,1,"RP11-638L3.3","GSE214411","Myeloid",TRUE
1,-0.237594827980118,0,0,1,"RP5-1103G7.10","GSE214411","Myeloid",TRUE
1,-0.237594827980118,0,0,1,"LRRN4","GSE214411","Myeloid",TRUE
1,-0.237594827980118,0,0,1,"ISM1-AS1","GSE214411","Myeloid",TRUE
1,-0.237594827980118,0,0,1,"RP4-753D10.5","GSE214411","Myeloid",TRUE
1,-0.237594827980118,0,0,1,"RP11-112L6.2","GSE214411","Myeloid",TRUE
1,-0.237594827980118,0,0,1,"RP13-379L11.4","GSE214411","Myeloid",TRUE
1,-0.237594827980118,0,0,1,"OR7G2","GSE214411","Myeloid",TRUE
1,-0.237594827980118,0,0,1,"AC005616.2","GSE214411","Myeloid",TRUE
1,-0.237594827980118,0,0,1,"CEACAM7","GSE214411","Myeloid",TRUE
1,-0.237594827980118,0,0,1,"CEACAM5","GSE214411","Myeloid",TRUE
1,-0.237594827980118,0,0,1,"PSG6","GSE214411","Myeloid",TRUE
1,-0.237594827980118,0,0,1,"ACPT","GSE214411","Myeloid",TRUE
1,-0.237594827980118,0,0,1,"CTD-2525I3.5","GSE214411","Myeloid",TRUE
1,-0.237594827980118,0,0,1,"CTD-2587H24.5","GSE214411","Myeloid",TRUE
1,-0.237594827980118,0,0,1,"USP41","GSE214411","Myeloid",TRUE
1,-0.237594827980118,0,0,1,"IGLV1-47","GSE214411","Myeloid",TRUE
1,-0.237594827980118,0,0,1,"IGLV1-44","GSE214411","Myeloid",TRUE
1,-0.237594827980118,0,0,1,"IGLV3-25","GSE214411","Myeloid",TRUE
1,-0.237594827980118,0,0,1,"IGLV3-21","GSE214411","Myeloid",TRUE
1,-0.237594827980118,0,0,1,"IGLV2-11","GSE214411","Myeloid",TRUE
1,-0.237594827980118,0,0,1,"IGLV2-8","GSE214411","Myeloid",TRUE
1,-0.237594827980118,0,0,1,"APOL5","GSE214411","Myeloid",TRUE
1,-0.237594827980118,0,0,1,"AP000998.2","GSE214411","Myeloid",TRUE
1,-0.237594827980118,0,0,1,"AF064858.11","GSE214411","Myeloid",TRUE
1,-0.237594827980118,0,0,1,"RP11-288L9.4","GSE214411","Myeloid",TRUE
1,-0.237594827980118,0,0,1,"TEDDM1","GSE214411","Myeloid",TRUE
1,-0.237594827980118,0,0,1,"LINC01351","GSE214411","Myeloid",TRUE
1,-0.237594827980118,0,0,1,"RP4-553F17.1","GSE214411","Myeloid",TRUE
1,-0.237594827980118,0,0,1,"TRIM67","GSE214411","Myeloid",TRUE
1,-0.237594827980118,0,0,1,"OR2L8","GSE214411","Myeloid",TRUE
1,-0.237594827980118,0,0,1,"AC012370.3","GSE214411","Myeloid",TRUE
1,-0.237594827980118,0,0,1,"AC012363.13","GSE214411","Myeloid",TRUE
1,-0.237594827980118,0,0,1,"PRKAG3","GSE214411","Myeloid",TRUE
1,-0.237594827980118,0,0,1,"CCDC140","GSE214411","Myeloid",TRUE
1,-0.237594827980118,0,0,1,"RP11-785G17.1","GSE214411","Myeloid",TRUE
1,-0.237594827980118,0,0,1,"RP11-319G6.3","GSE214411","Myeloid",TRUE
1,-0.237594827980118,0,0,1,"RP11-691G17.1","GSE214411","Myeloid",TRUE
1,-0.237594827980118,0,0,1,"OSTN","GSE214411","Myeloid",TRUE
1,-0.237594827980118,0,0,1,"LINC00682","GSE214411","Myeloid",TRUE
1,-0.237594827980118,0,0,1,"RP11-525J21.1","GSE214411","Myeloid",TRUE
1,-0.237594827980118,0,0,1,"TECRL","GSE214411","Myeloid",TRUE
1,-0.237594827980118,0,0,1,"CSN2","GSE214411","Myeloid",TRUE
1,-0.237594827980118,0,0,1,"SNCA-AS1","GSE214411","Myeloid",TRUE
1,-0.237594827980118,0,0,1,"ATOH1","GSE214411","Myeloid",TRUE
1,-0.237594827980118,0,0,1,"RP11-119H12.6","GSE214411","Myeloid",TRUE
1,-0.237594827980118,0,0,1,"CTD-2587M23.1","GSE214411","Myeloid",TRUE
1,-0.237594827980118,0,0,1,"CTC-471C19.1","GSE214411","Myeloid",TRUE
1,-0.237594827980118,0,0,1,"DDX4","GSE214411","Myeloid",TRUE
1,-0.237594827980118,0,0,1,"C5orf66-AS1","GSE214411","Myeloid",TRUE
1,-0.237594827980118,0,0,1,"CH17-140K24.3","GSE214411","Myeloid",TRUE
1,-0.237594827980118,0,0,1,"GABRA1","GSE214411","Myeloid",TRUE
1,-0.237594827980118,0,0,1,"RP3-425P12.5","GSE214411","Myeloid",TRUE
1,-0.237594827980118,0,0,1,"RP3-468B3.2","GSE214411","Myeloid",TRUE
1,-0.237594827980118,0,0,1,"TDRG1","GSE214411","Myeloid",TRUE
1,-0.237594827980118,0,0,1,"OPN5","GSE214411","Myeloid",TRUE
1,-0.237594827980118,0,0,1,"RP11-436D23.1","GSE214411","Myeloid",TRUE
1,-0.237594827980118,0,0,1,"RPS6KA2-AS1","GSE214411","Myeloid",TRUE
1,-0.237594827980118,0,0,1,"RP11-351J23.2","GSE214411","Myeloid",TRUE
1,-0.237594827980118,0,0,1,"AC003984.1","GSE214411","Myeloid",TRUE
1,-0.237594827980118,0,0,1,"AC073842.19","GSE214411","Myeloid",TRUE
1,-0.237594827980118,0,0,1,"SLC13A1","GSE214411","Myeloid",TRUE
1,-0.237594827980118,0,0,1,"FLJ40288","GSE214411","Myeloid",TRUE
1,-0.237594827980118,0,0,1,"RP11-148K1.10","GSE214411","Myeloid",TRUE
1,-0.237594827980118,0,0,1,"OTC","GSE214411","Myeloid",TRUE
1,-0.237594827980118,0,0,1,"RP11-342D14.1","GSE214411","Myeloid",TRUE
1,-0.237594827980118,0,0,1,"RP11-557C18.3","GSE214411","Myeloid",TRUE
1,-0.237594827980118,0,0,1,"RP11-384P7.5","GSE214411","Myeloid",TRUE
1,-0.237594827980118,0,0,1,"RP11-613M10.6","GSE214411","Myeloid",TRUE
1,-0.237594827980118,0,0,1,"RP11-203L2.4","GSE214411","Myeloid",TRUE
1,-0.237594827980118,0,0,1,"FBP2","GSE214411","Myeloid",TRUE
1,-0.237594827980118,0,0,1,"TMEM246-AS1","GSE214411","Myeloid",TRUE
1,-0.237594827980118,0,0,1,"CYLC2","GSE214411","Myeloid",TRUE
1,-0.237594827980118,0,0,1,"LMX1B","GSE214411","Myeloid",TRUE
1,-0.237594827980118,0,0,1,"OTOG","GSE214411","Myeloid",TRUE
1,-0.237594827980118,0,0,1,"TMX2-CTNND1","GSE214411","Myeloid",TRUE
1,-0.237594827980118,0,0,1,"SLC22A25","GSE214411","Myeloid",TRUE
1,-0.237594827980118,0,0,1,"RP11-867O8.5","GSE214411","Myeloid",TRUE
1,-0.237594827980118,0,0,1,"RP11-334E6.10","GSE214411","Myeloid",TRUE
1,-0.237594827980118,0,0,1,"LINC01395","GSE214411","Myeloid",TRUE
1,-0.237594827980118,0,0,1,"RP11-69C17.3","GSE214411","Myeloid",TRUE
1,-0.237594827980118,0,0,1,"RP11-34C15.2","GSE214411","Myeloid",TRUE
1,-0.237594827980118,0,0,1,"AKR1C4","GSE214411","Myeloid",TRUE
1,-0.237594827980118,0,0,1,"RP11-138I18.2","GSE214411","Myeloid",TRUE
1,-0.237594827980118,0,0,1,"GPR158-AS1","GSE214411","Myeloid",TRUE
1,-0.237594827980118,0,0,1,"RP11-490O24.2","GSE214411","Myeloid",TRUE
1,-0.237594827980118,0,0,1,"DNTT","GSE214411","Myeloid",TRUE
1,-0.237594827980118,0,0,1,"RP11-313F23.4","GSE214411","Myeloid",TRUE
1,-0.237594827980118,0,0,1,"LHX5","GSE214411","Myeloid",TRUE
1,-0.237594827980118,0,0,1,"RP11-983C2.2","GSE214411","Myeloid",TRUE
1,-0.237594827980118,0,0,1,"RP13-507P19.2","GSE214411","Myeloid",TRUE
1,-0.237594827980118,0,0,1,"RP13-820C6.2","GSE214411","Myeloid",TRUE
1,-0.237594827980118,0,0,1,"RP11-385E5.5","GSE214411","Myeloid",TRUE
1,-0.237594827980118,0,0,1,"LINC00547","GSE214411","Myeloid",TRUE
1,-0.237594827980118,0,0,1,"LINC00353","GSE214411","Myeloid",TRUE
1,-0.237594827980118,0,0,1,"SFTA3","GSE214411","Myeloid",TRUE
1,-0.237594827980118,0,0,1,"LINC00648","GSE214411","Myeloid",TRUE
1,-0.237594827980118,0,0,1,"RP11-526N18.1","GSE214411","Myeloid",TRUE
1,-0.237594827980118,0,0,1,"IGHV3-15","GSE214411","Myeloid",TRUE
1,-0.237594827980118,0,0,1,"RP11-580I1.1","GSE214411","Myeloid",TRUE
1,-0.237594827980118,0,0,1,"RP11-616K22.2","GSE214411","Myeloid",TRUE
1,-0.237594827980118,0,0,1,"SLC12A1","GSE214411","Myeloid",TRUE
1,-0.237594827980118,0,0,1,"RP11-390D11.1","GSE214411","Myeloid",TRUE
1,-0.237594827980118,0,0,1,"LINC00927","GSE214411","Myeloid",TRUE
1,-0.237594827980118,0,0,1,"AGBL1","GSE214411","Myeloid",TRUE
1,-0.237594827980118,0,0,1,"RP11-326A19.4","GSE214411","Myeloid",TRUE
1,-0.237594827980118,0,0,1,"RP11-692C24.1","GSE214411","Myeloid",TRUE
1,-0.237594827980118,0,0,1,"CTD-2313J17.7","GSE214411","Myeloid",TRUE
1,-0.237594827980118,0,0,1,"U95743.1","GSE214411","Myeloid",TRUE
1,-0.237594827980118,0,0,1,"CTD-2313J23.1","GSE214411","Myeloid",TRUE
1,-0.237594827980118,0,0,1,"TP53TG3","GSE214411","Myeloid",TRUE
1,-0.237594827980118,0,0,1,"RP11-1437A8.4","GSE214411","Myeloid",TRUE
1,-0.237594827980118,0,0,1,"RP11-744D14.2","GSE214411","Myeloid",TRUE
1,-0.237594827980118,0,0,1,"LINC01568","GSE214411","Myeloid",TRUE
1,-0.237594827980118,0,0,1,"KCNG4","GSE214411","Myeloid",TRUE
1,-0.237594827980118,0,0,1,"RP11-805I24.3","GSE214411","Myeloid",TRUE
1,-0.237594827980118,0,0,1,"RP11-314A20.5","GSE214411","Myeloid",TRUE
1,-0.237594827980118,0,0,1,"RP11-1113L8.1","GSE214411","Myeloid",TRUE
1,-0.237594827980118,0,0,1,"RP11-344E13.4","GSE214411","Myeloid",TRUE
1,-0.237594827980118,0,0,1,"RP11-856M7.1","GSE214411","Myeloid",TRUE
1,-0.237594827980118,0,0,1,"CDH19","GSE214411","Myeloid",TRUE
1,-0.237594827980118,0,0,1,"RAD21L1","GSE214411","Myeloid",TRUE
1,-0.237594827980118,0,0,1,"TGIF2-C20orf24","GSE214411","Myeloid",TRUE
1,-0.237594827980118,0,0,1,"RP5-837G17.1","GSE214411","Myeloid",TRUE
1,-0.237594827980118,0,0,1,"LLNLR-307A6.1","GSE214411","Myeloid",TRUE
1,-0.237594827980118,0,0,1,"ZNRF4","GSE214411","Myeloid",TRUE
1,-0.237594827980118,0,0,1,"LINC00906","GSE214411","Myeloid",TRUE
1,-0.237594827980118,0,0,1,"AC011525.4","GSE214411","Myeloid",TRUE
1,-0.237594827980118,0,0,1,"LINC01533","GSE214411","Myeloid",TRUE
1,-0.237594827980118,0,0,1,"SULT2A1","GSE214411","Myeloid",TRUE
1,-0.237594827980118,0,0,1,"CTA-992D9.10","GSE214411","Myeloid",TRUE
1,-0.237594827980118,0,0,1,"RP1-101G11.3","GSE214411","Myeloid",TRUE
1,-0.237594827980118,0,0,1,"TTLL8","GSE214411","Myeloid",TRUE
1,-0.237594827980118,0,0,1,"PAX7","GSE214411","Myeloid",TRUE
1,-0.237594827980118,0,0,1,"RP11-109P14.9","GSE214411","Myeloid",TRUE
1,-0.237594827980118,0,0,1,"RP11-141A19.1","GSE214411","Myeloid",TRUE
1,-0.237594827980118,0,0,1,"AMY2A","GSE214411","Myeloid",TRUE
1,-0.237594827980118,0,0,1,"AMY1B","GSE214411","Myeloid",TRUE
1,-0.237594827980118,0,0,1,"IGKV1OR1-1","GSE214411","Myeloid",TRUE
1,-0.237594827980118,0,0,1,"THEM5","GSE214411","Myeloid",TRUE
1,-0.237594827980118,0,0,1,"RP11-496N12.9","GSE214411","Myeloid",TRUE
1,-0.237594827980118,0,0,1,"RP11-83A16.1","GSE214411","Myeloid",TRUE
1,-0.237594827980118,0,0,1,"LINC00487","GSE214411","Myeloid",TRUE
1,-0.237594827980118,0,0,1,"AC105398.3","GSE214411","Myeloid",TRUE
1,-0.237594827980118,0,0,1,"AC007365.1","GSE214411","Myeloid",TRUE
1,-0.237594827980118,0,0,1,"CNGA3","GSE214411","Myeloid",TRUE
1,-0.237594827980118,0,0,1,"AC016745.3","GSE214411","Myeloid",TRUE
1,-0.237594827980118,0,0,1,"AC079988.3","GSE214411","Myeloid",TRUE
1,-0.237594827980118,0,0,1,"AC007405.8","GSE214411","Myeloid",TRUE
1,-0.237594827980118,0,0,1,"AC096574.5","GSE214411","Myeloid",TRUE
1,-0.237594827980118,0,0,1,"CNTN4-AS1","GSE214411","Myeloid",TRUE
1,-0.237594827980118,0,0,1,"TREX1","GSE214411","Myeloid",TRUE
1,-0.237594827980118,0,0,1,"RP11-501O2.5","GSE214411","Myeloid",TRUE
1,-0.237594827980118,0,0,1,"PLCH1-AS1","GSE214411","Myeloid",TRUE
1,-0.237594827980118,0,0,1,"SPATA16","GSE214411","Myeloid",TRUE
1,-0.237594827980118,0,0,1,"RP11-528A4.2","GSE214411","Myeloid",TRUE
1,-0.237594827980118,0,0,1,"RP11-774O3.1","GSE214411","Myeloid",TRUE
1,-0.237594827980118,0,0,1,"RP13-497K6.1","GSE214411","Myeloid",TRUE
1,-0.237594827980118,0,0,1,"DSPP","GSE214411","Myeloid",TRUE
1,-0.237594827980118,0,0,1,"ADH1A","GSE214411","Myeloid",TRUE
1,-0.237594827980118,0,0,1,"RP11-710F7.2","GSE214411","Myeloid",TRUE
1,-0.237594827980118,0,0,1,"RP11-76G10.1","GSE214411","Myeloid",TRUE
1,-0.237594827980118,0,0,1,"CTD-2081C10.1","GSE214411","Myeloid",TRUE
1,-0.237594827980118,0,0,1,"CTC-347C20.1","GSE214411","Myeloid",TRUE
1,-0.237594827980118,0,0,1,"RP11-428C6.2","GSE214411","Myeloid",TRUE
1,-0.237594827980118,0,0,1,"SLCO6A1","GSE214411","Myeloid",TRUE
1,-0.237594827980118,0,0,1,"RP11-508M8.1","GSE214411","Myeloid",TRUE
1,-0.237594827980118,0,0,1,"TEX43","GSE214411","Myeloid",TRUE
1,-0.237594827980118,0,0,1,"RP11-215P8.4","GSE214411","Myeloid",TRUE
1,-0.237594827980118,0,0,1,"C5orf66-AS2","GSE214411","Myeloid",TRUE
1,-0.237594827980118,0,0,1,"CTC-436K13.5","GSE214411","Myeloid",TRUE
1,-0.237594827980118,0,0,1,"LINC01187","GSE214411","Myeloid",TRUE
1,-0.237594827980118,0,0,1,"RP3-416J7.4","GSE214411","Myeloid",TRUE
1,-0.237594827980118,0,0,1,"RP3-425P12.1","GSE214411","Myeloid",TRUE
1,-0.237594827980118,0,0,1,"SLC17A4","GSE214411","Myeloid",TRUE
1,-0.237594827980118,0,0,1,"SPATS1","GSE214411","Myeloid",TRUE
1,-0.237594827980118,0,0,1,"RP1-121G13.2","GSE214411","Myeloid",TRUE
1,-0.237594827980118,0,0,1,"OSTM1-AS1","GSE214411","Myeloid",TRUE
1,-0.237594827980118,0,0,1,"AC147651.5","GSE214411","Myeloid",TRUE
1,-0.237594827980118,0,0,1,"AC004906.3","GSE214411","Myeloid",TRUE
1,-0.237594827980118,0,0,1,"AC005013.5","GSE214411","Myeloid",TRUE
1,-0.237594827980118,0,0,1,"RP11-514P8.7","GSE214411","Myeloid",TRUE
1,-0.237594827980118,0,0,1,"AC003088.1","GSE214411","Myeloid",TRUE
1,-0.237594827980118,0,0,1,"AC009264.1","GSE214411","Myeloid",TRUE
1,-0.237594827980118,0,0,1,"MAGEB17","GSE214411","Myeloid",TRUE
1,-0.237594827980118,0,0,1,"RP11-87M18.2","GSE214411","Myeloid",TRUE
1,-0.237594827980118,0,0,1,"AF196970.3","GSE214411","Myeloid",TRUE
1,-0.237594827980118,0,0,1,"AKAP4","GSE214411","Myeloid",TRUE
1,-0.237594827980118,0,0,1,"XAGE2","GSE214411","Myeloid",TRUE
1,-0.237594827980118,0,0,1,"MTRNR2L10","GSE214411","Myeloid",TRUE
1,-0.237594827980118,0,0,1,"XACT","GSE214411","Myeloid",TRUE
1,-0.237594827980118,0,0,1,"LINC00850","GSE214411","Myeloid",TRUE
1,-0.237594827980118,0,0,1,"CSAG1","GSE214411","Myeloid",TRUE
1,-0.237594827980118,0,0,1,"AC133633.1","GSE214411","Myeloid",TRUE
1,-0.237594827980118,0,0,1,"ADAM18","GSE214411","Myeloid",TRUE
1,-0.237594827980118,0,0,1,"LINC01592","GSE214411","Myeloid",TRUE
1,-0.237594827980118,0,0,1,"KB-1448A5.1","GSE214411","Myeloid",TRUE
1,-0.237594827980118,0,0,1,"KB-1107E3.1","GSE214411","Myeloid",TRUE
1,-0.237594827980118,0,0,1,"ODF1","GSE214411","Myeloid",TRUE
1,-0.237594827980118,0,0,1,"LINC00536","GSE214411","Myeloid",TRUE
1,-0.237594827980118,0,0,1,"RP11-706C16.7","GSE214411","Myeloid",TRUE
1,-0.237594827980118,0,0,1,"RP11-296L22.8","GSE214411","Myeloid",TRUE
1,-0.237594827980118,0,0,1,"RP11-470P21.2","GSE214411","Myeloid",TRUE
1,-0.237594827980118,0,0,1,"C9orf57","GSE214411","Myeloid",TRUE
1,-0.237594827980118,0,0,1,"RP11-575L7.2","GSE214411","Myeloid",TRUE
1,-0.237594827980118,0,0,1,"RP11-367F23.1","GSE214411","Myeloid",TRUE
1,-0.237594827980118,0,0,1,"RP11-274J16.5","GSE214411","Myeloid",TRUE
1,-0.237594827980118,0,0,1,"OR2K2","GSE214411","Myeloid",TRUE
1,-0.237594827980118,0,0,1,"RP11-402G3.3","GSE214411","Myeloid",TRUE
1,-0.237594827980118,0,0,1,"BARHL1","GSE214411","Myeloid",TRUE
1,-0.237594827980118,0,0,1,"OR51L1","GSE214411","Myeloid",TRUE
1,-0.237594827980118,0,0,1,"PGA4","GSE214411","Myeloid",TRUE
1,-0.237594827980118,0,0,1,"KRTAP5-11","GSE214411","Myeloid",TRUE
1,-0.237594827980118,0,0,1,"RP11-535A19.1","GSE214411","Myeloid",TRUE
1,-0.237594827980118,0,0,1,"RP11-672A2.4","GSE214411","Myeloid",TRUE
1,-0.237594827980118,0,0,1,"RP11-680H20.2","GSE214411","Myeloid",TRUE
1,-0.237594827980118,0,0,1,"RP11-35P15.1","GSE214411","Myeloid",TRUE
1,-0.237594827980118,0,0,1,"RP11-334E6.3","GSE214411","Myeloid",TRUE
1,-0.237594827980118,0,0,1,"RP11-214D15.2","GSE214411","Myeloid",TRUE
1,-0.237594827980118,0,0,1,"RP11-397C18.2","GSE214411","Myeloid",TRUE
1,-0.237594827980118,0,0,1,"LINC00614","GSE214411","Myeloid",TRUE
1,-0.237594827980118,0,0,1,"RP11-478H13.1","GSE214411","Myeloid",TRUE
1,-0.237594827980118,0,0,1,"RP11-253D19.2","GSE214411","Myeloid",TRUE
1,-0.237594827980118,0,0,1,"RP11-144G16.1","GSE214411","Myeloid",TRUE
1,-0.237594827980118,0,0,1,"RP11-242G20.1","GSE214411","Myeloid",TRUE
1,-0.237594827980118,0,0,1,"SLC16A12-AS1","GSE214411","Myeloid",TRUE
1,-0.237594827980118,0,0,1,"RP11-411B6.6","GSE214411","Myeloid",TRUE
1,-0.237594827980118,0,0,1,"RP11-313D6.3","GSE214411","Myeloid",TRUE
1,-0.237594827980118,0,0,1,"RP11-1038A11.3","GSE214411","Myeloid",TRUE
1,-0.237594827980118,0,0,1,"RP11-277P12.10","GSE214411","Myeloid",TRUE
1,-0.237594827980118,0,0,1,"RP11-268P4.5","GSE214411","Myeloid",TRUE
1,-0.237594827980118,0,0,1,"RP11-603J24.6","GSE214411","Myeloid",TRUE
1,-0.237594827980118,0,0,1,"AC025165.8","GSE214411","Myeloid",TRUE
1,-0.237594827980118,0,0,1,"RP11-571M6.15","GSE214411","Myeloid",TRUE
1,-0.237594827980118,0,0,1,"RP11-196H14.4","GSE214411","Myeloid",TRUE
1,-0.237594827980118,0,0,1,"RP11-754N21.1","GSE214411","Myeloid",TRUE
1,-0.237594827980118,0,0,1,"RP11-263K4.5","GSE214411","Myeloid",TRUE
1,-0.237594827980118,0,0,1,"RP11-728G15.1","GSE214411","Myeloid",TRUE
1,-0.237594827980118,0,0,1,"LINC00364","GSE214411","Myeloid",TRUE
1,-0.237594827980118,0,0,1,"KLHL1","GSE214411","Myeloid",TRUE
1,-0.237594827980118,0,0,1,"RP11-65L19.4","GSE214411","Myeloid",TRUE
1,-0.237594827980118,0,0,1,"TRAV26-2","GSE214411","Myeloid",TRUE
1,-0.237594827980118,0,0,1,"CPNE6","GSE214411","Myeloid",TRUE
1,-0.237594827980118,0,0,1,"RP11-104E19.1","GSE214411","Myeloid",TRUE
1,-0.237594827980118,0,0,1,"RP11-81F13.2","GSE214411","Myeloid",TRUE
1,-0.237594827980118,0,0,1,"RP11-486O13.4","GSE214411","Myeloid",TRUE
1,-0.237594827980118,0,0,1,"RP6-114E22.1","GSE214411","Myeloid",TRUE
1,-0.237594827980118,0,0,1,"RP11-725G5.2","GSE214411","Myeloid",TRUE
1,-0.237594827980118,0,0,1,"GOLGA6L22","GSE214411","Myeloid",TRUE
1,-0.237594827980118,0,0,1,"RP11-1084I9.1","GSE214411","Myeloid",TRUE
1,-0.237594827980118,0,0,1,"RP11-475A13.2","GSE214411","Myeloid",TRUE
1,-0.237594827980118,0,0,1,"RP11-485O10.2","GSE214411","Myeloid",TRUE
1,-0.237594827980118,0,0,1,"LINC01583","GSE214411","Myeloid",TRUE
1,-0.237594827980118,0,0,1,"RP11-20G13.1","GSE214411","Myeloid",TRUE
1,-0.237594827980118,0,0,1,"CTA-363E6.5","GSE214411","Myeloid",TRUE
1,-0.237594827980118,0,0,1,"RP11-989E6.3","GSE214411","Myeloid",TRUE
1,-0.237594827980118,0,0,1,"RP11-521L9.1","GSE214411","Myeloid",TRUE
1,-0.237594827980118,0,0,1,"RP5-1029F21.4","GSE214411","Myeloid",TRUE
1,-0.237594827980118,0,0,1,"CTC-268N12.2","GSE214411","Myeloid",TRUE
1,-0.237594827980118,0,0,1,"KRTAP3-3","GSE214411","Myeloid",TRUE
1,-0.237594827980118,0,0,1,"KRT33B","GSE214411","Myeloid",TRUE
1,-0.237594827980118,0,0,1,"RP11-945C19.4","GSE214411","Myeloid",TRUE
1,-0.237594827980118,0,0,1,"LINC01387","GSE214411","Myeloid",TRUE
1,-0.237594827980118,0,0,1,"RP11-881L2.1","GSE214411","Myeloid",TRUE
1,-0.237594827980118,0,0,1,"LINC01254","GSE214411","Myeloid",TRUE
1,-0.237594827980118,0,0,1,"RP11-403A21.3","GSE214411","Myeloid",TRUE
1,-0.237594827980118,0,0,1,"RP11-397A16.1","GSE214411","Myeloid",TRUE
1,-0.237594827980118,0,0,1,"RP11-94B19.5","GSE214411","Myeloid",TRUE
1,-0.237594827980118,0,0,1,"RP11-94B19.7","GSE214411","Myeloid",TRUE
1,-0.237594827980118,0,0,1,"PRNT","GSE214411","Myeloid",TRUE
1,-0.237594827980118,0,0,1,"RP5-1069C8.2","GSE214411","Myeloid",TRUE
1,-0.237594827980118,0,0,1,"CSTL1","GSE214411","Myeloid",TRUE
1,-0.237594827980118,0,0,1,"OCSTAMP","GSE214411","Myeloid",TRUE
1,-0.237594827980118,0,0,1,"RP5-823G15.5","GSE214411","Myeloid",TRUE
1,-0.237594827980118,0,0,1,"CTD-2265O21.7","GSE214411","Myeloid",TRUE
1,-0.237594827980118,0,0,1,"AC092295.4","GSE214411","Myeloid",TRUE
1,-0.237594827980118,0,0,1,"IFNL2","GSE214411","Myeloid",TRUE
1,-0.237594827980118,0,0,1,"CTB-60E11.9","GSE214411","Myeloid",TRUE
1,-0.237594827980118,0,0,1,"NLGN4Y","GSE214411","Myeloid",TRUE
1,-0.237594827980118,0,0,1,"AC004471.9","GSE214411","Myeloid",TRUE
1,-0.237594827980118,0,0,1,"IGLV7-46","GSE214411","Myeloid",TRUE
1,-0.237594827980118,0,0,1,"CTA-342B11.1","GSE214411","Myeloid",TRUE
1,-0.237594827980118,0,0,1,"AP001171.1","GSE214411","Myeloid",TRUE
1,-0.237594827980118,0,0,1,"LINC00113","GSE214411","Myeloid",TRUE
1,-0.237594827980118,0,0,1,"KRTAP7-1","GSE214411","Myeloid",TRUE
1,-0.237594827980118,0,0,1,"TTC3-AS1","GSE214411","Myeloid",TRUE
1,-0.237594827980118,0,0,1,"LINC00322","GSE214411","Myeloid",TRUE
1,-0.237594827980118,0,0,1,"AL356289.1","GSE214411","Myeloid",TRUE
1,-0.237594827980118,0,0,1,"MIR137HG","GSE214411","Myeloid",TRUE
1,-0.237594827980118,0,0,1,"HAO2","GSE214411","Myeloid",TRUE
1,-0.237594827980118,0,0,1,"AC007250.4","GSE214411","Myeloid",TRUE
1,-0.237594827980118,0,0,1,"LANCL1-AS1","GSE214411","Myeloid",TRUE
1,-0.237594827980118,0,0,1,"RP11-617D20.2","GSE214411","Myeloid",TRUE
1,-0.237594827980118,0,0,1,"RP11-685F15.1","GSE214411","Myeloid",TRUE
1,-0.237594827980118,0,0,1,"RP11-775H9.3","GSE214411","Myeloid",TRUE
1,-0.237594827980118,0,0,1,"LINC00500","GSE214411","Myeloid",TRUE
1,-0.237594827980118,0,0,1,"RP11-310P5.1","GSE214411","Myeloid",TRUE
1,-0.237594827980118,0,0,1,"RP11-83M16.6","GSE214411","Myeloid",TRUE
1,-0.237594827980118,0,0,1,"CTC-537E7.1","GSE214411","Myeloid",TRUE
1,-0.237594827980118,0,0,1,"CTB-108O6.2","GSE214411","Myeloid",TRUE
1,-0.237594827980118,0,0,1,"XXbac-BPG258E24.10","GSE214411","Myeloid",TRUE
1,-0.237594827980118,0,0,1,"BTNL2","GSE214411","Myeloid",TRUE
1,-0.237594827980118,0,0,1,"KCNK16","GSE214411","Myeloid",TRUE
1,-0.237594827980118,0,0,1,"RP11-230C9.3","GSE214411","Myeloid",TRUE
1,-0.237594827980118,0,0,1,"AC083864.4","GSE214411","Myeloid",TRUE
1,-0.237594827980118,0,0,1,"AC011738.4","GSE214411","Myeloid",TRUE
1,-0.237594827980118,0,0,1,"C7orf72","GSE214411","Myeloid",TRUE
1,-0.237594827980118,0,0,1,"AC004012.1","GSE214411","Myeloid",TRUE
1,-0.237594827980118,0,0,1,"AC024084.1","GSE214411","Myeloid",TRUE
1,-0.237594827980118,0,0,1,"TRBV12-3","GSE214411","Myeloid",TRUE
1,-0.237594827980118,0,0,1,"RP11-728K20.2","GSE214411","Myeloid",TRUE
1,-0.237594827980118,0,0,1,"RS1","GSE214411","Myeloid",TRUE
1,-0.237594827980118,0,0,1,"HSFX1","GSE214411","Myeloid",TRUE
1,-0.237594827980118,0,0,1,"PRR23D2","GSE214411","Myeloid",TRUE
1,-0.237594827980118,0,0,1,"RP11-930P14.1","GSE214411","Myeloid",TRUE
1,-0.237594827980118,0,0,1,"AB015752.3","GSE214411","Myeloid",TRUE
1,-0.237594827980118,0,0,1,"SOHLH1","GSE214411","Myeloid",TRUE
1,-0.237594827980118,0,0,1,"RP11-702H23.4","GSE214411","Myeloid",TRUE
1,-0.237594827980118,0,0,1,"CTD-2337I7.1","GSE214411","Myeloid",TRUE
1,-0.237594827980118,0,0,1,"RP11-856F16.2","GSE214411","Myeloid",TRUE
1,-0.237594827980118,0,0,1,"RP11-700F16.3","GSE214411","Myeloid",TRUE
1,-0.237594827980118,0,0,1,"RP11-776A13.1","GSE214411","Myeloid",TRUE
1,-0.237594827980118,0,0,1,"RP11-478B9.1","GSE214411","Myeloid",TRUE
1,-0.237594827980118,0,0,1,"RP11-38F22.1","GSE214411","Myeloid",TRUE
1,-0.237594827980118,0,0,1,"RP11-25E2.1","GSE214411","Myeloid",TRUE
1,-0.237594827980118,0,0,1,"LINC00462","GSE214411","Myeloid",TRUE
1,-0.237594827980118,0,0,1,"RP11-552E10.1","GSE214411","Myeloid",TRUE
1,-0.237594827980118,0,0,1,"AC004381.7","GSE214411","Myeloid",TRUE
1,-0.237594827980118,0,0,1,"HS3ST4","GSE214411","Myeloid",TRUE
1,-0.237594827980118,0,0,1,"CTB-31O20.9","GSE214411","Myeloid",TRUE
1,-0.237594827980118,0,0,1,"CH507-210P18.4","GSE214411","Myeloid",TRUE
1,-0.237594827980118,0,0,1,"AC023491.2","GSE214411","Myeloid",TRUE
1,-0.237594827980118,0,0,1,"RP11-5P18.5","GSE214411","Myeloid",TRUE
1,-0.237594827980118,0,0,1,"RP4-665N4.8","GSE214411","Myeloid",TRUE
1,-0.237594827980118,0,0,1,"SETSIP","GSE214411","Myeloid",TRUE
1,-0.237594827980118,0,0,1,"RP11-80B9.4","GSE214411","Myeloid",TRUE
1,-0.237594827980118,0,0,1,"RP1-156L9.1","GSE214411","Myeloid",TRUE
1,-0.237594827980118,0,0,1,"AC107218.3","GSE214411","Myeloid",TRUE
1,-0.237594827980118,0,0,1,"RP11-438J1.1","GSE214411","Myeloid",TRUE
1,-0.237594827980118,0,0,1,"NAALADL2-AS1","GSE214411","Myeloid",TRUE
1,-0.237594827980118,0,0,1,"RP11-446J8.1","GSE214411","Myeloid",TRUE
1,-0.237594827980118,0,0,1,"RP11-332J15.1","GSE214411","Myeloid",TRUE
1,-0.237594827980118,0,0,1,"RP11-184E9.2","GSE214411","Myeloid",TRUE
1,-0.237594827980118,0,0,1,"MROH2B","GSE214411","Myeloid",TRUE
1,-0.237594827980118,0,0,1,"RP11-445L13--B.3","GSE214411","Myeloid",TRUE
1,-0.237594827980118,0,0,1,"RP11-63K6.7","GSE214411","Myeloid",TRUE
1,-0.237594827980118,0,0,1,"AC004160.4","GSE214411","Myeloid",TRUE
1,-0.237594827980118,0,0,1,"AC019117.2","GSE214411","Myeloid",TRUE
1,-0.237594827980118,0,0,1,"LINC01449","GSE214411","Myeloid",TRUE
1,-0.237594827980118,0,0,1,"AC013436.6","GSE214411","Myeloid",TRUE
1,-0.237594827980118,0,0,1,"LZTS1-AS1","GSE214411","Myeloid",TRUE
1,-0.237594827980118,0,0,1,"KB-1460A1.1","GSE214411","Myeloid",TRUE
1,-0.237594827980118,0,0,1,"RP11-238K6.1","GSE214411","Myeloid",TRUE
1,-0.237594827980118,0,0,1,"PRKACG","GSE214411","Myeloid",TRUE
1,-0.237594827980118,0,0,1,"RP11-498P14.3","GSE214411","Myeloid",TRUE
1,-0.237594827980118,0,0,1,"LINC01219","GSE214411","Myeloid",TRUE
1,-0.237594827980118,0,0,1,"RP11-554A11.8","GSE214411","Myeloid",TRUE
1,-0.237594827980118,0,0,1,"NXPE4","GSE214411","Myeloid",TRUE
1,-0.237594827980118,0,0,1,"AP006216.5","GSE214411","Myeloid",TRUE
1,-0.237594827980118,0,0,1,"AP000892.4","GSE214411","Myeloid",TRUE
1,-0.237594827980118,0,0,1,"RP11-445N18.5","GSE214411","Myeloid",TRUE
1,-0.237594827980118,0,0,1,"RP11-481G8.2","GSE214411","Myeloid",TRUE
1,-0.237594827980118,0,0,1,"RP11-109A6.2","GSE214411","Myeloid",TRUE
1,-0.237594827980118,0,0,1,"LINC01164","GSE214411","Myeloid",TRUE
1,-0.237594827980118,0,0,1,"RP11-473M14.3","GSE214411","Myeloid",TRUE
1,-0.237594827980118,0,0,1,"RP11-114H23.2","GSE214411","Myeloid",TRUE
1,-0.237594827980118,0,0,1,"RP11-144F15.1","GSE214411","Myeloid",TRUE
1,-0.237594827980118,0,0,1,"RP11-33N14.5","GSE214411","Myeloid",TRUE
1,-0.237594827980118,0,0,1,"LINC00407","GSE214411","Myeloid",TRUE
1,-0.237594827980118,0,0,1,"LINC00377","GSE214411","Myeloid",TRUE
1,-0.237594827980118,0,0,1,"RP11-146E13.4","GSE214411","Myeloid",TRUE
1,-0.237594827980118,0,0,1,"AL163953.2","GSE214411","Myeloid",TRUE
1,-0.237594827980118,0,0,1,"RP11-707P17.2","GSE214411","Myeloid",TRUE
1,-0.237594827980118,0,0,1,"RP11-210M15.1","GSE214411","Myeloid",TRUE
1,-0.237594827980118,0,0,1,"RP11-20G6.2","GSE214411","Myeloid",TRUE
1,-0.237594827980118,0,0,1,"CTD-2547G23.2","GSE214411","Myeloid",TRUE
1,-0.237594827980118,0,0,1,"RP11-429P3.5","GSE214411","Myeloid",TRUE
1,-0.237594827980118,0,0,1,"CTB-134F13.1","GSE214411","Myeloid",TRUE
1,-0.237594827980118,0,0,1,"RP11-542C16.1","GSE214411","Myeloid",TRUE
1,-0.237594827980118,0,0,1,"RP11-849F2.4","GSE214411","Myeloid",TRUE
1,-0.237594827980118,0,0,1,"RP11-160E2.17","GSE214411","Myeloid",TRUE
1,-0.237594827980118,0,0,1,"AC015849.12","GSE214411","Myeloid",TRUE
1,-0.237594827980118,0,0,1,"LINC01180","GSE214411","Myeloid",TRUE
1,-0.237594827980118,0,0,1,"RP11-118E18.2","GSE214411","Myeloid",TRUE
1,-0.237594827980118,0,0,1,"RP11-16C1.1","GSE214411","Myeloid",TRUE
1,-0.237594827980118,0,0,1,"RP11-552F3.13","GSE214411","Myeloid",TRUE
1,-0.237594827980118,0,0,1,"NKX2-4","GSE214411","Myeloid",TRUE
1,-0.237594827980118,0,0,1,"RP5-1121H13.4","GSE214411","Myeloid",TRUE
1,-0.237594827980118,0,0,1,"RP4-806M20.5","GSE214411","Myeloid",TRUE
1,-0.237594827980118,0,0,1,"CTD-2189E23.2","GSE214411","Myeloid",TRUE
1,-0.237594827980118,0,0,1,"CTD-2291D10.3","GSE214411","Myeloid",TRUE
1,-0.237594827980118,0,0,1,"AC006272.1","GSE214411","Myeloid",TRUE
